0.99999789 0.00066238 0.00194709 -0.00065393 0.99999038 -0.00433778 -0.00194995 0.00433650 0.99998870
0.99999357 -0.00355651 0.00045334 0.00355671 0.99999357 -0.00045292 -0.00045173 0.00045453 0.99999979
0.99999996 -0.00022198 -0.00014500 0.00022266 0.99998892 0.00470199 0.00014396 -0.00470202 0.99998894
0.99999622 -0.00248691 -0.00117535 0.00249384 0.99997932 0.00592724 0.00116058 -0.00593015 0.99998174
0.99999550 -0.00289712 -0.00078237 0.00289710 0.99999580 -0.00003317 0.00078246 0.00003091 0.99999969
0.99999516 -0.00201035 -0.00237340 0.00200214 0.99999202 -0.00345822 0.00238034 0.00345345 0.99999120
0.99999877 -0.00155092 0.00024518 0.00155200 0.99998877 -0.00447894 -0.00023823 0.00447931 0.99998994
0.99999965 -0.00044873 -0.00070216 0.00044840 0.99999979 -0.00047150 0.00070237 0.00047118 0.99999964
0.99999891 0.00084059 -0.00121525 -0.00083891 0.99999869 0.00138611 0.00121641 -0.00138509 0.99999830
0.99999943 0.00012569 -0.00106098 -0.00012263 0.99999583 0.00288578 0.00106134 -0.00288565 0.99999527
0.99999879 -0.00093815 -0.00124343 0.00094016 0.99999826 0.00161269 0.00124192 -0.00161386 0.99999793
0.99999824 -0.00132411 -0.00132558 0.00132508 0.99999886 0.00073084 0.00132461 -0.00073259 0.99999885
0.99999740 -0.00013348 -0.00227735 0.00013227 0.99999985 -0.00053130 0.00227742 0.00053100 0.99999727
0.99999776 0.00076933 0.00197017 -0.00076454 0.99999675 -0.00243029 -0.00197204 0.00242878 0.99999511
0.99999890 0.00066172 -0.00132521 -0.00066556 0.99999558 -0.00289816 0.00132329 0.00289903 0.99999492
0.99999727 -0.00128949 -0.00194613 0.00128753 0.99999866 -0.00100835 0.00194743 0.00100584 0.99999760
0.99999687 -0.00004800 -0.00250303 0.00004824 0.99999999 0.00009605 0.00250303 -0.00009617 0.99999686
0.99999846 -0.00028964 -0.00173352 0.00028880 0.99999984 -0.00048415 0.00173366 0.00048365 0.99999838
0.99999859 0.00112635 -0.00124940 -0.00112648 0.99999936 -0.00010221 0.00124928 0.00010362 0.99999921
0.99999303 0.00214495 -0.00305480 -0.00214624 0.99999761 -0.00041821 0.00305389 0.00042476 0.99999525
0.99999695 0.00135834 -0.00206433 -0.00135771 0.99999903 0.00030954 0.00206475 -0.00030673 0.99999782
0.99999952 0.00004121 -0.00097845 -0.00004091 0.99999995 0.00030097 0.00097846 -0.00030093 0.99999948
0.99999635 -0.00132452 -0.00235373 0.00132257 0.99999878 -0.00083234 0.00235483 0.00082923 0.99999688
0.99999926 -0.00009306 -0.00121555 0.00009332 0.99999997 0.00021079 0.00121553 -0.00021090 0.99999924
0.99999904 0.00006617 -0.00138484 -0.00006373 0.99999845 0.00176002 0.00138496 -0.00175993 0.99999749
0.99999817 0.00041415 -0.00186550 -0.00041084 0.99999834 0.00177422 0.00186623 -0.00177345 0.99999669
0.99999925 -0.00122652 -0.00002409 0.00122655 0.99999811 0.00151161 0.00002224 -0.00151163 0.99999886
0.99999969 0.00051072 0.00059277 -0.00051166 0.99999862 0.00158351 -0.00059196 -0.00158382 0.99999857
0.99999792 0.00157686 -0.00129687 -0.00157788 0.99999845 -0.00078303 0.00129563 0.00078507 0.99999885
0.99999573 0.00292150 0.00010321 -0.00292124 0.99999291 -0.00237502 -0.00011015 0.00237471 0.99999717
0.99999608 -0.00152369 -0.00235023 0.00151855 0.99999645 -0.00218853 0.00235355 0.00218495 0.99999484
0.99999757 0.00168126 -0.00142752 -0.00168165 0.99999855 -0.00027053 0.00142706 0.00027293 0.99999894
0.99999919 0.00023905 -0.00125191 -0.00023950 0.99999991 -0.00036160 0.00125182 0.00036190 0.99999915
0.99999545 -0.00164435 -0.00252883 0.00164276 0.99999845 -0.00062986 0.00252986 0.00062570 0.99999660
0.99999907 -0.00111299 -0.00078369 0.00111279 0.99999935 -0.00025834 0.00078398 0.00025747 0.99999966
0.99999676 0.00045743 -0.00250262 -0.00045651 0.99999983 0.00036562 0.00250279 -0.00036448 0.99999680
0.99999618 -0.00259381 -0.00095846 0.00259535 0.99999534 0.00160714 0.00095428 -0.00160962 0.99999825
0.99999280 0.00378607 0.00026521 -0.00378675 0.99998947 0.00259163 -0.00025540 -0.00259261 0.99999661
0.99999956 0.00021180 -0.00091330 -0.00021080 0.99999938 0.00109159 0.00091353 -0.00109139 0.99999899
0.99999494 0.00270774 -0.00166856 -0.00270910 0.99999600 -0.00081624 0.00166635 0.00082076 0.99999827
0.99999605 -0.00042780 -0.00277681 0.00042536 0.99999952 -0.00087980 0.00277719 0.00087861 0.99999576
0.99999715 0.00088794 -0.00221651 -0.00088649 0.99999939 0.00065279 0.00221709 -0.00065082 0.99999733
0.99999929 0.00036253 -0.00113476 -0.00036035 0.99999810 0.00191576 0.00113545 -0.00191535 0.99999752
0.99999843 0.00172609 -0.00039777 -0.00172581 0.99999826 0.00071279 0.00039900 -0.00071210 0.99999967
0.99999390 0.00326046 0.00125357 -0.00325771 0.99999229 -0.00219035 -0.00126070 0.00218625 0.99999682
0.99999795 0.00161547 0.00121996 -0.00161186 0.99999432 -0.00295942 -0.00122473 0.00295745 0.99999488
0.99999688 0.00080931 0.00236295 -0.00080448 0.99999758 -0.00204522 -0.00236460 0.00204331 0.99999512
0.99999456 0.00134470 0.00301266 -0.00134656 0.99999891 0.00061298 -0.00301184 -0.00061703 0.99999527
0.99997365 0.00524488 0.00501914 -0.00526699 0.99997644 0.00440199 -0.00499593 -0.00442831 0.99997772
0.99999271 0.00335868 0.00181445 -0.00336353 0.99999077 0.00267389 -0.00180545 -0.00267997 0.99999478
0.99997561 0.00474942 0.00512166 -0.00475341 0.99998841 0.00076781 -0.00511795 -0.00079214 0.99998659
0.99997645 0.00330515 0.00601509 -0.00330678 0.99999450 0.00026149 -0.00601420 -0.00028137 0.99998187
0.99997220 0.00405362 0.00625766 -0.00406535 0.99999000 0.00186220 -0.00625005 -0.00188759 0.99997869
0.99996990 0.00472085 0.00615708 -0.00472960 0.99998783 0.00140724 -0.00615036 -0.00143631 0.99998005
0.99996306 0.00374352 0.00773682 -0.00374438 0.99999299 0.00009573 -0.00773640 -0.00012470 0.99997007
0.99996936 0.00373227 0.00688104 -0.00373609 0.99999287 0.00054226 -0.00687897 -0.00056795 0.99997618
0.99994560 0.00453830 0.00939195 -0.00453199 0.99998949 -0.00069300 -0.00939500 0.00065040 0.99995565
0.99994401 0.00391688 0.00983013 -0.00389537 0.99998998 -0.00220684 -0.00983868 0.00216843 0.99994925
0.99996552 0.00121643 0.00821493 -0.00119046 0.99999428 -0.00316588 -0.00821874 0.00315599 0.99996125
0.99996592 0.00111268 0.00817994 -0.00111770 0.99999919 0.00060856 -0.00817925 -0.00061769 0.99996636
0.99996723 0.00003515 0.00809523 -0.00005036 0.99999823 0.00187835 -0.00809515 -0.00187870 0.99996547
0.99996285 0.00189460 0.00840830 -0.00190436 0.99999752 0.00115348 -0.00840609 -0.00116945 0.99996398
0.99992198 0.00282553 0.01216746 -0.00283240 0.99999584 0.00054749 -0.01216587 -0.00058191 0.99992582
0.99994127 0.00611246 0.00894975 -0.00611056 0.99998130 -0.00023972 -0.00895104 0.00018502 0.99995992
0.99994829 0.00361480 0.00950574 -0.00362609 0.99999274 0.00117138 -0.00950144 -0.00120579 0.99995413
0.99992630 -0.00049212 0.01213090 0.00047615 0.99999902 0.00131892 -0.01213153 -0.00131305 0.99992555
0.99991637 -0.00045212 0.01292452 0.00046011 0.99999970 -0.00061561 -0.01292423 0.00062151 0.99991629
0.99993014 -0.00171964 0.01169418 0.00176571 0.99999072 -0.00393023 -0.01168732 0.00395061 0.99992390
0.99988910 0.00175289 0.01478878 -0.00171530 0.99999527 -0.00255464 -0.01479319 0.00252899 0.99988738
0.99988002 0.00137489 0.01542883 -0.00135419 0.99999817 -0.00135212 -0.01543066 0.00133106 0.99988005
0.99987781 0.00078576 0.01561270 -0.00077930 0.99999961 -0.00041952 -0.01561303 0.00040731 0.99987803
0.99988680 -0.00002529 0.01504613 0.00001717 0.99999985 0.00053962 -0.01504614 -0.00053930 0.99988665
0.99981784 -0.00112548 0.01905309 0.00113168 0.99999931 -0.00031473 -0.01905272 0.00033624 0.99981842
0.99981506 -0.00039082 0.01922752 0.00036231 0.99999883 0.00148609 -0.01922807 -0.00147885 0.99981403
0.99981324 -0.00050812 0.01931922 0.00050653 0.99999987 0.00008716 -0.01931926 -0.00007735 0.99981336
0.99976471 0.00180504 0.02161652 -0.00177843 0.99999764 -0.00125017 -0.02161873 0.00121143 0.99976555
0.99968311 0.00151172 0.02512752 -0.00148740 0.99999841 -0.00098669 -0.02512897 0.00094901 0.99968377
0.99968553 0.00137444 0.02503919 -0.00138176 0.99999901 0.00027515 -0.02503878 -0.00030966 0.99968643
0.99964365 0.00348806 0.02646512 -0.00352410 0.99999293 0.00131544 -0.02646034 -0.00140824 0.99964887
0.99956047 0.00201759 0.02957692 -0.00204231 0.99999759 0.00080592 -0.02957522 -0.00086597 0.99956218
0.99953620 0.00097925 0.03043717 -0.00100105 0.99999925 0.00070088 -0.03043646 -0.00073103 0.99953644
0.99944428 -0.00310504 0.03318862 0.00309782 0.99999517 0.00026915 -0.03318929 -0.00016619 0.99944907
0.99933887 -0.00233894 0.03628171 0.00236606 0.99999695 -0.00070450 -0.03627995 0.00078988 0.99934135
0.99926459 -0.00185867 0.03829910 0.00192947 0.99999650 -0.00181164 -0.03829560 0.00188421 0.99926468
0.99918084 0.00127269 0.04044776 -0.00118074 0.99999666 -0.00229721 -0.04045055 0.00224757 0.99917901
0.99916931 0.00062359 0.04074667 -0.00052535 0.99999693 -0.00242175 -0.04074806 0.00239833 0.99916657
0.99904812 0.00323558 0.04350144 -0.00317308 0.99999383 -0.00150558 -0.04350604 0.00136612 0.99905223
0.99896040 0.00461206 0.04535239 -0.00460704 0.99998936 -0.00021527 -0.04535290 0.00000610 0.99897103
0.99889189 0.00579811 0.04670523 -0.00581522 0.99998306 0.00023057 -0.04670310 -0.00050192 0.99890869
0.99878815 0.00178069 0.04918394 -0.00183759 0.99999769 0.00111169 -0.04918184 -0.00120073 0.99878912
0.99860895 -0.00097330 0.05271823 0.00083937 0.99999636 0.00256249 -0.05272053 -0.00251468 0.99860614
0.99861188 0.00011341 0.05267170 -0.00020818 0.99999837 0.00179365 -0.05267141 -0.00180212 0.99861027
0.99851787 0.00157930 0.05440189 -0.00163735 0.99999814 0.00102251 -0.05440018 -0.00111007 0.99851860
0.99847059 -0.00021333 0.05528512 0.00023464 0.99999990 -0.00037883 -0.05528503 0.00039123 0.99847054
0.99839757 -0.00002648 0.05658878 -0.00003616 0.99999939 0.00110586 -0.05658878 -0.00110613 0.99839696
0.99848344 0.00077204 0.05504740 -0.00094756 0.99999455 0.00316256 -0.05504466 -0.00320993 0.99847873
0.99838456 0.00365205 0.05670040 -0.00387607 0.99998511 0.00384147 -0.05668553 -0.00405504 0.99838385
0.99852543 0.00634416 0.05391391 -0.00649482 0.99997548 0.00261970 -0.05389597 -0.00296600 0.99854215
0.99866324 -0.00101063 0.05167902 0.00101765 0.99999948 -0.00010949 -0.05167888 0.00016194 0.99866374
0.99871468 -0.00832300 0.04999711 0.00827970 0.99996515 0.00107311 -0.05000430 -0.00065777 0.99874879
0.99889698 -0.00847935 0.04618356 0.00826399 0.99995408 0.00485209 -0.04622258 -0.00446508 0.99892119
0.99899341 -0.00626446 0.04441762 0.00633671 0.99997882 -0.00148619 -0.04440737 0.00176616 0.99901195
0.99923463 -0.00117434 0.03909950 0.00124928 0.99999743 -0.00189219 -0.03909718 0.00193959 0.99923353
0.99941307 -0.00653174 0.03362822 0.00659167 0.99997688 -0.00167145 -0.03361652 0.00189214 0.99943301
0.99955139 -0.00556836 0.02942800 0.00554015 0.99998411 0.00104001 -0.02943332 -0.00087651 0.99956636
0.99962869 -0.00514121 0.02675925 0.00510248 0.99998583 0.00151554 -0.02676666 -0.00137844 0.99964076
0.99979400 -0.00430161 0.01983592 0.00428587 0.99999047 0.00083614 -0.01983932 -0.00075095 0.99980290
0.99984890 -0.00092179 0.01735886 0.00095330 0.99999791 -0.00180701 -0.01735716 0.00182329 0.99984769
0.99991283 -0.00018236 0.01320195 0.00017684 0.99999990 0.00041928 -0.01320202 -0.00041691 0.99991276
0.99992928 0.00036461 0.01188712 -0.00035427 0.99999956 -0.00087242 -0.01188743 0.00086815 0.99992897
0.99994659 -0.00435194 0.00937431 0.00438147 0.99998550 -0.00313169 -0.00936055 0.00317259 0.99995116
0.99996266 -0.00417107 0.00756855 0.00418945 0.99998831 -0.00241450 -0.00755839 0.00244612 0.99996844
0.99998792 -0.00028174 0.00490722 0.00027932 0.99999984 0.00049323 -0.00490736 -0.00049185 0.99998784
0.99999224 0.00218378 0.00328004 -0.00219247 0.99999409 0.00264762 -0.00327424 -0.00265479 0.99999112
0.99999640 0.00138796 0.00229794 -0.00140344 0.99997624 0.00674953 -0.00228852 -0.00675273 0.99997458
0.99999566 -0.00222802 0.00192904 0.00221418 0.99997200 0.00714778 -0.00194491 -0.00714348 0.99997259
0.99999585 -0.00288091 -0.00001537 0.00288094 0.99999205 0.00275592 0.00000743 -0.00275595 0.99999620
0.99999458 -0.00329374 -0.00003233 0.00329367 0.99999245 -0.00206233 0.00003912 0.00206222 0.99999787
0.99999935 -0.00077810 -0.00083782 0.00077197 0.99997308 -0.00729641 0.00084348 0.00729576 0.99997303
0.99999609 -0.00107737 -0.00258184 0.00105562 0.99996409 -0.00840893 0.00259081 0.00840617 0.99996131
0.99999692 -0.00108790 -0.00223186 0.00108553 0.99999885 -0.00106248 0.00223301 0.00106005 0.99999694
0.99999816 0.00133583 -0.00137776 -0.00132925 0.99998778 0.00476196 0.00138410 -0.00476012 0.99998771
0.99999681 -0.00046032 -0.00248266 0.00047885 0.99997200 0.00746838 0.00247916 -0.00746955 0.99996903
0.99999259 0.00188835 -0.00335394 -0.00188460 0.99999760 0.00111975 0.00335604 -0.00111343 0.99999375
0.99996782 -0.00741157 -0.00307098 0.00739572 0.99995943 -0.00514140 0.00310896 0.00511853 0.99998207
0.99999611 -0.00134746 -0.00244078 0.00133570 0.99998752 -0.00481353 0.00244724 0.00481025 0.99998544
0.99997574 0.00648143 -0.00255271 -0.00648238 0.99997892 -0.00036268 0.00255031 0.00037922 0.99999668
0.99998530 0.00411591 -0.00352983 -0.00410603 0.99998765 0.00279987 0.00354131 -0.00278533 0.99998985
0.99998389 -0.00381148 -0.00420611 0.00382656 0.99998626 0.00358286 0.00419240 -0.00359890 0.99998474
0.99998181 -0.00398092 -0.00453066 0.00398219 0.99999203 0.00027222 0.00452954 -0.00029026 0.99998970
0.99999342 -0.00195856 -0.00305427 0.00194044 0.99998057 -0.00592344 0.00306581 0.00591748 0.99997779
0.99998654 0.00304500 -0.00420001 -0.00305206 0.99999394 -0.00167650 0.00419488 0.00168930 0.99998977
0.99998955 0.00170012 -0.00424429 -0.00169270 0.99999703 0.00175184 0.00424726 -0.00174464 0.99998946
0.99998907 -0.00356780 -0.00302304 0.00357817 0.99998771 0.00343283 0.00301076 -0.00344361 0.99998954
0.99998308 -0.00478109 -0.00331257 0.00477849 0.99998827 -0.00079090 0.00331631 0.00077505 0.99999420
0.99999156 -0.00286498 -0.00294630 0.00286253 0.99999555 -0.00083509 0.00294868 0.00082665 0.99999531
0.99999675 -0.00038050 -0.00252168 0.00038132 0.99999988 0.00032130 0.00252156 -0.00032226 0.99999677
0.99999098 -0.00239590 -0.00350667 0.00240000 0.99999644 0.00116555 0.00350386 -0.00117395 0.99999317
0.99999381 -0.00197909 -0.00290874 0.00198342 0.99999692 0.00148915 0.00290578 -0.00149491 0.99999466
0.99999556 0.00146117 -0.00259728 -0.00146131 0.99999893 -0.00005158 0.00259720 0.00005537 0.99999663
0.99999016 0.00309246 -0.00317922 -0.00309829 0.99999352 -0.00183131 0.00317354 0.00184115 0.99999327
0.99999590 -0.00141576 -0.00248776 0.00141501 0.99999895 -0.00030276 0.00248819 0.00029924 0.99999686
0.99999383 0.00251151 -0.00245759 -0.00251047 0.99999676 0.00042719 0.00245866 -0.00042101 0.99999689
0.99999540 0.00136467 -0.00270786 -0.00136619 0.99999891 -0.00055963 0.00270709 0.00056333 0.99999618
0.99999309 0.00173410 -0.00328746 -0.00173315 0.99999846 0.00029029 0.00328796 -0.00028459 0.99999455
0.99999645 0.00141947 -0.00225367 -0.00141981 0.99999898 -0.00015299 0.00225345 0.00015619 0.99999745
0.99999444 0.00045141 -0.00330277 -0.00046490 0.99999154 -0.00408671 0.00330090 0.00408823 0.99998620
0.99999511 -0.00061145 -0.00306839 0.00060542 0.99999788 -0.00196565 0.00306959 0.00196378 0.99999336
0.99997874 0.00555302 -0.00341785 -0.00555964 0.99998268 -0.00193117 0.00340706 0.00195013 0.99999229
0.99998975 0.00352699 -0.00283776 -0.00352219 0.99999236 0.00169438 0.00284372 -0.00168437 0.99999454
0.99997823 -0.00438483 -0.00493136 0.00437656 0.99998900 -0.00168643 0.00493870 0.00166481 0.99998642
0.99999087 0.00145889 -0.00401741 -0.00146196 0.99999864 -0.00076181 0.00401629 0.00076768 0.99999164
0.99998450 0.00354082 -0.00429687 -0.00354341 0.99999355 -0.00059353 0.00429474 0.00060875 0.99999059
0.99999269 0.00155449 -0.00349325 -0.00154798 0.99999706 0.00186760 0.00349614 -0.00186218 0.99999215
0.99998560 -0.00200807 -0.00497680 0.00200047 0.99999683 -0.00153008 0.00497986 0.00152010 0.99998645
0.99998182 0.00333565 -0.00502350 -0.00335392 0.99998778 -0.00363105 0.00501133 0.00364783 0.99998079
0.99998044 0.00121132 -0.00613645 -0.00126135 0.99996595 -0.00815571 0.00612637 0.00816329 0.99994791
0.99997247 0.00095906 -0.00735823 -0.00099385 0.99998834 -0.00472626 0.00735361 0.00473345 0.99996176
0.99996137 0.00432298 -0.00765369 -0.00434588 0.99998613 -0.00297703 0.00764072 0.00301018 0.99996628
0.99996829 0.00038219 -0.00795407 -0.00035636 0.99999466 0.00324850 0.00795527 -0.00324557 0.99996309
0.99997404 -0.00091151 -0.00714740 0.00092261 0.99999837 0.00154913 0.00714597 -0.00155568 0.99997326
0.99997199 -0.00117851 -0.00739147 0.00120237 0.99999408 0.00322467 0.00738762 -0.00323347 0.99996748
0.99996990 0.00055627 -0.00773939 -0.00051172 0.99998329 0.00575755 0.00774246 -0.00575342 0.99995348
0.99996604 0.00022568 -0.00823825 -0.00015404 0.99996218 0.00869574 0.00823990 -0.00869418 0.99992826
0.99997319 -0.00014013 -0.00732156 0.00015863 0.99999679 0.00252692 0.00732119 -0.00252801 0.99997000
0.99996888 -0.00125396 -0.00778926 0.00123845 0.99999724 -0.00199568 0.00779174 0.00198597 0.99996767
0.99998739 -0.00231361 -0.00445722 0.00228243 0.99997298 -0.00698839 0.00447327 0.00697813 0.99996565
0.99998621 0.00114066 -0.00512712 -0.00115874 0.99999312 -0.00352412 0.00512307 0.00353002 0.99998065
0.99998175 0.00124281 -0.00591162 -0.00125797 0.99999593 -0.00255998 0.00590841 0.00256737 0.99997925
0.99998246 0.00167023 -0.00568256 -0.00166385 0.99999798 0.00112701 0.00568443 -0.00111753 0.99998322
0.99998218 -0.00366278 -0.00471324 0.00367369 0.99999059 0.00230852 0.00470474 -0.00232579 0.99998623
0.99999045 -0.00100658 -0.00425366 0.00103909 0.99997021 0.00764803 0.00424583 -0.00765238 0.99996171
0.99999097 0.00311107 -0.00289493 -0.00309218 0.99997404 0.00650824 0.00291510 -0.00649923 0.99997463
0.99998828 0.00245261 -0.00417412 -0.00243653 0.99998960 0.00385490 0.00418353 -0.00384469 0.99998386
0.99999372 0.00151154 -0.00320481 -0.00151003 0.99999875 0.00047346 0.00320553 -0.00046861 0.99999475
0.99999665 -0.00052330 -0.00253303 0.00051923 0.99999857 -0.00160808 0.00253386 0.00160676 0.99999550
0.99998965 0.00426551 -0.00158520 -0.00427133 0.99998408 -0.00368740 0.00156944 0.00369414 0.99999195
0.99999716 -0.00116363 -0.00207805 0.00115766 0.99999520 -0.00287524 0.00208139 0.00287282 0.99999371
0.99999130 0.00023597 -0.00416569 -0.00025825 0.99998566 -0.00534901 0.00416437 0.00535004 0.99997702
0.99999958 -0.00073730 -0.00055160 0.00073610 0.99999739 -0.00216414 0.00055319 0.00216373 0.99999751
0.99999438 0.00226209 -0.00247587 -0.00226031 0.99999718 0.00072339 0.00247750 -0.00071779 0.99999667
0.99999991 0.00020746 0.00036632 -0.00020850 0.99999598 0.00282680 -0.00036573 -0.00282688 0.99999594
0.99999917 -0.00086380 -0.00095916 0.00086651 0.99999562 0.00283032 0.00095671 -0.00283115 0.99999553
0.99999925 -0.00104643 0.00063773 0.00104585 0.99999903 0.00091653 -0.00063869 -0.00091586 0.99999938
0.99999797 0.00127641 0.00155973 -0.00127844 0.99999834 0.00130170 -0.00155807 -0.00130370 0.99999794
0.99999448 0.00246806 0.00222374 -0.00246743 0.99999691 -0.00028597 -0.00222443 0.00028048 0.99999749
0.99999832 0.00136040 0.00122512 -0.00135648 0.99999399 -0.00318939 -0.00122945 0.00318772 0.99999416
0.99999747 -0.00122163 0.00188618 0.00123014 0.99998903 -0.00452040 -0.00188064 0.00452271 0.99998800
0.99999712 -0.00143567 0.00192364 0.00143825 0.99999806 -0.00134393 -0.00192170 0.00134669 0.99999725
0.99998563 0.00213597 0.00491713 -0.00214650 0.99999541 0.00213765 -0.00491255 -0.00214818 0.99998563
0.99997841 -0.00657096 0.00010373 0.00657049 0.99997037 0.00400981 -0.00013007 -0.00400904 0.99999196
0.99999596 -0.00023787 0.00283223 0.00022529 0.99999011 0.00444206 -0.00283325 -0.00444141 0.99998612
0.99999401 -0.00247985 0.00241368 0.00247907 0.99999687 0.00032312 -0.00241447 -0.00031714 0.99999703
0.99997548 -0.00675854 0.00183207 0.00676120 0.99997610 -0.00144685 -0.00182225 0.00145920 0.99999728
0.99998852 -0.00382117 0.00289138 0.00382932 0.99998870 -0.00281804 -0.00288058 0.00282908 0.99999185
0.99999640 0.00182785 0.00196621 -0.00182340 0.99999578 -0.00226156 -0.00197034 0.00225796 0.99999551
0.99999897 0.00023245 0.00141756 -0.00022883 0.99999672 -0.00255231 -0.00141814 0.00255198 0.99999574
0.99999357 -0.00235832 0.00270157 0.00235486 0.99999641 0.00128088 -0.00270458 -0.00127451 0.99999553
0.99990192 -0.01355247 -0.00353164 0.01354847 0.99990755 -0.00115482 0.00354696 0.00110686 0.99999310
0.99997150 -0.00692720 -0.00300112 0.00692978 0.99997563 0.00085057 0.00299516 -0.00087134 0.99999513
0.99999688 -0.00232896 -0.00090717 0.00232854 0.99999718 -0.00046074 0.00090824 0.00045862 0.99999948
0.99999177 0.00170861 -0.00368081 -0.00170707 0.99999845 0.00042037 0.00368152 -0.00041409 0.99999314
0.99998689 -0.00149019 -0.00489828 0.00149212 0.99999881 0.00039049 0.00489769 -0.00039779 0.99998793
0.99998269 0.00024077 -0.00587908 -0.00023589 0.99999963 0.00083079 0.00587928 -0.00082938 0.99998237
0.99994614 0.00690387 -0.00774994 -0.00691140 0.99997567 -0.00094544 0.00774322 0.00099895 0.99996952
0.99996246 -0.00356103 -0.00789860 0.00358735 0.99998805 0.00332085 0.00788668 -0.00334906 0.99996329
0.99993920 0.00512157 -0.00976604 -0.00511750 0.99998681 0.00044204 0.00976818 -0.00039203 0.99995221
0.99995085 -0.00017019 -0.00991284 0.00017516 0.99999986 0.00050090 0.00991276 -0.00050261 0.99995074
0.99990884 0.00479105 -0.01262329 -0.00483371 0.99998270 -0.00335077 0.01260702 0.00341149 0.99991471
0.99993166 0.00295697 -0.01131094 -0.00298163 0.99999321 -0.00216364 0.01130447 0.00219722 0.99993369
0.99993197 0.00238814 -0.01141697 -0.00241732 0.99999385 -0.00254279 0.01141083 0.00257021 0.99993159
0.99993514 0.00101475 -0.01134412 -0.00103926 0.99999714 -0.00215445 0.01134190 0.00216610 0.99993333
0.99993832 0.00305230 -0.01067860 -0.00305650 0.99999526 -0.00037705 0.01067739 0.00040967 0.99994291
0.99993157 -0.00351769 -0.01115745 0.00350623 0.99999331 -0.00104653 0.01116106 0.00100734 0.99993721
0.99992257 0.00240347 -0.01221005 -0.00242603 0.99999538 -0.00183372 0.01220558 0.00186320 0.99992377
0.99993929 -0.00118923 -0.01095456 0.00124089 0.99998814 0.00471012 0.01094883 -0.00472343 0.99992890
0.99992840 -0.00432479 -0.01115735 0.00438784 0.99997451 0.00563307 0.01113270 -0.00568162 0.99992189
0.99990321 -0.00254040 -0.01367912 0.00258814 0.99999062 0.00347310 0.01367017 -0.00350817 0.99990040
0.99993494 0.00103312 -0.01135957 -0.00099714 0.99999447 0.00317319 0.01136278 -0.00316166 0.99993044
0.99993253 -0.00668556 -0.00949953 0.00668510 0.99997765 -0.00008010 0.00949985 0.00001659 0.99995488
0.99993007 -0.00775408 -0.00892881 0.00778521 0.99996372 0.00345739 0.00890167 -0.00352666 0.99995416
0.99993297 -0.00926882 -0.00693793 0.00931313 0.99993626 0.00638213 0.00687834 -0.00644632 0.99995557
0.99994836 -0.00669773 -0.00764342 0.00671772 0.99997408 0.00259213 0.00762586 -0.00264334 0.99996743
0.99997087 -0.00225164 -0.00729368 0.00224438 0.99999698 -0.00100458 0.00729592 0.00098818 0.99997290
0.99996104 -0.00347620 -0.00811377 0.00340934 0.99996024 -0.00823923 0.00814209 0.00821125 0.99993314
0.99995593 -0.00388415 -0.00854645 0.00382511 0.99996879 -0.00691325 0.00857304 0.00688026 0.99993958
0.99997768 0.00053246 -0.00666003 -0.00053180 0.99999985 0.00010112 0.00666008 -0.00009758 0.99997782
0.99995924 0.00762932 -0.00482786 -0.00762332 0.99997015 0.00126059 0.00483733 -0.00122373 0.99998755
0.99996763 0.00618690 -0.00514450 -0.00619221 0.99998031 -0.00101586 0.00513811 0.00104768 0.99998625
0.99998908 0.00183204 -0.00429905 -0.00184631 0.99999279 -0.00331792 0.00429294 0.00332582 0.99998525
0.99998611 0.00302651 -0.00431535 -0.00304247 0.99998854 -0.00369696 0.00430411 0.00371004 0.99998385
0.99999050 -0.00055794 -0.00432410 0.00054947 0.99999793 -0.00195822 0.00432518 0.00195583 0.99998873
0.99998990 0.00044404 -0.00447338 -0.00043306 0.99999689 0.00245428 0.00447445 -0.00245231 0.99998698
0.99997251 -0.00373823 -0.00640293 0.00376230 0.99998589 0.00375037 0.00638882 -0.00377436 0.99997247
0.99998543 -0.00220786 -0.00492647 0.00222950 0.99998787 0.00439255 0.00491671 -0.00440347 0.99997822
0.99998964 -0.00094698 -0.00445177 0.00094884 0.99999946 0.00041470 0.00445138 -0.00041892 0.99999000
0.99999435 0.00232362 -0.00242947 -0.00232640 0.99999664 -0.00114110 0.00242681 0.00114675 0.99999640
0.99999463 -0.00073156 -0.00319519 0.00072836 0.99999923 -0.00100520 0.00319592 0.00100287 0.99999439
0.99997533 -0.00642659 -0.00283559 0.00642811 0.99997920 0.00052456 0.00283216 -0.00054278 0.99999584
0.99999127 -0.00349253 -0.00229431 0.00349318 0.99999386 0.00028081 0.00229332 -0.00028882 0.99999733
0.99999658 -0.00080768 -0.00248743 0.00081174 0.99999834 0.00163271 0.00248610 -0.00163472 0.99999557
0.99998720 -0.00309923 -0.00400009 0.00309582 0.99999484 -0.00086002 0.00400273 0.00084763 0.99999163
0.99999821 0.00063201 -0.00178254 -0.00063545 0.99999793 -0.00193385 0.00178131 0.00193498 0.99999654
0.99999455 -0.00311617 -0.00108812 0.00311530 0.99999483 -0.00080157 0.00109061 0.00079817 0.99999909
0.99999280 -0.00191212 -0.00327754 0.00191156 0.99999816 -0.00017509 0.00327787 0.00016882 0.99999461
0.99998939 -0.00334025 -0.00317202 0.00334117 0.99999438 0.00028452 0.00317105 -0.00029512 0.99999493
0.99998988 -0.00116363 -0.00434624 0.00116886 0.99999860 0.00120033 0.00434484 -0.00120540 0.99998983
0.99999606 -0.00121178 -0.00253226 0.00121224 0.99999925 0.00018088 0.00253204 -0.00018395 0.99999678
0.99998806 -0.00199412 -0.00446181 0.00199611 0.99999791 0.00044121 0.00446092 -0.00045012 0.99998995
0.99998081 -0.00265966 -0.00559600 0.00265377 0.99999592 -0.00105924 0.00559879 0.00104437 0.99998378
0.99998837 -0.00010615 -0.00482138 0.00009990 0.99999915 -0.00129710 0.00482151 0.00129661 0.99998754
0.99999184 -0.00245847 -0.00320482 0.00245315 0.99999561 -0.00166213 0.00320889 0.00165425 0.99999348
0.99998445 0.00010722 -0.00557522 -0.00012251 0.99999623 -0.00274168 0.00557490 0.00274232 0.99998070
0.99996680 0.00393068 -0.00713777 -0.00395630 0.99998577 -0.00357780 0.00712361 0.00360592 0.99996813
0.99995495 0.00485176 -0.00815833 -0.00489942 0.99997099 -0.00583171 0.00812980 0.00587142 0.99994972
0.99996401 0.00518430 -0.00671580 -0.00521516 0.99997588 -0.00458645 0.00669186 0.00462131 0.99996693
0.99996121 0.00272440 -0.00837577 -0.00275206 0.99999079 -0.00329300 0.00836673 0.00331592 0.99995950
0.99996514 0.00350506 -0.00757844 -0.00349334 0.99999268 0.00155937 0.00758385 -0.00153285 0.99997007
0.99994984 0.00592031 -0.00807901 -0.00588136 0.99997101 0.00483662 0.00810741 -0.00478887 0.99995567
0.99995685 0.00579863 -0.00725778 -0.00574813 0.99995926 0.00695938 0.00729784 -0.00691736 0.99994944
0.99995639 0.00546101 -0.00757626 -0.00541704 0.99996844 0.00581239 0.00760776 -0.00577109 0.99995441
0.99996535 0.00156847 -0.00817581 -0.00154014 0.99999279 0.00346992 0.00818119 -0.00345720 0.99996056
0.99995104 0.00469378 -0.00871160 -0.00470412 0.99998826 -0.00116596 0.00870602 0.00120688 0.99996137
0.99995669 0.00488746 -0.00791987 -0.00489708 0.99998729 -0.00119604 0.00791393 0.00123478 0.99996792
0.99996973 0.00155259 -0.00762379 -0.00156819 0.99999669 -0.00204057 0.00762059 0.00205246 0.99996886
0.99997075 0.00301285 -0.00702991 -0.00302006 0.99999492 -0.00101533 0.00702681 0.00103653 0.99997477
0.99997032 0.00147758 -0.00756202 -0.00147324 0.99999875 0.00057945 0.00756287 -0.00056830 0.99997124
0.99995124 0.00670837 -0.00724697 -0.00669362 0.99997548 0.00205810 0.00726060 -0.00200950 0.99997162
0.99997418 -0.00020756 -0.00718339 0.00021870 0.99999877 0.00155008 0.00718306 -0.00155161 0.99997300
0.99995131 -0.00073978 -0.00984020 0.00076091 0.99999741 0.00214464 0.00983859 -0.00215202 0.99994928
0.99995497 -0.00217450 -0.00923716 0.00215187 0.99999466 -0.00245876 0.00924245 0.00243877 0.99995431
0.99994864 0.00389752 -0.00935582 -0.00389857 0.99999240 -0.00009436 0.00935538 0.00013083 0.99995623
0.99995471 0.00043590 -0.00950778 -0.00043777 0.99999989 -0.00019471 0.00950769 0.00019887 0.99995478
0.99996241 0.00061989 -0.00864796 -0.00061880 0.99999980 0.00012892 0.00864804 -0.00012357 0.99996260
0.99997799 -0.00126970 -0.00651251 0.00127639 0.99999866 0.00102445 0.00651120 -0.00103274 0.99997827
0.99998905 -0.00154148 -0.00441761 0.00154759 0.99999785 0.00138018 0.00441547 -0.00138700 0.99998929
0.99998029 -0.00459385 -0.00427970 0.00459406 0.99998945 0.00003925 0.00427948 -0.00005892 0.99999084
0.99997332 -0.00591698 -0.00428279 0.00592062 0.99998212 0.00083779 0.00427775 -0.00086312 0.99999048
0.99996616 -0.00733627 -0.00372172 0.00734125 0.99997217 0.00132527 0.00371189 -0.00135255 0.99999220
0.99997406 -0.00545651 -0.00470163 0.00546791 0.99998213 0.00241536 0.00468836 -0.00244101 0.99998603
0.99998033 -0.00563241 -0.00275911 0.00563868 0.99998153 0.00226964 0.00274628 -0.00228516 0.99999362
0.99999534 -0.00053885 -0.00300332 0.00054885 0.99999431 0.00332946 0.00300151 -0.00333109 0.99998995
0.99999690 0.00091921 -0.00231470 -0.00092207 0.99999881 -0.00123617 0.00231356 0.00123830 0.99999656
0.99997313 0.00528845 -0.00507615 -0.00529666 0.99998468 -0.00160573 0.00506758 0.00163257 0.99998583
0.99997714 0.00577048 -0.00352413 -0.00576968 0.99998333 0.00023805 0.00352544 -0.00021771 0.99999376
0.99999368 -0.00085663 -0.00344935 0.00086994 0.99999217 0.00385935 0.00344602 -0.00386232 0.99998660
0.99996795 0.00181612 -0.00779725 -0.00177528 0.99998469 0.00524196 0.00780665 -0.00522795 0.99995586
0.99999002 0.00054710 -0.00443437 -0.00052001 0.99998121 0.00610819 0.00443763 -0.00610583 0.99997151
0.99997528 -0.00317338 -0.00627480 0.00319585 0.99998851 0.00357427 0.00626339 -0.00359424 0.99997393
0.99996363 -0.00607612 -0.00598512 0.00606650 0.99998028 -0.00162405 0.00599487 0.00158768 0.99998077
0.99992119 -0.01078473 -0.00642698 0.01074596 0.99992404 -0.00603593 0.00649159 0.00596639 0.99996113
0.99994768 -0.00732112 -0.00714344 0.00726512 0.99994292 -0.00783391 0.00720038 0.00778160 0.99994380
0.99996477 -0.00360983 -0.00757753 0.00357716 0.99998427 -0.00432006 0.00759300 0.00429281 0.99996196
0.99996564 -0.00263041 -0.00786087 0.00265930 0.99998974 0.00366744 0.00785114 -0.00368822 0.99996238
0.99994383 -0.00536343 -0.00914121 0.00538611 0.99998247 0.00245850 0.00912786 -0.00250760 0.99995520
0.99997401 -0.00166431 -0.00701452 0.00166447 0.99999861 0.00001631 0.00701449 -0.00002798 0.99997540
0.99997122 -0.00310516 -0.00692151 0.00306509 0.99997852 -0.00579323 0.00693935 0.00577185 0.99995926
0.99998506 0.00024860 -0.00546138 -0.00025810 0.99999845 -0.00174043 0.00546094 0.00174181 0.99998357
0.99999347 -0.00074040 -0.00353748 0.00074554 0.99999867 0.00145062 0.00353641 -0.00145325 0.99999269
0.99998588 -0.00355315 -0.00395256 0.00357160 0.99998272 0.00467031 0.00393589 -0.00468436 0.99998128
0.99999559 -0.00255023 -0.00151902 0.00255496 0.99999186 0.00312385 0.00151104 -0.00312772 0.99999397
0.99999337 -0.00349071 0.00103796 0.00348771 0.99998977 0.00288081 -0.00104801 -0.00287717 0.99999531
0.99999885 0.00145784 0.00042518 -0.00145829 0.99999839 0.00104926 -0.00042365 -0.00104988 0.99999936
0.99999938 0.00015440 -0.00110342 -0.00015352 0.99999967 0.00080164 0.00110354 -0.00080147 0.99999907
0.99999852 0.00158769 0.00066070 -0.00158664 0.99999748 -0.00158703 -0.00066322 0.00158598 0.99999852
0.99999306 0.00341814 0.00148436 -0.00341611 0.99999323 -0.00136787 -0.00148902 0.00136279 0.99999796
0.99999377 0.00252794 0.00246247 -0.00252177 0.99999367 -0.00250908 -0.00246879 0.00250285 0.99999382
0.99998839 0.00419986 0.00236255 -0.00420095 0.99999107 0.00045437 -0.00236062 -0.00046429 0.99999711
0.99999213 0.00243771 0.00313155 -0.00243998 0.99999676 0.00072229 -0.00312978 -0.00072992 0.99999484
0.99999513 0.00030656 0.00310678 -0.00031056 0.99999912 0.00128800 -0.00310638 -0.00128896 0.99999434
0.99999345 0.00113765 0.00343523 -0.00114856 0.99999430 0.00317423 -0.00343160 -0.00317816 0.99998906
0.99998529 -0.00421836 0.00340893 0.00421217 0.99998947 0.00182094 -0.00341658 -0.00180655 0.99999253
0.99998689 0.00011532 0.00511833 -0.00008348 0.99998064 -0.00622142 -0.00511895 0.00622091 0.99996755
0.99996613 0.00702878 0.00428253 -0.00699175 0.99993858 -0.00859951 -0.00434271 0.00856927 0.99995385
0.99998734 0.00217387 0.00453883 -0.00214284 0.99997439 -0.00682910 -0.00455356 0.00681928 0.99996638
0.99998713 0.00128932 0.00490614 -0.00130890 0.99999118 0.00399034 -0.00490095 -0.00399671 0.99998000
0.99998309 0.00276098 0.00511832 -0.00278877 0.99998137 0.00542926 -0.00510324 -0.00544344 0.99997216
0.99998039 0.00313727 0.00541949 -0.00316323 0.99998354 0.00478712 -0.00540438 -0.00480417 0.99997386
0.99999572 -0.00016260 0.00292117 0.00016615 0.99999925 -0.00121532 -0.00292097 0.00121580 0.99999499
0.99998791 -0.00201939 0.00448298 0.00201644 0.99999775 0.00066353 -0.00448431 -0.00065449 0.99998973
0.99998352 -0.00335302 0.00466071 0.00336480 0.99999116 -0.00252177 -0.00465221 0.00253741 0.99998596
0.99998227 -0.00356137 0.00477155 0.00357240 0.99999096 -0.00230433 -0.00476331 0.00232133 0.99998596
0.99998693 -0.00157068 0.00486520 0.00159324 0.99998798 -0.00463803 -0.00485785 0.00464572 0.99997741
0.99997958 0.00010250 0.00639000 -0.00010277 0.99999999 0.00004257 -0.00638999 -0.00004323 0.99997958
0.99998128 0.00221509 0.00570342 -0.00221949 0.99999724 0.00076447 -0.00570171 -0.00077711 0.99998344
0.99998059 -0.00110856 0.00613136 0.00110866 0.99999939 -0.00001306 -0.00613135 0.00001985 0.99998120
0.99997226 0.00446516 0.00596177 -0.00446612 0.99999002 0.00014641 -0.00596105 -0.00017304 0.99998222
0.99995220 0.00504351 0.00837651 -0.00500066 0.99997434 -0.00512888 -0.00840216 0.00508675 0.99995176
0.99998195 0.00164410 0.00577881 -0.00161768 0.99998823 -0.00457362 -0.00578626 0.00456419 0.99997284
0.99996403 0.00118337 0.00839866 -0.00116220 0.99999614 -0.00252525 -0.00840161 0.00251540 0.99996154
0.99995975 0.00154331 0.00883866 -0.00161824 0.99996277 0.00847594 -0.00882525 -0.00848990 0.99992502
0.99994496 0.00625986 0.00841974 -0.00634663 0.99992662 0.01031870 -0.00835453 -0.01037157 0.99991131
0.99995791 0.00136411 0.00907280 -0.00142145 0.99997903 0.00631741 -0.00906399 -0.00633004 0.99993889
0.99992430 0.00742408 0.00981256 -0.00745313 0.99996794 0.00292749 -0.00979051 -0.00300040 0.99994757
0.99995372 -0.00167244 0.00947457 0.00169438 0.99999590 -0.00230803 -0.00947067 0.00232398 0.99995245
0.99994841 -0.00534236 0.00863873 0.00537433 0.99997878 -0.00368190 -0.00861888 0.00372814 0.99995591
0.99996214 -0.00133478 0.00859868 0.00142853 0.99993951 -0.01090583 -0.00858360 0.01091770 0.99990356
0.99993873 -0.00274721 0.01072297 0.00279042 0.99998804 -0.00401739 -0.01071181 0.00404706 0.99993444
0.99995665 -0.00199320 0.00909589 0.00196085 0.99999173 0.00356420 -0.00910292 -0.00354621 0.99995228
0.99995624 -0.00348877 0.00868071 0.00344586 0.99998180 0.00495287 -0.00869783 -0.00492274 0.99995006
0.99995450 0.00092856 0.00949429 -0.00094143 0.99999864 0.00135175 -0.00949302 -0.00136062 0.99995401
0.99996982 0.00090020 0.00771684 -0.00089981 0.99999959 -0.00005397 -0.00771689 0.00004703 0.99997022
0.99994584 -0.00505033 0.00909967 0.00505724 0.99998694 -0.00073733 -0.00909583 0.00078331 0.99995833
0.99997903 -0.00413877 0.00498073 0.00411836 0.99998310 0.00410235 -0.00499762 -0.00408175 0.99997918
0.99998015 0.00018971 0.00629823 -0.00020678 0.99999631 0.00270875 -0.00629769 -0.00270999 0.99997650
0.99998729 0.00148990 0.00481737 -0.00150085 0.99999630 0.00227068 -0.00481397 -0.00227788 0.99998582
0.99998855 0.00071717 0.00473194 -0.00070729 0.99999757 -0.00208873 -0.00473343 0.00208536 0.99998662
0.99998787 -0.00215018 0.00443027 0.00216764 0.99998989 -0.00393910 -0.00442176 0.00394866 0.99998243
0.99999266 0.00053864 0.00379333 -0.00051253 0.99997620 -0.00688004 -0.00379695 0.00687805 0.99996914
0.99998631 0.00339313 0.00398444 -0.00338916 0.99999375 -0.00100372 -0.00398782 0.00099020 0.99999156
0.99999467 -0.00034573 0.00324515 0.00032610 0.99998166 0.00604677 -0.00324718 -0.00604568 0.99997645
0.99999240 -0.00302731 0.00245560 0.00300756 0.99996341 0.00800796 -0.00247975 -0.00800051 0.99996492
0.99998105 -0.00535310 0.00304031 0.00534309 0.99998031 0.00329150 -0.00305787 -0.00327519 0.99998996
0.99998064 -0.00586280 0.00208563 0.00586586 0.99998172 -0.00146597 -0.00207699 0.00147817 0.99999675
0.99999914 0.00056258 0.00118470 -0.00055956 0.99999660 -0.00254739 -0.00118613 0.00254673 0.99999605
0.99999464 0.00229142 0.00233918 -0.00227387 0.99996947 -0.00747628 -0.00235624 0.00747092 0.99996932
0.99999723 0.00095404 0.00215304 -0.00093598 0.99996451 -0.00837268 -0.00216095 0.00837064 0.99996263
0.99999062 -0.00373616 0.00219081 0.00374352 0.99998733 -0.00336672 -0.00217820 0.00337489 0.99999193
0.99999706 0.00087323 0.00226345 -0.00089362 0.99995887 0.00902529 -0.00225548 -0.00902728 0.99995671
0.99997229 0.00656866 0.00350249 -0.00661096 0.99990367 0.01220431 -0.00342199 -0.01222713 0.99991939
0.99996207 0.00844915 0.00211585 -0.00846812 0.99992256 0.00911904 -0.00203864 -0.00913661 0.99995618
0.99999772 0.00128466 0.00170737 -0.00128190 0.99999787 -0.00161804 -0.00170944 0.00161585 0.99999723
0.99999232 -0.00270720 0.00283506 0.00271937 0.99998707 -0.00429620 -0.00282339 0.00430388 0.99998675
0.99999708 -0.00014205 0.00241225 0.00015068 0.99999358 -0.00357983 -0.00241173 0.00358018 0.99999068
0.99999506 0.00050541 0.00310120 -0.00051075 0.99999839 0.00172053 -0.00310032 -0.00172210 0.99999371
0.99999618 -0.00111988 0.00252820 0.00111792 0.99999907 0.00077735 -0.00252907 -0.00077452 0.99999650
0.99999344 0.00144418 0.00332140 -0.00144747 0.99999846 0.00098893 -0.00331996 -0.00099373 0.99999400
0.99999312 -0.00159075 0.00335146 0.00159568 0.99999765 -0.00146878 -0.00334911 0.00147412 0.99999331
0.99998768 0.00020973 0.00495987 -0.00019451 0.99999527 -0.00306923 -0.00496049 0.00306823 0.99998299
0.99998943 -0.00193022 0.00417402 0.00193902 0.99999590 -0.00210554 -0.00416994 0.00211361 0.99998907
0.99998773 -0.00086778 0.00487617 0.00087577 0.99999828 -0.00163634 -0.00487474 0.00164059 0.99998677
0.99998026 -0.00021430 0.00628036 0.00022563 0.99999835 -0.00180378 -0.00627996 0.00180516 0.99997865
0.99997644 -0.00304298 0.00615241 0.00306410 0.99998943 -0.00342684 -0.00614192 0.00344561 0.99997520
0.99998787 -0.00085304 0.00485125 0.00086778 0.99999501 -0.00303641 -0.00484863 0.00304059 0.99998362
0.99997229 0.00201706 0.00716535 -0.00200456 0.99999646 -0.00175057 -0.00716885 0.00173616 0.99997280
0.99995940 0.00532889 0.00726602 -0.00533000 0.99998579 0.00013243 -0.00726521 -0.00017115 0.99997359
0.99997107 0.00346218 0.00677244 -0.00346462 0.99999394 0.00034862 -0.00677119 -0.00037207 0.99997701
0.99997491 0.00078824 0.00703957 -0.00078299 0.99999941 -0.00074830 -0.00704015 0.00074277 0.99997494
0.99997314 0.00295574 0.00670703 -0.00293573 0.99999122 -0.00299094 -0.00671581 0.00297117 0.99997303
0.99995395 0.00481198 0.00830270 -0.00478004 0.99998111 -0.00386303 -0.00832114 0.00382316 0.99995807
0.99996272 0.00261795 0.00822839 -0.00259462 0.99999259 -0.00284514 -0.00823577 0.00282369 0.99996210
0.99997288 0.00213612 0.00704783 -0.00212006 0.99999514 -0.00228563 -0.00705268 0.00227063 0.99997255
0.99995204 0.00134652 0.00970125 -0.00132024 0.99999545 -0.00271405 -0.00970486 0.00270111 0.99994926
0.99996407 0.00210611 0.00821163 -0.00209323 0.99999657 -0.00157580 -0.00821492 0.00155855 0.99996504
0.99996129 -0.00253354 0.00842665 0.00254791 0.99999532 -0.00169550 -0.00842231 0.00171690 0.99996306
0.99997253 -0.00311864 0.00672370 0.00310726 0.99999372 0.00170152 -0.00672896 -0.00168058 0.99997595
0.99996765 -0.00081127 0.00800251 0.00078914 0.99999586 0.00276883 -0.00800473 -0.00276243 0.99996415
0.99996207 0.00193742 0.00849094 -0.00196489 0.99999286 0.00322828 -0.00848463 -0.00324484 0.99995874
0.99995596 0.00002713 0.00938480 -0.00006843 0.99999032 0.00440051 -0.00938459 -0.00440096 0.99994628
0.99998775 -0.00210337 0.00448027 0.00209103 0.99999402 0.00275583 -0.00448604 -0.00274643 0.99998617
0.99997958 0.00173300 0.00615145 -0.00177296 0.99997732 0.00649719 -0.00614005 -0.00650797 0.99995997
0.99999364 -0.00156766 0.00320438 0.00155119 0.99998561 0.00513584 -0.00321239 -0.00513083 0.99998168
0.99996522 -0.00611504 0.00567124 0.00611756 0.99998120 -0.00042747 -0.00566852 0.00046215 0.99998383
0.99997987 -0.00402229 0.00490698 0.00406741 0.99994923 -0.00921883 -0.00486965 0.00923860 0.99994547
0.99997977 -0.00305329 0.00558084 0.00312583 0.99991014 -0.01303649 -0.00554053 0.01305367 0.99989945
0.99997122 -0.00539941 0.00533049 0.00544733 0.99994451 -0.00901667 -0.00528151 0.00904545 0.99994514
0.99997229 -0.00612984 0.00422363 0.00611637 0.99997619 0.00319562 -0.00424312 -0.00316970 0.99998597
0.99996483 -0.00627273 0.00556612 0.00623999 0.99996324 0.00588128 -0.00560281 -0.00584634 0.99996721
0.99998572 -0.00170792 0.00506465 0.00168232 0.99998581 0.00505564 -0.00507321 -0.00504705 0.99997439
0.99997764 0.00403054 0.00533612 -0.00400237 0.99997805 -0.00528038 -0.00535728 0.00525891 0.99997182
0.99998260 0.00447770 0.00384022 -0.00444723 0.99995885 -0.00790690 -0.00387547 0.00788968 0.99996137
0.99997890 0.00417703 0.00497588 -0.00416538 0.99998857 -0.00234908 -0.00498564 0.00232830 0.99998486
0.99997287 0.00367558 0.00638318 -0.00371077 0.99997793 0.00551073 -0.00636278 -0.00553426 0.99996444
0.99998729 0.00184815 0.00468992 -0.00186853 0.99998881 0.00434503 -0.00468184 -0.00435374 0.99997956
0.99997718 0.00253161 0.00626364 -0.00252244 0.99999574 -0.00147103 -0.00626734 0.00145520 0.99997930
0.99998332 0.00207858 0.00538898 -0.00205845 0.99999090 -0.00373782 -0.00539670 0.00372667 0.99997849
0.99998640 -0.00209267 0.00477699 0.00209620 0.99999753 -0.00073287 -0.00477544 0.00074287 0.99998832
0.99998276 -0.00378175 0.00449122 0.00378331 0.99999279 -0.00033915 -0.00448990 0.00035614 0.99998986
0.99999094 -0.00127678 0.00406040 0.00127293 0.99999874 0.00094993 -0.00406161 -0.00094476 0.99999131
0.99999032 -0.00181524 0.00400889 0.00181230 0.99999809 0.00073834 -0.00401022 -0.00073106 0.99999169
0.99999366 -0.00198201 0.00295780 0.00197883 0.99999746 0.00107882 -0.00295993 -0.00107296 0.99999504
0.99999467 0.00181003 0.00271604 -0.00181622 0.99999575 0.00228008 -0.00271190 -0.00228500 0.99999371
0.99999550 -0.00001696 0.00299859 0.00000993 0.99999725 0.00234415 -0.00299863 -0.00234411 0.99999276
0.99998263 0.00479711 0.00342514 -0.00480106 0.99998782 0.00114529 -0.00341961 -0.00116171 0.99999348
0.99999645 0.00217352 0.00154392 -0.00217020 0.99999535 -0.00214344 -0.00154857 0.00214008 0.99999651
0.99999771 0.00068074 0.00202819 -0.00067914 0.99999946 -0.00078513 -0.00202873 0.00078375 0.99999763
0.99999548 -0.00054414 0.00295831 0.00054361 0.99999984 0.00018133 -0.00295841 -0.00017972 0.99999561
0.99999022 0.00239092 0.00372184 -0.00239397 0.99999680 0.00081531 -0.00371988 -0.00082421 0.99999274
0.99999435 -0.00332878 0.00046749 0.00332600 0.99997746 0.00583319 -0.00048689 -0.00583160 0.99998288
0.99999455 -0.00301939 0.00133703 0.00301793 0.99999484 0.00109731 -0.00134033 -0.00109327 0.99999850
0.99998823 0.00443026 0.00197985 -0.00442779 0.99998942 -0.00125060 -0.00198537 0.00124182 0.99999726
0.99999841 -0.00057562 0.00168610 0.00058720 0.99997618 -0.00687671 -0.00168210 0.00687769 0.99997493
0.99999735 -0.00020170 0.00229512 0.00020667 0.99999763 -0.00216535 -0.00229468 0.00216582 0.99999502
0.99999565 0.00103547 0.00276338 -0.00103378 0.99999928 -0.00061500 -0.00276402 0.00061214 0.99999599
0.99998287 0.00399332 0.00428043 -0.00401120 0.99998324 0.00417552 -0.00426369 -0.00419262 0.99998212
0.99999721 -0.00104927 0.00211657 0.00103495 0.99997664 0.00675668 -0.00212361 -0.00675448 0.99997493
0.99999239 -0.00115576 0.00372524 0.00114232 0.99999284 0.00360888 -0.00372938 -0.00360460 0.99998655
0.99998067 0.00375352 0.00495687 -0.00375095 0.99999283 -0.00052710 -0.00495881 0.00050849 0.99998758
0.99999052 -0.00024142 0.00434858 0.00024513 0.99999961 -0.00085327 -0.00434837 0.00085433 0.99999018
0.99999498 -0.00016324 0.00316288 0.00016473 0.99999988 -0.00047122 -0.00316280 0.00047174 0.99999489
0.99999050 0.00053468 0.00432685 -0.00053825 0.99999952 0.00082402 -0.00432641 -0.00082634 0.99999030
0.99998556 -0.00010067 0.00537286 0.00009693 0.99999975 0.00069748 -0.00537293 -0.00069695 0.99998532
0.99999630 0.00025989 0.00270762 -0.00026260 0.99999946 0.00100080 -0.00270736 -0.00100150 0.99999583
0.99998830 0.00219057 0.00431229 -0.00218521 0.99999684 -0.00124667 -0.00431501 0.00123723 0.99998992
0.99998713 0.00319930 0.00393775 -0.00319668 0.99999467 -0.00067006 -0.00393987 0.00065747 0.99999202
0.99998778 0.00265509 0.00416918 -0.00266053 0.99999562 0.00129983 -0.00416571 -0.00131091 0.99999046
0.99998591 0.00403159 0.00345407 -0.00403067 0.99999184 -0.00027244 -0.00345514 0.00025851 0.99999400
0.99998204 0.00519112 0.00299533 -0.00517975 0.99997940 -0.00379120 -0.00301495 0.00377562 0.99998833
0.99998484 0.00359629 0.00417028 -0.00357560 0.99998132 -0.00495827 -0.00418803 0.00494328 0.99997901
0.99999263 0.00141115 0.00357166 -0.00140427 0.99999715 -0.00192869 -0.00357437 0.00192366 0.99999176
0.99999215 0.00192526 0.00346420 -0.00193434 0.99999470 0.00261907 -0.00345914 -0.00262575 0.99999057
0.99999351 0.00025076 0.00359518 -0.00026196 0.99999511 0.00311665 -0.00359438 -0.00311757 0.99998868
0.99999354 -0.00116284 0.00339980 0.00115428 0.99999616 0.00252094 -0.00340272 -0.00251700 0.99999104
0.99999516 -0.00121934 0.00286254 0.00121629 0.99999869 0.00106754 -0.00286384 -0.00106405 0.99999533
0.99999426 -0.00010292 0.00338618 0.00010264 0.99999999 0.00008339 -0.00338619 -0.00008304 0.99999426
0.99999089 0.00109706 0.00412577 -0.00108990 0.99999790 -0.00173693 -0.00412767 0.00173242 0.99998998
0.99998826 0.00111653 0.00471505 -0.00110240 0.99999490 -0.00299873 -0.00471838 0.00299350 0.99998439
0.99994858 -0.00911332 0.00444866 0.00909676 0.99995168 0.00372702 -0.00448241 -0.00368636 0.99998316
0.99998946 0.00039076 0.00457469 -0.00041474 0.99998617 0.00524313 -0.00457258 -0.00524497 0.99997579
0.99998675 -0.00005117 0.00514769 0.00005772 0.99999919 -0.00127330 -0.00514762 0.00127358 0.99998594
0.99998934 -0.00113577 0.00447658 0.00119091 0.99992321 -0.01233503 -0.00446223 0.01234023 0.99991390
0.99998239 -0.00210819 0.00554670 0.00217486 0.99992515 -0.01204025 -0.00552090 0.01205210 0.99991213
0.99999154 0.00107783 0.00396878 -0.00106201 0.99999149 -0.00398623 -0.00397304 0.00398198 0.99998418
0.99998358 0.00305104 0.00485149 -0.00307794 0.99997989 0.00554542 -0.00483447 -0.00556027 0.99997286
0.99997800 0.00437376 0.00498704 -0.00441176 0.99996114 0.00763296 -0.00495346 -0.00765479 0.99995843
0.99998875 0.00055861 0.00471066 -0.00057900 0.99999046 0.00432856 -0.00470819 -0.00433124 0.99997954
0.99998806 0.00037769 0.00487246 -0.00037583 0.99999986 -0.00038305 -0.00487260 0.00038121 0.99998806
0.99996636 0.00458669 0.00679969 -0.00460347 0.99998639 0.00245481 -0.00678834 -0.00248603 0.99997387
0.99996434 0.00461095 0.00707461 -0.00464315 0.99997890 0.00454289 -0.00705351 -0.00457558 0.99996466
0.99997014 0.00286129 0.00717835 -0.00288503 0.99999040 0.00329921 -0.00716885 -0.00331983 0.99996879
0.99997141 -0.00198524 0.00729696 0.00199639 0.99999685 -0.00152134 -0.00729391 0.00153586 0.99997222
0.99997682 -0.00283463 0.00618998 0.00285801 0.99998880 -0.00377263 -0.00617922 0.00379023 0.99997373
0.99997621 -0.00232112 0.00649536 0.00233411 0.99999529 -0.00199351 -0.00649070 0.00200863 0.99997692
0.99997872 0.00106682 0.00643568 -0.00107602 0.99999840 0.00142656 -0.00643415 -0.00143345 0.99997827
0.99997904 0.00176028 0.00623110 -0.00177455 0.99999581 0.00228599 -0.00622705 -0.00229700 0.99997797
0.99997928 -0.00211467 0.00608044 0.00210893 0.99999732 0.00095017 -0.00608244 -0.00093733 0.99998106
0.99998672 -0.00139938 0.00496007 0.00141129 0.99999613 -0.00239921 -0.00495669 0.00240618 0.99998482
0.99998959 0.00074786 0.00450197 -0.00073002 0.99999188 -0.00396225 -0.00450489 0.00395893 0.99998202
0.99999275 -0.00060412 0.00376005 0.00061063 0.99999831 -0.00173176 -0.00375900 0.00173404 0.99999143
0.99998208 -0.00544114 0.00249711 0.00543857 0.99998467 0.00103680 -0.00250271 -0.00102320 0.99999634
0.99999533 -0.00192313 0.00237392 0.00191684 0.99999465 0.00264953 -0.00237900 -0.00264496 0.99999367
0.99999669 -0.00179183 0.00184596 0.00178974 0.99999776 0.00113312 -0.00184798 -0.00112981 0.99999765
0.99999875 -0.00046585 0.00151036 0.00046627 0.99999985 -0.00028158 -0.00151023 0.00028228 0.99999882
0.99999695 -0.00243322 0.00041485 0.00243402 0.99999516 -0.00193571 -0.00041014 0.00193672 0.99999804
0.99999851 -0.00172629 0.00001027 0.00172631 0.99999644 -0.00203453 -0.00000676 0.00203455 0.99999793
0.99999494 -0.00316899 0.00026620 0.00316938 0.99999393 -0.00144490 -0.00026162 0.00144573 0.99999892
0.99999837 -0.00180287 0.00003270 0.00180291 0.99999763 -0.00122169 -0.00003049 0.00122175 0.99999925
0.99999854 -0.00156358 -0.00068674 0.00156332 0.99999871 -0.00038102 0.00068733 0.00037995 0.99999969
0.99999153 -0.00335771 -0.00238203 0.00335831 0.99999433 0.00024620 0.00238119 -0.00025420 0.99999713
0.99999696 -0.00130146 -0.00209548 0.00130460 0.99999803 0.00149765 0.00209353 -0.00150038 0.99999668
0.99999683 -0.00086105 -0.00236536 0.00086598 0.99999745 0.00208544 0.00236356 -0.00208748 0.99999503
0.99999639 -0.00004605 -0.00268756 0.00005558 0.99999372 0.00354377 0.00268738 -0.00354391 0.99999011
0.99999300 0.00002055 -0.00374152 -0.00000975 0.99999583 0.00288716 0.00374157 -0.00288710 0.99998883
0.99998875 0.00099689 -0.00463774 -0.00098606 0.99999678 0.00233721 0.00464006 -0.00233261 0.99998651
0.99997800 0.00511838 -0.00421980 -0.00511906 0.99998689 -0.00015148 0.00421897 0.00017308 0.99999109
0.99998769 0.00344540 -0.00357101 -0.00345091 0.99999286 -0.00153910 0.00356568 0.00155140 0.99999244
0.99999208 -0.00028818 -0.00396825 0.00028855 0.99999995 0.00009294 0.00396823 -0.00009408 0.99999212
0.99999596 0.00165517 -0.00231150 -0.00164938 0.99999551 0.00250275 0.00231563 -0.00249893 0.99999420
0.99999119 0.00161192 -0.00387698 -0.00159958 0.99999365 0.00318353 0.00388209 -0.00317730 0.99998742
0.99999373 0.00261279 -0.00239115 -0.00260857 0.99999504 0.00176343 0.00239575 -0.00175718 0.99999559
0.99998880 -0.00109412 -0.00460492 0.00108887 0.99999875 -0.00114302 0.00460616 0.00113799 0.99998874
0.99999399 -0.00004019 -0.00346791 0.00003737 0.99999967 -0.00081344 0.00346794 0.00081331 0.99999366
0.99999782 -0.00022322 -0.00207625 0.00022027 0.99999897 -0.00142112 0.00207657 0.00142065 0.99999683
0.99999513 0.00024194 -0.00311138 -0.00024936 0.99999712 -0.00238679 0.00311080 0.00238755 0.99999231
0.99998896 0.00312414 -0.00350964 -0.00312501 0.99999509 -0.00024418 0.00350886 0.00025514 0.99999381
0.99999190 0.00003346 -0.00402542 -0.00003451 0.99999997 -0.00026144 0.00402541 0.00026157 0.99999186
0.99999301 0.00244939 -0.00282440 -0.00244843 0.99999694 0.00034492 0.00282524 -0.00033800 0.99999595
0.99999660 0.00102667 -0.00239865 -0.00102528 0.99999930 0.00058312 0.00239925 -0.00058066 0.99999695
0.99999372 0.00115752 -0.00334895 -0.00116092 0.99999881 -0.00101207 0.00334778 0.00101595 0.99999388
0.99998637 0.00391904 -0.00345002 -0.00392845 0.99998857 -0.00272511 0.00343930 0.00273862 0.99999034
0.99999376 0.00097040 -0.00339610 -0.00096886 0.99999943 0.00045444 0.00339654 -0.00045115 0.99999413
0.99999402 0.00072399 -0.00338316 -0.00072373 0.99999973 0.00008045 0.00338322 -0.00007800 0.99999427
0.99998694 0.00175258 -0.00480138 -0.00174928 0.99999823 0.00069188 0.00480258 -0.00068347 0.99998823
0.99999388 0.00061415 -0.00344560 -0.00062087 0.99999791 -0.00194882 0.00344440 0.00195095 0.99999216
0.99999518 0.00090111 -0.00297069 -0.00090367 0.99999922 -0.00086021 0.00296991 0.00086289 0.99999522
0.99999598 -0.00005590 -0.00283504 0.00005134 0.99999870 -0.00160953 0.00283512 0.00160938 0.99999469
0.99999513 -0.00164844 -0.00265152 0.00164516 0.99999788 -0.00124037 0.00265356 0.00123600 0.99999572
0.99999737 0.00011841 -0.00229126 -0.00012240 0.99999847 -0.00174337 0.00229105 0.00174365 0.99999586
0.99999848 -0.00026102 -0.00172658 0.00026070 0.99999995 -0.00018439 0.00172663 0.00018394 0.99999849
0.99999902 -0.00046544 -0.00131664 0.00046402 0.99999931 -0.00107957 0.00131714 0.00107896 0.99999855
0.99999556 0.00028757 -0.00296571 -0.00029162 0.99999903 -0.00136350 0.00296532 0.00136435 0.99999467
0.99999973 -0.00071384 -0.00014898 0.00071373 0.99999945 -0.00076521 0.00014952 0.00076511 0.99999970
0.99999892 0.00034937 0.00142788 -0.00034931 0.99999994 -0.00004105 -0.00142789 0.00004056 0.99999898
0.99999809 0.00179474 0.00077299 -0.00179501 0.99999833 0.00035257 -0.00077235 -0.00035395 0.99999964
0.99999457 0.00081663 0.00319263 -0.00082283 0.99999778 0.00194161 -0.00319104 -0.00194423 0.99999302
0.99999804 -0.00099285 0.00171017 0.00099536 0.99999843 -0.00146830 -0.00170871 0.00147000 0.99999746
0.99999604 -0.00207880 0.00189686 0.00208499 0.99999248 -0.00327130 -0.00189005 0.00327524 0.99999285
0.99998505 -0.00482562 0.00257206 0.00483620 0.99997981 -0.00412297 -0.00255211 0.00413535 0.99998819
0.99999467 -0.00252282 0.00207410 0.00253374 0.99998285 -0.00528077 -0.00206074 0.00528600 0.99998391
0.99999634 0.00126763 0.00239115 -0.00126031 0.99999452 -0.00306015 -0.00239501 0.00305712 0.99999246
0.99999535 0.00176063 0.00248815 -0.00175926 0.99999830 -0.00054998 -0.00248911 0.00054560 0.99999675
0.99999106 -0.00278480 0.00318043 0.00277673 0.99999293 0.00253747 -0.00318748 -0.00252862 0.99999172
0.99995206 -0.00938305 0.00280086 0.00936958 0.99994466 0.00478431 -0.00284559 -0.00475784 0.99998463
0.99999578 -0.00107297 0.00269921 0.00107183 0.99999934 0.00042340 -0.00269966 -0.00042050 0.99999627
0.99998547 0.00456769 0.00286431 -0.00455980 0.99998581 -0.00275607 -0.00287685 0.00274297 0.99999210
0.99999521 0.00247058 0.00186533 -0.00246788 0.99999591 -0.00144677 -0.00186890 0.00144216 0.99999721
0.99998728 -0.00434426 0.00256448 0.00433953 0.99998888 0.00184717 -0.00257247 -0.00183602 0.99999501
0.99998829 -0.00453322 0.00169147 0.00453097 0.99998885 0.00133085 -0.00169748 -0.00132317 0.99999768
0.99999942 -0.00037638 0.00101318 0.00037755 0.99999926 -0.00115595 -0.00101274 0.00115634 0.99999882
0.99998949 0.00408811 0.00207776 -0.00408668 0.99999141 -0.00069128 -0.00208057 0.00068278 0.99999760
0.99999774 0.00168260 0.00130236 -0.00167882 0.99999440 -0.00289492 -0.00130722 0.00289273 0.99999496
0.99999818 0.00180090 -0.00062517 -0.00180363 0.99998870 -0.00439936 0.00061724 0.00440048 0.99999013
0.99999682 -0.00154821 0.00199032 0.00155269 0.99999626 -0.00225303 -0.00198682 0.00225611 0.99999548
0.99999125 0.00385457 0.00162651 -0.00385722 0.99999124 0.00162601 -0.00162023 -0.00163227 0.99999736
0.99999036 0.00398591 0.00183944 -0.00398776 0.99999154 0.00100550 -0.00183542 -0.00101283 0.99999780
0.99999376 0.00129146 0.00328922 -0.00128969 0.99999902 -0.00054157 -0.00328992 0.00053733 0.99999444
0.99999159 -0.00405413 0.00062288 0.00405707 0.99998028 -0.00479451 -0.00060343 0.00479700 0.99998831
0.99999890 -0.00143979 0.00035074 0.00144183 0.99998166 -0.00588150 -0.00034227 0.00588200 0.99998264
0.99999915 0.00012394 0.00129416 -0.00011924 0.99999342 -0.00362613 -0.00129460 0.00362597 0.99999259
0.99999297 -0.00372974 0.00039774 0.00372892 0.99999096 0.00204294 -0.00040536 -0.00204145 0.99999783
0.99998967 -0.00421610 0.00169705 0.00420617 0.99997425 0.00581370 -0.00172152 -0.00580650 0.99998166
0.99999399 -0.00319332 0.00135129 0.00319003 0.99999195 0.00243245 -0.00135905 -0.00242813 0.99999613
0.99999782 -0.00175536 0.00113211 0.00175615 0.99999821 -0.00070000 -0.00113088 0.00070199 0.99999911
0.99999977 -0.00029757 0.00060958 0.00029871 0.99999823 -0.00185934 -0.00060902 0.00185952 0.99999809
0.99999903 -0.00099321 0.00097977 0.00099460 0.99999849 -0.00142263 -0.00097835 0.00142361 0.99999851
0.99999957 -0.00092842 0.00005177 0.00092838 0.99999924 0.00080817 -0.00005252 -0.00080813 0.99999967
0.99999955 0.00025834 -0.00090891 -0.00025691 0.99999875 0.00156317 0.00090931 -0.00156294 0.99999837
0.99999817 -0.00190976 0.00007439 0.00190964 0.99999693 0.00157653 -0.00007740 -0.00157638 0.99999875
0.99999938 -0.00017294 -0.00110333 0.00017349 0.99999986 0.00050091 0.00110324 -0.00050110 0.99999927
0.99999991 -0.00035895 -0.00024011 0.00035952 0.99999710 0.00238287 0.00023925 -0.00238296 0.99999713
0.99999748 -0.00118384 -0.00190951 0.00118666 0.99999820 0.00147792 0.00190776 -0.00148018 0.99999708
0.99999847 -0.00163559 -0.00062268 0.00163641 0.99999778 0.00132432 0.00062051 -0.00132534 0.99999893
1.00000000 -0.00005327 -0.00002428 0.00005330 0.99999922 0.00125097 0.00002421 -0.00125097 0.99999922
0.99999459 -0.00221221 -0.00243293 0.00221135 0.99999749 -0.00035671 0.00243371 0.00035132 0.99999698
0.99999742 -0.00098177 -0.00204779 0.00098283 0.99999939 0.00051365 0.00204729 -0.00051566 0.99999777
0.99999364 -0.00224350 -0.00277156 0.00224711 0.99999663 0.00129836 0.00276864 -0.00130458 0.99999532
0.99999527 -0.00175104 -0.00252836 0.00175279 0.99999823 0.00068837 0.00252715 -0.00069280 0.99999657
0.99999348 -0.00150280 -0.00328502 0.00150033 0.99999859 -0.00075281 0.00328615 0.00074787 0.99999432
0.99998680 -0.00201152 -0.00472788 0.00200328 0.99999647 -0.00174796 0.00473138 0.00173847 0.99998730
0.99999492 0.00046697 -0.00315197 -0.00046898 0.99999969 -0.00063545 0.00315167 0.00063692 0.99999483
0.99999374 0.00214558 -0.00281378 -0.00214918 0.99999688 -0.00127704 0.00281103 0.00128308 0.99999523
0.99999372 0.00186243 -0.00301663 -0.00186511 0.99999787 -0.00088421 0.00301497 0.00088983 0.99999506
0.99998922 0.00183995 -0.00426284 -0.00184494 0.99999762 -0.00116684 0.00426068 0.00117469 0.99999023
0.99999866 0.00014586 -0.00163249 -0.00014327 0.99999873 0.00158883 0.00163272 -0.00158860 0.99999741
0.99999611 -0.00112393 -0.00255263 0.00113013 0.99999641 0.00242967 0.00254989 -0.00243255 0.99999379
0.99999842 0.00118864 -0.00132136 -0.00118608 0.99999741 0.00194139 0.00132366 -0.00193982 0.99999724
0.99999332 -0.00340058 -0.00133989 0.00340177 0.99999382 0.00089151 0.00133685 -0.00089606 0.99999870
0.99999776 -0.00131285 -0.00166050 0.00130778 0.99999449 -0.00305188 0.00166450 0.00304970 0.99999396
0.99999844 0.00176571 -0.00004509 -0.00176568 0.99999825 0.00062506 0.00004620 -0.00062498 0.99999980
0.99999492 0.00311776 -0.00067010 -0.00311662 0.99999370 0.00169764 0.00067539 -0.00169555 0.99999833
0.99999888 0.00149817 -0.00003843 -0.00149805 0.99999440 0.00299174 0.00004291 -0.00299168 0.99999552
0.99999921 0.00104999 -0.00068857 -0.00105079 0.99999878 -0.00115984 0.00068735 0.00116056 0.99999909
0.99999857 -0.00168544 0.00012491 0.00168549 0.99999850 -0.00040697 -0.00012422 0.00040718 0.99999991
0.99999995 -0.00012820 0.00028697 0.00012850 0.99999946 -0.00103131 -0.00028684 0.00103134 0.99999943
0.99999865 0.00158825 -0.00042019 -0.00158852 0.99999853 -0.00064624 0.00041916 0.00064690 0.99999970
0.99999873 -0.00159292 0.00003559 0.00159290 0.99999861 0.00049562 -0.00003638 -0.00049557 0.99999988
0.99999926 0.00000512 -0.00121936 -0.00000493 0.99999999 0.00015831 0.00121936 -0.00015831 0.99999924
0.99999813 -0.00169345 -0.00093765 0.00169509 0.99999702 0.00175479 0.00093468 -0.00175638 0.99999802
0.99999839 0.00171835 -0.00052546 -0.00171901 0.99999774 -0.00125282 0.00052331 0.00125372 0.99999908
0.99999971 -0.00065213 -0.00039180 0.00065134 0.99999776 -0.00201483 0.00039311 0.00201458 0.99999789
0.99999534 -0.00293271 -0.00084881 0.00293108 0.99999386 -0.00192088 0.00085444 0.00191838 0.99999779
0.99999614 -0.00264497 -0.00084606 0.00264773 0.99999112 0.00327929 0.00083738 -0.00328152 0.99999427
0.99999669 -0.00201910 -0.00159331 0.00202393 0.99999335 0.00303450 0.00158717 -0.00303771 0.99999413
0.99998721 -0.00474978 -0.00173757 0.00474694 0.99998739 -0.00164008 0.00174534 0.00163181 0.99999715
0.99997295 -0.00670860 -0.00301478 0.00668903 0.99995680 -0.00645456 0.00305795 0.00643422 0.99997462
0.99998949 -0.00396304 -0.00230315 0.00395444 0.99998525 -0.00372286 0.00231787 0.00371371 0.99999042
0.99998644 -0.00385267 -0.00350418 0.00385257 0.99999258 -0.00003567 0.00350429 0.00002217 0.99999386
0.99999221 -0.00178100 -0.00352353 0.00178356 0.99999815 0.00072177 0.00352224 -0.00072804 0.99999353
0.99999101 -0.00118544 -0.00407079 0.00117532 0.99999621 -0.00248939 0.00407372 0.00248458 0.99998862
0.99999585 0.00014541 -0.00287788 -0.00014537 0.99999999 0.00001290 0.00287788 -0.00001248 0.99999586
0.99999288 0.00108131 -0.00361425 -0.00106877 0.99999341 0.00346918 0.00361798 -0.00346530 0.99998745
0.99999492 0.00127923 -0.00292032 -0.00126325 0.99998426 0.00546746 0.00292727 -0.00546375 0.99998079
0.99998646 0.00227237 -0.00468094 -0.00226684 0.99999673 0.00118536 0.00468361 -0.00117473 0.99998834
0.99998741 0.00177983 -0.00469241 -0.00177561 0.99999802 0.00090340 0.00469401 -0.00089506 0.99998858
0.99998008 0.00134298 -0.00616684 -0.00133975 0.99999896 0.00052792 0.00616754 -0.00051965 0.99998085
0.99997671 0.00323056 -0.00601245 -0.00323250 0.99999473 -0.00031233 0.00601141 0.00033176 0.99998188
0.99997816 0.00211088 -0.00626351 -0.00211841 0.99999704 -0.00119684 0.00626096 0.00121008 0.99997967
0.99996311 0.00052433 -0.00857301 -0.00052901 0.99999971 -0.00054303 0.00857272 0.00054755 0.99996310
0.99994916 0.00123008 -0.01000839 -0.00123567 0.99999908 -0.00055239 0.01000770 0.00056473 0.99994976
0.99995326 0.00060261 -0.00964969 -0.00060523 0.99999978 -0.00026935 0.00964952 0.00027518 0.99995340
0.99995582 -0.00081375 -0.00936493 0.00081999 0.99999944 0.00066167 0.00936439 -0.00066932 0.99995593
0.99995499 0.00052408 -0.00947341 -0.00052052 0.99999979 0.00037800 0.00947361 -0.00037305 0.99995505
0.99995495 0.00115644 -0.00942175 -0.00115274 0.99999926 0.00039821 0.00942221 -0.00038733 0.99995554
0.99994552 -0.00061298 -0.01042056 0.00061689 0.99999974 0.00037232 0.01042033 -0.00037872 0.99994564
0.99997330 0.00127327 -0.00719628 -0.00127019 0.99999910 0.00043239 0.00719682 -0.00042324 0.99997401
0.99997775 -0.00010955 -0.00667022 0.00011170 0.99999994 0.00032295 0.00667018 -0.00032368 0.99997770
0.99998543 0.00301494 -0.00447780 -0.00302206 0.99999418 -0.00158327 0.00447300 0.00159678 0.99998872
0.99998723 0.00048337 -0.00503062 -0.00047932 0.99999956 0.00080548 0.00503101 -0.00080305 0.99998702
0.99998915 0.00120685 -0.00449853 -0.00120723 0.99999927 -0.00008145 0.00449843 0.00008688 0.99998988
0.99998998 -0.00038701 -0.00446015 0.00038543 0.99999986 -0.00035624 0.00446029 0.00035452 0.99998999
0.99998909 -0.00033265 -0.00465832 0.00033017 0.99999980 -0.00053262 0.00465850 0.00053107 0.99998901
0.99998956 -0.00021029 -0.00456426 0.00021137 0.99999995 0.00023574 0.00456421 -0.00023670 0.99998956
0.99998966 -0.00166841 -0.00423091 0.00167794 0.99999606 0.00225018 0.00422714 -0.00225726 0.99998852
0.99999009 0.00055364 -0.00441671 -0.00054643 0.99999852 0.00163366 0.00441760 -0.00163123 0.99998891
0.99998913 -0.00058719 -0.00462553 0.00059755 0.99999732 0.00223660 0.00462421 -0.00223934 0.99998680
0.99999071 0.00034741 -0.00429642 -0.00033728 0.99999717 0.00235650 0.00429722 -0.00235503 0.99998799
0.99999019 0.00127784 -0.00424069 -0.00127000 0.99999748 0.00185198 0.00424305 -0.00184658 0.99998929
0.99999244 -0.00003758 -0.00388874 0.00003731 1.00000000 -0.00006871 0.00388874 0.00006857 0.99999244
0.99998178 -0.00013138 -0.00603495 0.00011629 0.99999686 -0.00250163 0.00603526 0.00250088 0.99997866
0.99998780 0.00010993 -0.00493742 -0.00012214 0.99999694 -0.00247145 0.00493713 0.00247203 0.99998476
0.99999202 0.00204621 -0.00343088 -0.00204833 0.99999771 -0.00061322 0.00342962 0.00062024 0.99999393
0.99999344 0.00067955 -0.00355905 -0.00066158 0.99998705 0.00504537 0.00356243 -0.00504298 0.99998094
0.99999313 0.00204967 -0.00308926 -0.00203706 0.99998960 0.00408169 0.00309759 -0.00407537 0.99998690
0.99998972 0.00406529 -0.00200874 -0.00406522 0.99999174 0.00004163 0.00200889 -0.00003347 0.99999798
0.99999376 0.00326059 -0.00136021 -0.00326684 0.99998398 -0.00462302 0.00134512 0.00462743 0.99998839
0.99999871 0.00154987 -0.00041004 -0.00155140 0.99999174 -0.00375713 0.00040421 0.00375776 0.99999286
0.99999874 0.00136748 -0.00080119 -0.00136706 0.99999893 0.00052245 0.00080190 -0.00052135 0.99999954
0.99999679 0.00243892 -0.00068093 -0.00243553 0.99998491 0.00492376 0.00069293 -0.00492209 0.99998765
0.99999534 0.00303154 -0.00035674 -0.00302972 0.99998300 0.00498211 0.00037184 -0.00498101 0.99998753
0.99999864 0.00164555 -0.00013327 -0.00164522 0.99999571 0.00242477 0.00013726 -0.00242455 0.99999705
0.99999969 0.00056041 0.00055004 -0.00056025 0.99999980 -0.00029760 -0.00055020 0.00029729 0.99999980
0.99999824 -0.00156318 -0.00103625 0.00156201 0.99999814 -0.00113442 0.00103802 0.00113280 0.99999882
0.99999819 0.00171409 0.00082634 -0.00171296 0.99999761 -0.00136033 -0.00082867 0.00135891 0.99999873
0.99997568 -0.00646827 0.00260799 0.00646112 0.99997537 0.00274171 -0.00262566 -0.00272479 0.99999284
0.99999924 -0.00123457 0.00002542 0.00123454 0.99999817 0.00146440 -0.00002723 -0.00146437 0.99999893
0.99999998 -0.00013740 -0.00011990 0.00013709 0.99999669 -0.00256906 0.00012025 0.00256904 0.99999669
0.99999574 -0.00283509 0.00070030 0.00283841 0.99998455 -0.00478011 -0.00068674 0.00478208 0.99998833
0.99999833 -0.00149072 -0.00105931 0.00148522 0.99998550 -0.00517536 0.00106701 0.00517377 0.99998605
0.99999804 0.00188447 0.00060184 -0.00188519 0.99999750 0.00120199 -0.00059957 -0.00120312 0.99999910
0.99999962 0.00070607 0.00051799 -0.00070779 0.99999424 0.00331927 -0.00051565 -0.00331963 0.99999436
0.99999876 0.00153427 0.00035856 -0.00153454 0.99999853 0.00076088 -0.00035739 -0.00076142 0.99999965
0.99999986 0.00046798 0.00022820 -0.00046758 0.99999842 -0.00171510 -0.00022901 0.00171500 0.99999850
0.99999812 -0.00192136 -0.00024366 0.00192045 0.99999145 -0.00366126 0.00025069 0.00366079 0.99999327
0.99999994 0.00014389 -0.00030910 -0.00014453 0.99999782 -0.00208445 0.00030879 0.00208450 0.99999778
0.99999906 -0.00099256 0.00094230 0.00099016 0.99999628 0.00254143 -0.00094482 -0.00254050 0.99999633
0.99999924 -0.00116632 -0.00038968 0.00116739 0.99999548 0.00276972 0.00038645 -0.00277018 0.99999609
0.99999725 -0.00232931 -0.00025484 0.00232921 0.99999721 -0.00040190 0.00025577 0.00040130 0.99999989
0.99998984 -0.00447109 -0.00057585 0.00447008 0.99998847 -0.00175507 0.00058369 0.00175248 0.99999829
0.99999647 -0.00265737 0.00003835 0.00265742 0.99999553 -0.00136962 -0.00003471 0.00136972 0.99999906
0.99999661 -0.00238189 -0.00105015 0.00238336 0.99999617 0.00140506 0.00104680 -0.00140756 0.99999846
0.99996309 -0.00769869 -0.00381403 0.00769526 0.99996998 -0.00091114 0.00382093 0.00088176 0.99999231
0.99999324 -0.00357307 -0.00087153 0.00357330 0.99999358 0.00027024 0.00087056 -0.00027335 0.99999958
0.99999802 0.00189127 -0.00062389 -0.00188882 0.99999058 0.00390827 0.00063128 -0.00390709 0.99999217
0.99999695 0.00244165 -0.00037277 -0.00243912 0.99997505 0.00662914 0.00038894 -0.00662822 0.99997796
0.99999828 -0.00141445 -0.00120117 0.00141935 0.99999064 0.00408640 0.00119538 -0.00408810 0.99999093
0.99999961 -0.00027222 -0.00084381 0.00027088 0.99999871 -0.00158514 0.00084424 0.00158491 0.99999839
0.99999800 -0.00001298 0.00199995 0.00001881 0.99999576 -0.00291300 -0.00199991 0.00291303 0.99999376
0.99999512 -0.00265210 -0.00165184 0.00264854 0.99999417 -0.00215376 0.00165754 0.00214938 0.99999632
0.99999538 -0.00296466 -0.00067403 0.00296651 0.99999180 0.00275525 0.00066585 -0.00275723 0.99999598
0.99999717 -0.00233020 -0.00047862 0.00233136 0.99999433 0.00243183 0.00047295 -0.00243294 0.99999693
0.99999987 -0.00003458 -0.00051219 0.00003556 0.99999818 0.00190937 0.00051212 -0.00190939 0.99999805
0.99999677 0.00253842 0.00008913 -0.00253834 0.99999640 -0.00087197 -0.00009135 0.00087174 0.99999962
0.99999998 0.00016532 0.00010560 -0.00016539 0.99999975 0.00068225 -0.00010549 -0.00068227 0.99999976
0.99999905 -0.00133026 0.00035581 0.00132960 0.99999745 0.00182448 -0.00035823 -0.00182400 0.99999827
0.99999834 0.00023087 0.00180542 -0.00023367 0.99999877 0.00154992 -0.00180506 -0.00155034 0.99999717
0.99999794 -0.00008920 0.00202725 0.00008391 0.99999660 0.00260772 -0.00202748 -0.00260754 0.99999455
0.99999650 -0.00040339 0.00261435 0.00040317 0.99999992 0.00008240 -0.00261438 -0.00008135 0.99999658
0.99999750 -0.00063938 0.00214362 0.00064464 0.99999678 -0.00245395 -0.00214205 0.00245532 0.99999469
0.99999945 0.00017534 0.00103561 -0.00017107 0.99999151 -0.00411766 -0.00103632 0.00411748 0.99999099
0.99999731 0.00196284 0.00123699 -0.00195658 0.99998541 -0.00503422 -0.00124685 0.00503178 0.99998656
0.99999596 0.00232258 0.00163723 -0.00231332 0.99998144 -0.00563588 -0.00165029 0.00563207 0.99998278
0.99999945 0.00022827 0.00102142 -0.00022683 0.99999898 -0.00141145 -0.00102175 0.00141122 0.99999848
0.99999392 0.00240334 0.00252530 -0.00241072 0.99999282 0.00292534 -0.00251825 -0.00293141 0.99999253
0.99999792 0.00029841 0.00201811 -0.00031109 0.99998022 0.00628261 -0.00201620 -0.00628323 0.99997823
0.99999951 -0.00087883 0.00045589 0.00087829 0.99999892 0.00118037 -0.00045693 -0.00117996 0.99999920
0.99999634 -0.00268279 0.00034691 0.00268325 0.99999548 -0.00135610 -0.00034327 0.00135703 0.99999902
0.99999973 0.00029048 0.00068063 -0.00028920 0.99999818 -0.00188485 -0.00068117 0.00188465 0.99999799
0.99999964 0.00002492 0.00085205 -0.00002396 0.99999937 -0.00111950 -0.00085208 0.00111947 0.99999901
0.99999902 -0.00129185 0.00054796 0.00129233 0.99999878 -0.00087401 -0.00054683 0.00087471 0.99999947
0.99999948 -0.00096207 0.00034381 0.00096229 0.99999934 -0.00062729 -0.00034321 0.00062762 0.99999974
0.99999834 -0.00179733 -0.00031371 0.00179678 0.99999681 -0.00177604 0.00031690 0.00177547 0.99999837
0.99999909 0.00123179 -0.00054172 -0.00123247 0.99999845 -0.00126016 0.00054017 0.00126082 0.99999906
0.99999992 -0.00001330 0.00040484 0.00001362 0.99999969 -0.00078616 -0.00040483 0.00078616 0.99999961
0.99999984 0.00026148 -0.00049613 -0.00026094 0.99999937 0.00109148 0.00049641 -0.00109135 0.99999928
0.99999879 -0.00127400 -0.00089368 0.00127544 0.99999789 0.00161212 0.00089162 -0.00161326 0.99999830
0.99999913 -0.00048191 -0.00123120 0.00048401 0.99999843 0.00170607 0.00123038 -0.00170666 0.99999779
0.99999913 0.00024405 -0.00129808 -0.00024169 0.99999833 0.00181307 0.00129852 -0.00181276 0.99999751
0.99999957 0.00060219 -0.00071009 -0.00060118 0.99999881 0.00142225 0.00071095 -0.00142183 0.99999874
0.99999639 0.00018024 -0.00268124 -0.00018165 0.99999985 -0.00052339 0.00268114 0.00052388 0.99999627
0.99999594 0.00157901 -0.00237399 -0.00158009 0.99999865 -0.00045236 0.00237327 0.00045611 0.99999708
0.99999208 0.00099521 -0.00385442 -0.00099436 0.99999948 0.00022050 0.00385464 -0.00021667 0.99999255
0.99999682 0.00224885 -0.00114506 -0.00224840 0.99999739 0.00040072 0.00114596 -0.00039814 0.99999926
0.99999418 0.00235748 -0.00246632 -0.00235411 0.99999630 0.00136593 0.00246953 -0.00136011 0.99999603
0.99999883 0.00040458 -0.00147388 -0.00040202 0.99999841 0.00173645 0.00147458 -0.00173586 0.99999741
0.99999916 0.00021237 -0.00127776 -0.00021137 0.99999967 0.00078199 0.00127793 -0.00078172 0.99999888
0.99999537 0.00116197 -0.00281099 -0.00116127 0.99999929 0.00024886 0.00281128 -0.00024559 0.99999602
0.99999884 -0.00082535 -0.00127794 0.00082501 0.99999962 -0.00026931 0.00127816 0.00026826 0.99999915
0.99999761 -0.00120467 -0.00182233 0.00120493 0.99999926 0.00014304 0.00182216 -0.00014524 0.99999833
0.99999753 -0.00160377 -0.00153750 0.00160427 0.99999866 0.00032594 0.00153698 -0.00032840 0.99999876
0.99999941 0.00019119 -0.00106909 -0.00019212 0.99999960 -0.00087018 0.00106893 0.00087039 0.99999905
0.99999871 0.00140102 -0.00078328 -0.00140075 0.99999896 0.00034755 0.00078376 -0.00034645 0.99999963
0.99999481 -0.00187418 -0.00261875 0.00187479 0.99999822 0.00022880 0.00261831 -0.00023371 0.99999654
0.99999929 0.00115968 0.00028886 -0.00115976 0.99999928 0.00029773 -0.00028852 -0.00029806 0.99999991
0.99999108 -0.00063094 0.00417668 0.00061923 0.99999587 0.00280583 -0.00417843 -0.00280322 0.99998734
0.99999594 0.00276153 -0.00070517 -0.00276208 0.99999587 -0.00079011 0.00070299 0.00079206 0.99999944
0.99999738 0.00050239 -0.00223359 -0.00050104 0.99999969 0.00060677 0.00223389 -0.00060565 0.99999732
0.99999232 0.00391472 -0.00020269 -0.00391491 0.99999187 -0.00096705 0.00019890 0.00096783 0.99999951
0.99999942 -0.00093020 -0.00054372 0.00093047 0.99999944 0.00049687 0.00054326 -0.00049738 0.99999973
0.99999971 -0.00063675 0.00040956 0.00063691 0.99999972 -0.00039116 -0.00040931 0.00039142 0.99999984
0.99999852 0.00137615 -0.00103274 -0.00138038 0.99999062 -0.00410537 0.00102708 0.00410679 0.99999104
0.99999572 0.00291397 0.00025774 -0.00291385 0.99999564 -0.00047487 -0.00025912 0.00047411 0.99999985
0.99999740 -0.00068118 0.00217470 0.00068126 0.99999977 -0.00003763 -0.00217467 0.00003911 0.99999763
0.99999980 -0.00004468 -0.00062380 0.00004273 0.99999514 -0.00311601 0.00062394 0.00311598 0.99999495
0.99999988 -0.00037183 -0.00031957 0.00037165 0.99999978 -0.00055352 0.00031977 0.00055340 0.99999980
0.99999966 0.00070347 0.00043680 -0.00070408 0.99999877 0.00139857 -0.00043582 -0.00139888 0.99999893
0.99999421 0.00205745 0.00271105 -0.00206522 0.99999376 0.00286582 -0.00270514 -0.00287141 0.99999222
0.99999991 -0.00038545 -0.00019073 0.00038579 0.99999840 0.00174449 0.00019006 -0.00174456 0.99999846
0.99999919 0.00016075 0.00125998 -0.00016213 0.99999939 0.00109176 -0.00125981 -0.00109196 0.99999861
0.99999796 -0.00201160 0.00018926 0.00201166 0.99999792 -0.00032451 -0.00018861 0.00032489 0.99999993
0.99999958 -0.00053670 -0.00074523 0.00053778 0.99999881 0.00144849 0.00074446 -0.00144889 0.99999867
0.99999946 -0.00102810 -0.00013815 0.00102826 0.99999878 0.00117491 0.00013694 -0.00117505 0.99999930
0.99998402 -0.00095647 0.00557107 0.00093911 0.99999470 0.00311785 -0.00557402 -0.00311257 0.99997962
0.99999971 -0.00070553 0.00028140 0.00070546 0.99999973 0.00022489 -0.00028156 -0.00022469 0.99999994
0.99999290 0.00127145 -0.00354755 -0.00126289 0.99999629 0.00241435 0.00355061 -0.00240986 0.99999079
0.99999986 0.00037917 -0.00037398 -0.00037887 0.99999960 0.00081324 0.00037429 -0.00081309 0.99999960
0.99999198 0.00279739 0.00286551 -0.00280114 0.99999522 0.00130562 -0.00286184 -0.00131364 0.99999504
0.99999981 -0.00061573 -0.00007287 0.00061578 0.99999961 0.00062810 0.00007248 -0.00062814 0.99999980
0.99999879 -0.00079643 -0.00133422 0.00079563 0.99999950 -0.00060275 0.00133470 0.00060169 0.99999893
0.99999925 -0.00071925 0.00099491 0.00072032 0.99999917 -0.00107241 -0.00099414 0.00107312 0.99999893
0.99999997 -0.00016388 -0.00019795 0.00016367 0.99999942 -0.00106603 0.00019812 0.00106600 0.99999941
0.99999959 0.00047593 0.00076492 -0.00047580 0.99999987 -0.00017413 -0.00076500 0.00017377 0.99999969
0.99999343 0.00175116 -0.00317432 -0.00174250 0.99999476 0.00272789 0.00317908 -0.00272234 0.99999124
0.99999755 0.00186207 -0.00119592 -0.00186033 0.99999721 0.00145597 0.00119863 -0.00145374 0.99999822
0.99999894 0.00126936 -0.00070866 -0.00126891 0.99999899 0.00064528 0.00070948 -0.00064438 0.99999954
0.99999697 0.00097944 -0.00225691 -0.00097849 0.99999943 0.00042039 0.00225732 -0.00041818 0.99999736
0.99999682 0.00065439 -0.00243639 -0.00065423 0.99999978 0.00006576 0.00243643 -0.00006416 0.99999703
0.99999057 -0.00096035 -0.00423558 0.00096070 0.99999954 0.00007894 0.00423550 -0.00008300 0.99999103
0.99998547 -0.00081312 -0.00532881 0.00080832 0.99999926 -0.00090375 0.00532955 0.00089943 0.99998539
0.99995579 0.00056890 -0.00938620 -0.00055801 0.99999917 0.00116228 0.00938686 -0.00115699 0.99995527
0.99992115 -0.00019373 -0.01255617 0.00018397 0.99999968 -0.00077818 0.01255632 0.00077581 0.99992087
0.99994420 0.00131381 -0.01048163 -0.00132868 0.99999812 -0.00141204 0.01047975 0.00142588 0.99994407
0.99988241 -0.00291310 -0.01505564 0.00290798 0.99999571 -0.00036196 0.01505663 0.00031814 0.99988659
0.99986645 0.00069103 -0.01632824 -0.00068888 0.99999975 0.00013776 0.01632833 -0.00012649 0.99986668
0.99981066 0.00076916 -0.01944361 -0.00078785 0.99999923 -0.00095370 0.01944287 0.00096884 0.99981050
0.99976723 0.00207123 -0.02147542 -0.00209934 0.99999697 -0.00128640 0.02147269 0.00133119 0.99976855
0.99978527 -0.00044374 -0.02071773 0.00039781 0.99999745 -0.00222125 0.02071866 0.00221253 0.99978290
0.99984916 -0.00022595 -0.01736684 0.00018941 0.99999776 -0.00210600 0.01736728 0.00210239 0.99984697
0.99967482 -0.00071200 -0.02548999 0.00069130 0.99999942 -0.00082099 0.02549056 0.00080310 0.99967474
0.99970745 0.00383427 -0.02388115 -0.00388108 0.99999064 -0.00191388 0.02387359 0.00200600 0.99971297
0.99985686 0.00384211 -0.01647740 -0.00388173 0.99998965 -0.00237362 0.01646811 0.00243724 0.99986142
0.99993248 0.00647269 -0.00965068 -0.00649286 0.99997680 -0.00206037 0.00963712 0.00212289 0.99995131
0.99999714 0.00236960 0.00032591 -0.00236947 0.99999711 -0.00039759 -0.00032685 0.00039682 0.99999987
0.99998970 0.00180287 0.00416512 -0.00180594 0.99999810 0.00073447 -0.00416379 -0.00074198 0.99999106
0.99997554 0.00007550 0.00699448 -0.00008338 0.99999936 0.00112516 -0.00699439 -0.00112572 0.99997491
0.99988312 -0.00160397 0.01520422 0.00160599 0.99999870 -0.00012045 -0.01520401 0.00014486 0.99988440
0.99984804 -0.00201365 0.01731582 0.00202525 0.99999774 -0.00065237 -0.01731447 0.00068734 0.99984986
0.99987347 -0.00203841 0.01577639 0.00201545 0.99999689 0.00147144 -0.01577934 -0.00143945 0.99987446
0.99977089 -0.00084161 0.02138849 0.00082191 0.99999923 0.00092939 -0.02138925 -0.00091160 0.99977081
0.99974117 0.00035750 0.02274784 -0.00035946 0.99999993 0.00008204 -0.02274781 -0.00009019 0.99974123
0.99980384 0.00201307 0.01970330 -0.00205724 0.99999542 0.00222137 -0.01969874 -0.00226147 0.99980340
0.99975936 -0.00020953 0.02193595 0.00020682 0.99999997 0.00012588 -0.02193598 -0.00012132 0.99975937
0.99978121 -0.00177792 0.02084165 0.00174603 0.99999728 0.00154838 -0.02084435 -0.00151165 0.99978159
0.99982994 -0.00383677 0.01803827 0.00384135 0.99999260 -0.00021970 -0.01803730 0.00028895 0.99983727
0.99988875 -0.00331149 0.01454353 0.00331692 0.99999444 -0.00034929 -0.01454229 0.00039749 0.99989418
0.99990666 0.00204203 0.01350910 -0.00205194 0.99999764 0.00071929 -0.01350760 -0.00074695 0.99990849
0.99995021 -0.00116800 0.00991066 0.00116112 0.99999908 0.00069931 -0.00991147 -0.00068776 0.99995064
0.99995985 0.00042400 0.00895063 -0.00046090 0.99999141 0.00412026 -0.00894880 -0.00412422 0.99995145
0.99997233 -0.00099203 0.00737287 0.00098650 0.99999923 0.00075370 -0.00737361 -0.00074641 0.99997254
0.99999797 -0.00200459 -0.00019393 0.00200444 0.99999769 -0.00077878 0.00019549 0.00077839 0.99999968
0.99999397 0.00104573 -0.00331276 -0.00104525 0.99999944 0.00014533 0.00331291 -0.00014187 0.99999450
0.99998025 -0.00124691 -0.00615944 0.00124761 0.99999922 0.00011076 0.00615929 -0.00011844 0.99998102
0.99993381 -0.00241931 -0.01124816 0.00243364 0.99999624 0.00126048 0.01124506 -0.00128777 0.99993594
0.99989624 0.00039760 -0.01439946 -0.00038726 0.99999967 0.00072105 0.01439974 -0.00071540 0.99989606
0.99989537 0.00425324 -0.01382586 -0.00425491 0.99999094 -0.00009116 0.01382535 0.00014998 0.99990441
0.99988922 0.00446859 -0.01419794 -0.00447987 0.99998967 -0.00076287 0.01419439 0.00082639 0.99989891
0.99980020 0.00389887 -0.01960489 -0.00380498 0.99998113 0.00482399 0.01962333 -0.00474843 0.99979617
0.99985861 0.00095692 -0.01678799 -0.00092768 0.99999804 0.00174922 0.01678964 -0.00173340 0.99985754
0.99983701 -0.00283101 -0.01783072 0.00285738 0.99999486 0.00145358 0.01782651 -0.00150429 0.99983996
0.99978928 -0.01141224 -0.01706351 0.01135298 0.99992920 -0.00356573 0.01710299 0.00337125 0.99984805
0.99982474 -0.00608784 -0.01770393 0.00599526 0.99996810 -0.00527806 0.01773550 0.00517099 0.99982934
0.99984842 0.00067330 -0.01739803 -0.00071696 0.99999661 -0.00250390 0.01739629 0.00251600 0.99984551
0.99988707 0.00887701 -0.01212663 -0.00886062 0.99995976 0.00140457 0.01213861 -0.00129696 0.99992548
0.99986627 0.00510265 -0.01553738 -0.00506849 0.99998465 0.00223705 0.01554855 -0.00215800 0.99987679
0.99987239 0.00180207 -0.01587343 -0.00177266 0.99999669 0.00186669 0.01587674 -0.00183831 0.99987227
0.99990425 -0.00095285 -0.01380552 0.00096822 0.99999892 0.00110679 0.01380445 -0.00112005 0.99990409
0.99988554 -0.00074339 -0.01511143 0.00074457 0.99999972 0.00007219 0.01511137 -0.00008344 0.99988581
0.99990559 -0.00037807 -0.01373582 0.00037674 0.99999992 -0.00009949 0.01373585 0.00009431 0.99990565
-0.76171336 -0.11854236 0.63697760 -0.12451565 -0.93801216 -0.32346413 0.63583694 -0.32570063 0.69973602
0.99994502 -0.00127871 -0.01040822 0.00130274 0.99999650 0.00230265 0.01040524 -0.00231608 0.99994318
0.99995591 0.00115556 -0.00931930 -0.00115756 0.99999931 -0.00020933 0.00931905 0.00022011 0.99995655
0.99992652 0.00504001 -0.01102552 -0.00506341 0.99998499 -0.00209547 0.01101479 0.00215115 0.99993702
0.99986894 0.00741713 -0.01439068 -0.00746655 0.99996640 -0.00338409 0.01436509 0.00349110 0.99989072
0.99994896 0.00632451 -0.00787913 -0.00633792 0.99997850 -0.00167939 0.00786834 0.00172925 0.99996755
0.99998431 -0.00068705 -0.00555884 0.00069320 0.99999915 0.00110324 0.00555808 -0.00110707 0.99998394
0.99996278 -0.00520903 -0.00687818 0.00522621 0.99998326 0.00248220 0.00686514 -0.00251805 0.99997326
-0.99986533 0.00429555 -0.01583899 -0.00554861 -0.99678443 0.07993750 -0.01544469 0.08001462 0.99667403
0.99998793 -0.00101119 -0.00480717 0.00101778 0.99999855 0.00136877 0.00480578 -0.00137365 0.99998751
0.99998044 0.00464446 -0.00418917 -0.00465034 0.99998821 -0.00139508 0.00418264 0.00141454 0.99999025
0.99998605 0.00426338 -0.00311849 -0.00426569 0.99999063 -0.00073301 0.00311534 0.00074630 0.99999487
0.99998498 0.00377989 -0.00396905 -0.00378221 0.99999268 -0.00057748 0.00396684 0.00059248 0.99999196
