1.00000000 0.00000000 0.00000000 0.00000000 1.00000000 0.00000000 0.00000000 0.00000000 1.00000000
0.99999720 -0.00235552 0.00024590 0.00235591 0.99999596 -0.00158809 -0.00024216 0.00158867 0.99999871
0.99999825 -0.00153885 -0.00106626 0.00154251 0.99999290 0.00343954 0.00106096 -0.00344118 0.99999352
0.99999513 -0.00234948 -0.00205213 0.00236115 0.99998095 0.00570380 0.00203869 -0.00570861 0.99998163
0.99999517 -0.00221601 -0.00217885 0.00221530 0.99999749 -0.00033132 0.00217958 0.00032650 0.99999757
0.99999564 -0.00149752 -0.00254365 0.00149138 0.99999598 -0.00241218 0.00254725 0.00240838 0.99999386
0.99999886 -0.00071319 -0.00133039 0.00070969 0.99999628 -0.00263193 0.00133226 0.00263098 0.99999565
0.99999856 0.00083547 -0.00147931 -0.00083709 0.99999905 -0.00109794 0.00147839 0.00109918 0.99999830
0.99999841 0.00071819 -0.00163388 -0.00071701 0.99999948 0.00072570 0.00163440 -0.00072452 0.99999840
0.99999633 0.00194805 -0.00188257 -0.00194235 0.99999353 0.00302694 0.00188845 -0.00302327 0.99999365
0.99999186 0.00285810 -0.00284680 -0.00284482 0.99998510 0.00465876 0.00286007 -0.00465062 0.99998510
0.99999845 -0.00055607 -0.00166810 0.00055545 0.99999978 -0.00037075 0.00166831 0.00036983 0.99999854
0.99999975 -0.00002808 -0.00070034 0.00002778 0.99999991 -0.00042770 0.00070035 0.00042768 0.99999966
0.99999952 -0.00000153 -0.00097756 0.00000014 0.99999900 -0.00141738 0.00097756 0.00141738 0.99999852
0.99999948 0.00021581 -0.00099484 -0.00021800 0.99999756 -0.00219647 0.00099437 0.00219669 0.99999709
0.99999818 -0.00090265 -0.00168286 0.00089983 0.99999820 -0.00167132 0.00168436 0.00166980 0.99999719
0.99999827 0.00081625 -0.00166962 -0.00081920 0.99999811 -0.00176212 0.00166818 0.00176348 0.99999705
0.99999637 0.00174409 -0.00205615 -0.00174601 0.99999804 -0.00092996 0.00205452 0.00093355 0.99999745
0.99999887 0.00143901 -0.00044082 -0.00143946 0.99999844 -0.00102234 0.00043935 0.00102298 0.99999938
0.99999891 -0.00019944 -0.00146071 0.00019899 0.99999993 -0.00030760 0.00146077 0.00030731 0.99999889
0.99999837 0.00118166 -0.00136681 -0.00117948 0.99999803 0.00159821 0.00136869 -0.00159659 0.99999779
0.99999569 0.00108542 -0.00272931 -0.00108158 0.99999842 0.00140934 0.00273084 -0.00140638 0.99999528
0.99999782 -0.00058378 -0.00200719 0.00058209 0.99999948 -0.00084173 0.00200768 0.00084056 0.99999763
0.99999883 0.00034390 -0.00148850 -0.00034480 0.99999976 -0.00060371 0.00148829 0.00060423 0.99999871
0.99999105 0.00116814 -0.00406687 -0.00116322 0.99999859 0.00121310 0.00406828 -0.00120836 0.99999099
0.99999989 0.00011673 0.00045456 -0.00011656 0.99999993 -0.00036116 -0.00045461 0.00036111 0.99999983
0.99999804 -0.00146239 -0.00133509 0.00146795 0.99999021 0.00417458 0.00132898 -0.00417653 0.99999040
0.99999954 -0.00077040 -0.00057943 0.00077170 0.99999718 0.00224776 0.00057770 -0.00224821 0.99999731
0.99999919 -0.00125163 0.00021995 0.00125224 0.99999525 -0.00281500 -0.00021642 0.00281528 0.99999601
0.99999920 0.00031535 -0.00122767 -0.00031871 0.99999620 -0.00273751 0.00122680 0.00273790 0.99999550
0.99999996 -0.00020861 -0.00018318 0.00020840 0.99999933 -0.00114107 0.00018342 0.00114103 0.99999933
0.99999931 0.00099667 -0.00061714 -0.00099698 0.99999938 -0.00049614 0.00061664 0.00049675 0.99999969
0.99999916 0.00055706 -0.00117334 -0.00055784 0.99999962 -0.00067013 0.00117297 0.00067078 0.99999909
0.99999794 -0.00009301 -0.00202541 0.00009076 0.99999938 -0.00110882 0.00202551 0.00110863 0.99999733
0.99999826 0.00096301 -0.00159547 -0.00096349 0.99999949 -0.00030226 0.00159518 0.00030379 0.99999868
0.99999862 -0.00022377 -0.00164702 0.00022372 0.99999997 -0.00003057 0.00164703 0.00003020 0.99999864
0.99999755 -0.00003437 -0.00221428 0.00003755 0.99999896 0.00143875 0.00221423 -0.00143883 0.99999651
0.99999525 0.00201296 -0.00233562 -0.00201047 0.99999741 0.00106453 0.00233775 -0.00105983 0.99999671
0.99999677 0.00230313 -0.00107828 -0.00230220 0.99999698 0.00086175 0.00108027 -0.00085927 0.99999905
0.99998198 0.00307356 -0.00515731 -0.00305916 0.99999140 0.00279875 0.00516586 -0.00278292 0.99998278
0.99999456 0.00291914 -0.00153794 -0.00292100 0.99999501 -0.00120510 0.00153442 0.00120958 0.99999809
0.99999743 -0.00040955 -0.00222821 0.00041069 0.99999978 0.00051134 0.00222800 -0.00051226 0.99999739
0.99999846 0.00092180 -0.00149101 -0.00091900 0.99999781 0.00188148 0.00149274 -0.00188011 0.99999712
0.99999512 0.00311321 0.00027654 -0.00311333 0.99999506 0.00043777 -0.00027518 -0.00043863 0.99999987
0.99999194 0.00392083 0.00086991 -0.00391861 0.99998910 -0.00253843 -0.00087985 0.00253500 0.99999640
0.99999675 0.00224821 0.00120154 -0.00224322 0.99998890 -0.00414314 -0.00121084 0.00414044 0.99999070
0.99999938 0.00089773 0.00065488 -0.00089684 0.99999866 -0.00137222 -0.00065611 0.00137163 0.99999884
0.99999867 0.00162255 -0.00017238 -0.00162218 0.99999640 0.00213558 0.00017584 -0.00213530 0.99999770
0.99998567 0.00466073 0.00263362 -0.00466696 0.99998632 0.00236415 -0.00262257 -0.00237641 0.99999374
0.99998379 0.00482395 0.00302597 -0.00483459 0.99998212 0.00351940 -0.00300894 -0.00353397 0.99998923
0.99997545 0.00552387 0.00431054 -0.00552526 0.99998469 0.00031047 -0.00430876 -0.00033428 0.99999066
0.99997537 0.00469391 0.00521810 -0.00469278 0.99998896 -0.00022771 -0.00521912 0.00020322 0.99998636
0.99997336 0.00359824 0.00635069 -0.00361060 0.99999161 0.00193555 -0.00634367 -0.00195843 0.99997796
0.99996718 0.00479043 0.00653330 -0.00479919 0.99998760 0.00132599 -0.00652686 -0.00135731 0.99997778
0.99996945 0.00345672 0.00701116 -0.00345376 0.99999394 -0.00043491 -0.00701262 0.00041068 0.99997533
0.99996833 0.00345528 0.00716892 -0.00345621 0.99999402 0.00011751 -0.00716847 -0.00014228 0.99997430
0.99996019 0.00487371 0.00747423 -0.00487263 0.99998812 -0.00016202 -0.00747493 0.00012560 0.99997205
0.99996028 0.00411099 0.00790755 -0.00409189 0.99998867 -0.00243046 -0.00791745 0.00239801 0.99996578
0.99996501 0.00230219 0.00804212 -0.00227635 0.99999223 -0.00321977 -0.00804947 0.00320135 0.99996248
0.99996914 0.00053728 0.00783793 -0.00053713 0.99999986 -0.00002141 -0.00783794 0.00001720 0.99996928
0.99996872 -0.00047452 0.00789557 0.00046117 0.99999846 0.00169212 -0.00789636 -0.00168843 0.99996740
0.99996596 0.00170678 0.00807238 -0.00171601 0.99999788 0.00113733 -0.00807043 -0.00115115 0.99996677
0.99995374 0.00365840 0.00889609 -0.00366596 0.99999293 0.00083394 -0.00889298 -0.00086652 0.99996008
0.99994951 0.00534464 0.00850897 -0.00535618 0.99998477 0.00133442 -0.00850171 -0.00137993 0.99996291
0.99995346 0.00408567 0.00873933 -0.00408870 0.99999159 0.00032890 -0.00873792 -0.00036462 0.99996176
0.99995677 -0.00036203 0.00929165 0.00035144 0.99999929 0.00114040 -0.00929205 -0.00113709 0.99995618
0.99993563 -0.00129171 0.01127265 0.00130088 0.99999883 -0.00080621 -0.01127160 0.00082082 0.99993614
0.99992923 -0.00175093 0.01176716 0.00178721 0.99999368 -0.00307332 -0.01176170 0.00309414 0.99992604
0.99990793 0.00060436 0.01355630 -0.00055921 0.99999428 -0.00333460 -0.01355824 0.00332671 0.99990255
0.99987495 0.00152143 0.01574079 -0.00149914 0.99999786 -0.00142766 -0.01574293 0.00140388 0.99987509
0.99987144 0.00158201 0.01595651 -0.00158431 0.99999874 0.00013132 -0.01595629 -0.00015658 0.99987268
0.99985347 0.00060474 0.01710747 -0.00060490 0.99999982 0.00000471 -0.01710746 -0.00001506 0.99985366
0.99984600 -0.00126122 0.01750373 0.00125420 0.99999913 0.00041199 -0.01750423 -0.00038997 0.99984671
0.99980249 -0.00133362 0.01982940 0.00132195 0.99999895 0.00060149 -0.01983018 -0.00057516 0.99980320
0.99975103 0.00174730 0.02224454 -0.00175531 0.99999840 0.00034023 -0.02224391 -0.00037919 0.99975250
0.99976732 0.00135563 0.02152848 -0.00132466 0.99999807 -0.00145270 -0.02153041 0.00142385 0.99976718
0.99971324 0.00113030 0.02391998 -0.00109908 0.99999853 -0.00131846 -0.02392144 0.00129179 0.99971301
0.99964953 0.00102839 0.02645311 -0.00104571 0.99999925 0.00064088 -0.02645243 -0.00066831 0.99964985
0.99964786 0.00317986 0.02634469 -0.00322356 0.99999350 0.00161630 -0.02633938 -0.00170065 0.99965161
0.99955425 0.00310661 0.02969246 -0.00315325 0.99999387 0.00152399 -0.02968754 -0.00161694 0.99955792
0.99949337 0.00179513 0.03177702 -0.00178716 0.99999836 -0.00027915 -0.03177747 0.00022221 0.99949494
0.99944176 -0.00095860 0.03339539 0.00096353 0.99999953 -0.00013147 -0.03339524 0.00016357 0.99944221
0.99935870 -0.00347107 0.03563894 0.00348052 0.99999392 -0.00020318 -0.03563802 0.00032709 0.99936471
0.99923400 -0.00131364 0.03911128 0.00142294 0.99999516 -0.00276694 -0.03910745 0.00282048 0.99923103
0.99917411 0.00095540 0.04062240 -0.00083113 0.99999492 -0.00307603 -0.04062513 0.00303973 0.99916983
0.99912717 0.00148768 0.04174549 -0.00140069 0.99999679 -0.00211287 -0.04174850 0.00205255 0.99912604
0.99902976 0.00310530 0.04393064 -0.00301944 0.99999340 -0.00202066 -0.04393663 0.00188605 0.99903254
0.99895626 0.00461197 0.04544352 -0.00461062 0.99998936 -0.00013446 -0.04544366 -0.00007520 0.99896690
0.99890677 0.00570192 0.04639778 -0.00571672 0.99998364 0.00018637 -0.04639596 -0.00045141 0.99892303
0.99879385 0.00268178 0.04902707 -0.00272968 0.99999586 0.00091026 -0.04902443 -0.00104299 0.99879704
0.99865235 -0.00113035 0.05188638 0.00101271 0.99999686 0.00229360 -0.05188881 -0.00223796 0.99865036
0.99840739 -0.00090406 0.05640798 0.00081728 0.99999845 0.00156151 -0.05640930 -0.00151293 0.99840658
0.99833871 0.00187540 0.05758737 -0.00192855 0.99999776 0.00086745 -0.05758562 -0.00097707 0.99834009
0.99837824 0.00009776 0.05692875 -0.00010907 0.99999997 0.00019551 -0.05692873 -0.00020140 0.99837822
0.99838983 0.00024565 0.05672462 -0.00032126 0.99999907 0.00132384 -0.05672424 -0.00133994 0.99838898
0.99844830 0.00170308 0.05566047 -0.00186111 0.99999438 0.00278748 -0.05565541 -0.00288675 0.99844586
0.99848232 0.00275861 0.05500415 -0.00295759 0.99998937 0.00353635 -0.05499381 -0.00369367 0.99847986
0.99853931 0.00562319 0.05373673 -0.00575920 0.99998059 0.00237668 -0.05372232 -0.00268269 0.99855231
0.99863282 0.00130253 0.05225694 -0.00129668 0.99999915 -0.00014586 -0.05225709 0.00007790 0.99863366
0.99873787 -0.00771834 0.04962960 0.00767686 0.99997001 0.00102629 -0.04963603 -0.00064400 0.99876717
0.99888892 -0.01010957 0.04602956 0.00996285 0.99994454 0.00341593 -0.04606154 -0.00295355 0.99893424
0.99903723 -0.00599283 0.04345906 0.00602347 0.99998169 -0.00057405 -0.04345483 0.00083527 0.99905504
0.99923788 -0.00079088 0.03902604 0.00087163 0.99999751 -0.00205208 -0.03902432 0.00208454 0.99923609
0.99941892 -0.00692881 0.03337383 0.00698896 0.99997416 -0.00168621 -0.03336129 0.00191848 0.99944152
0.99954684 -0.00529646 0.02963202 0.00526797 0.99998558 0.00103955 -0.02963710 -0.00088298 0.99956033
0.99966685 -0.00513046 0.02529549 0.00510353 0.99998634 0.00112913 -0.02530093 -0.00099966 0.99967938
0.99979469 -0.00300119 0.02003904 0.00299496 0.99999546 0.00034092 -0.02003997 -0.00028084 0.99979914
0.99986766 -0.00137349 0.01621062 0.00140737 0.99999685 -0.00207894 -0.01620772 0.00210148 0.99986644
0.99991142 -0.00000459 0.01330963 -0.00000026 0.99999993 0.00036502 -0.01330963 -0.00036499 0.99991136
0.99993028 0.00033731 0.01180340 -0.00032362 0.99999927 -0.00116147 -0.01180379 0.00115757 0.99992966
0.99994723 -0.00412607 0.00940790 0.00415642 0.99998622 -0.00320800 -0.00939454 0.00324693 0.99995060
0.99997061 -0.00362945 0.00675333 0.00364523 0.99999065 -0.00232587 -0.00674482 0.00235042 0.99997449
0.99998840 -0.00041212 0.00479880 0.00041009 0.99999983 0.00042409 -0.00479897 -0.00042212 0.99998840
0.99998995 0.00282728 0.00347992 -0.00283548 0.99999321 0.00235394 -0.00347324 -0.00236378 0.99999117
0.99999387 0.00258107 0.00236462 -0.00259647 0.99997530 0.00653124 -0.00234770 -0.00653734 0.99997588
0.99999804 -0.00084843 0.00178702 0.00083888 0.99998540 0.00533805 -0.00179152 -0.00533654 0.99998416
0.99999767 -0.00193485 0.00095438 0.00193254 0.99999522 0.00241272 -0.00095904 -0.00241087 0.99999663
0.99999539 -0.00302724 -0.00025335 0.00302659 0.99999225 -0.00251643 0.00026096 0.00251565 0.99999680
0.99999949 -0.00064010 -0.00078416 0.00063397 0.99996943 -0.00779355 0.00078912 0.00779305 0.99996932
0.99999866 -0.00017402 -0.00162477 0.00016060 0.99996593 -0.00825366 0.00162615 0.00825339 0.99996462
0.99999731 -0.00093148 -0.00212219 0.00092877 0.99999875 -0.00127799 0.00212338 0.00127602 0.99999693
0.99999798 0.00088928 -0.00180442 -0.00088204 0.99999156 0.00401395 0.00180797 -0.00401235 0.99999032
0.99999654 0.00051384 -0.00258033 -0.00049816 0.99998143 0.00607454 0.00258341 -0.00607323 0.99997822
0.99999460 0.00216770 -0.00246823 -0.00216459 0.99999686 0.00125908 0.00247095 -0.00125373 0.99999616
0.99996515 -0.00788649 -0.00274030 0.00787089 0.99995302 -0.00565737 0.00278478 0.00563560 0.99998024
0.99999365 -0.00187642 -0.00303112 0.00185735 0.99997854 -0.00628241 0.00304285 0.00627674 0.99997567
0.99998071 0.00566049 -0.00255576 -0.00566357 0.99998324 -0.00120081 0.00254892 0.00121526 0.99999601
0.99998420 0.00473136 -0.00303654 -0.00472154 0.99998362 0.00323552 0.00305179 -0.00322113 0.99999016
0.99998212 -0.00404898 -0.00439990 0.00406311 0.99998660 0.00320699 0.00438686 -0.00322481 0.99998518
0.99997863 -0.00534936 -0.00375871 0.00534616 0.99998534 -0.00086056 0.00376326 0.00084044 0.99999257
0.99999588 0.00036755 -0.00284616 -0.00038250 0.99998613 -0.00525310 0.00284419 0.00525416 0.99998215
0.99999055 0.00193010 -0.00389422 -0.00193338 0.99999778 -0.00083860 0.00389259 0.00084613 0.99999207
0.99999317 0.00018277 -0.00369110 -0.00018230 0.99999998 0.00012760 0.00369113 -0.00012693 0.99999318
0.99998321 -0.00469609 -0.00339625 0.00470591 0.99998475 0.00288947 0.00338263 -0.00290540 0.99999006
0.99998181 -0.00508524 -0.00324269 0.00508259 0.99998674 -0.00082307 0.00324683 0.00080657 0.99999440
0.99998844 -0.00365853 -0.00311935 0.00365400 0.99999226 -0.00145830 0.00312466 0.00144689 0.99999407
0.99999682 -0.00051114 -0.00247031 0.00051064 0.99999985 -0.00019981 0.00247041 0.00019855 0.99999693
0.99999321 -0.00165149 -0.00329343 0.00165530 0.99999796 0.00115492 0.00329152 -0.00116037 0.99999391
0.99998927 -0.00307760 -0.00346148 0.00307977 0.99999506 0.00062205 0.00345955 -0.00063270 0.99999382
0.99999667 0.00038184 -0.00255344 -0.00038358 0.99999970 -0.00067874 0.00255318 0.00067972 0.99999651
0.99999174 0.00272742 -0.00301504 -0.00273329 0.99999437 -0.00194549 0.00300971 0.00195371 0.99999356
0.99999397 -0.00238283 -0.00252622 0.00238226 0.99999714 -0.00022884 0.00252676 0.00022282 0.99999678
0.99999494 0.00180755 -0.00261729 -0.00180732 0.99999836 0.00008915 0.00261744 -0.00008442 0.99999657
0.99999773 0.00038544 -0.00209479 -0.00038637 0.99999983 -0.00044620 0.00209462 0.00044701 0.99999771
0.99999109 0.00326505 -0.00267667 -0.00326515 0.99999467 -0.00003364 0.00267654 0.00004238 0.99999642
0.99999472 0.00078397 -0.00315282 -0.00079049 0.99999755 -0.00206746 0.00315119 0.00206994 0.99999289
0.99999369 -0.00017871 -0.00354906 0.00016546 0.99999302 -0.00373304 0.00354971 0.00373243 0.99998673
0.99999811 -0.00129408 -0.00145178 0.00129060 0.99999630 -0.00239420 0.00145488 0.00239232 0.99999608
0.99997728 0.00664309 -0.00114603 -0.00664495 0.99997659 -0.00163077 0.00113517 0.00163835 0.99999801
0.99999369 0.00304811 -0.00182694 -0.00304661 0.99999502 0.00082424 0.00182945 -0.00081867 0.99999799
0.99999383 -0.00154545 -0.00315329 0.00154197 0.99999820 -0.00110596 0.00315499 0.00110109 0.99999442
0.99999341 0.00024966 -0.00362233 -0.00025440 0.99999911 -0.00130801 0.00362200 0.00130893 0.99999258
0.99998629 0.00360528 -0.00379747 -0.00360901 0.99999301 -0.00097353 0.00379393 0.00098722 0.99999232
0.99999115 0.00067576 -0.00415333 -0.00066817 0.99999810 0.00183062 0.00415456 -0.00182783 0.99998970
0.99998957 -0.00083418 -0.00449087 0.00083369 0.99999965 -0.00011084 0.00449096 0.00010709 0.99998991
0.99998253 0.00240618 -0.00539825 -0.00242524 0.99999084 -0.00352700 0.00538971 0.00354003 0.99997921
0.99998025 0.00110086 -0.00618820 -0.00115509 0.99996090 -0.00876703 0.00617831 0.00877400 0.99994242
0.99997139 0.00250016 -0.00713907 -0.00253178 0.99998701 -0.00442335 0.00712792 0.00444130 0.99996473
0.99996392 0.00358499 -0.00770131 -0.00360478 0.99999023 -0.00255672 0.00769207 0.00258439 0.99996708
0.99996823 0.00317953 -0.00730890 -0.00316536 0.99999309 0.00194996 0.00731505 -0.00192677 0.99997139
0.99996869 -0.00053852 -0.00789499 0.00054884 0.99999900 0.00130500 0.00789428 -0.00130930 0.99996798
0.99996975 -0.00099304 -0.00771436 0.00101994 0.99999341 0.00348483 0.00771085 -0.00349260 0.99996417
0.99996973 0.00117375 -0.00769186 -0.00113607 0.99998734 0.00490126 0.00769752 -0.00489238 0.99995841
0.99997278 0.00159135 -0.00720397 -0.00153752 0.99997090 0.00747191 0.00721565 -0.00746063 0.99994614
0.99996933 -0.00084200 -0.00778699 0.00086066 0.99999676 0.00239367 0.00778495 -0.00240030 0.99996682
0.99997587 -0.00042233 -0.00693394 0.00040664 0.99999735 -0.00226419 0.00693488 0.00226131 0.99997340
0.99998439 -0.00107643 -0.00548332 0.00103618 0.99997254 -0.00733750 0.00549107 0.00733170 0.99995805
0.99998528 0.00080467 -0.00536634 -0.00082598 0.99999178 -0.00396992 0.00536310 0.00397429 0.99997772
0.99998712 0.00082814 -0.00500696 -0.00084364 0.99999486 -0.00309425 0.00500437 0.00309843 0.99998268
0.99998376 0.00186382 -0.00538663 -0.00186102 0.99999813 0.00052299 0.00538760 -0.00051296 0.99998536
0.99998050 -0.00413450 -0.00468073 0.00414367 0.99998951 0.00195006 0.00467262 -0.00196942 0.99998714
0.99998837 -0.00180595 -0.00447215 0.00183293 0.99998011 0.00603483 0.00446117 -0.00604295 0.99997179
0.99999407 0.00099370 -0.00329725 -0.00097283 0.99997952 0.00632495 0.00330347 -0.00632171 0.99997456
0.99998962 0.00332223 -0.00311915 -0.00331087 0.99998790 0.00363975 0.00313120 -0.00362939 0.99998851
0.99999283 0.00177971 -0.00334288 -0.00177827 0.99999832 0.00043362 0.00334364 -0.00042768 0.99999432
0.99999599 0.00164584 -0.00230447 -0.00165027 0.99999679 -0.00192099 0.00230130 0.00192479 0.99999550
0.99998983 0.00421826 -0.00159761 -0.00422437 0.99998369 -0.00384298 0.00158137 0.00384969 0.99999134
0.99999624 0.00155086 -0.00226322 -0.00155938 0.99999169 -0.00376692 0.00225735 0.00377043 0.99999034
0.99999770 0.00034549 -0.00211736 -0.00035728 0.99998442 -0.00557039 0.00211541 0.00557114 0.99998224
0.99999908 -0.00044854 -0.00127887 0.00044593 0.99999782 -0.00203960 0.00127978 0.00203903 0.99999710
0.99999661 0.00203046 -0.00163135 -0.00203015 0.99999792 0.00019283 0.00163174 -0.00018952 0.99999865
0.99999996 -0.00015203 -0.00023751 0.00015270 0.99999602 0.00281660 0.00023708 -0.00281664 0.99999601
0.99999964 -0.00084654 -0.00005025 0.00084661 0.99999855 0.00147700 0.00004900 -0.00147704 0.99999891
0.99999943 -0.00100310 0.00037593 0.00100282 0.99999922 0.00074298 -0.00037668 -0.00074260 0.99999965
0.99999857 -0.00064435 0.00156554 0.00064307 0.99999946 0.00081578 -0.00156606 -0.00081477 0.99999844
0.99999637 0.00139846 0.00230288 -0.00139646 0.99999864 -0.00087382 -0.00230410 0.00087060 0.99999697
0.99999523 0.00130852 0.00279855 -0.00130024 0.99999478 -0.00295876 -0.00280241 0.00295511 0.99999171
0.99999416 -0.00189140 0.00284739 0.00190465 0.99998735 -0.00465591 -0.00283855 0.00466131 0.99998511
0.99999624 -0.00185925 0.00201815 0.00186220 0.99999720 -0.00146244 -0.00201542 0.00146620 0.99999689
0.99999611 0.00067924 0.00270656 -0.00068178 0.99999933 0.00093640 -0.00270592 -0.00093824 0.99999590
0.99999651 0.00015046 0.00263930 -0.00015805 0.99999585 0.00287698 -0.00263886 -0.00287739 0.99999238
0.99999730 -0.00026369 0.00230887 0.00025479 0.99999254 0.00385298 -0.00230987 -0.00385238 0.99998991
0.99999210 -0.00324611 0.00229524 0.00324552 0.99999470 0.00026095 -0.00229607 -0.00025350 0.99999733
0.99999078 -0.00348170 0.00251358 0.00348779 0.99999098 -0.00242213 -0.00250512 0.00243088 0.99999391
0.99998759 -0.00350045 0.00354356 0.00351202 0.99998851 -0.00326384 -0.00353210 0.00327624 0.99998840
0.99999586 0.00047272 0.00283749 -0.00046822 0.99999863 -0.00158662 -0.00283823 0.00158528 0.99999472
0.99999791 0.00023916 0.00203263 -0.00023395 0.99999669 -0.00256129 -0.00203323 0.00256081 0.99999465
0.99999810 -0.00151001 0.00123158 0.00150834 0.99999793 0.00136223 -0.00123364 -0.00136037 0.99999831
0.99997243 -0.00739389 0.00069118 0.00739405 0.99997264 -0.00022388 -0.00068950 0.00022898 0.99999974
0.99998567 -0.00505956 -0.00175135 0.00506070 0.99998698 0.00064893 0.00174805 -0.00065779 0.99999826
0.99999553 -0.00264847 -0.00138924 0.00264783 0.99999639 -0.00046635 0.00139047 0.00046267 0.99999893
0.99999429 0.00127986 -0.00312628 -0.00127882 0.99999913 0.00033333 0.00312670 -0.00032933 0.99999506
0.99998501 -0.00070269 -0.00542947 0.00070126 0.99999972 -0.00026582 0.00542965 0.00026201 0.99998522
0.99997308 -0.00387136 -0.00623326 0.00387830 0.99999187 0.00110302 0.00622894 -0.00112717 0.99997996
0.99997152 0.00196357 -0.00728714 -0.00196713 0.99999795 -0.00048084 0.00728618 0.00049516 0.99997333
0.99996862 -0.00084017 -0.00787758 0.00085508 0.99999785 0.00188901 0.00787598 -0.00189568 0.99996719
0.99995416 0.00269360 -0.00918848 -0.00269281 0.99999637 0.00009899 0.00918871 -0.00007425 0.99995778
0.99995048 -0.00136127 -0.00985792 0.00136539 0.99999898 0.00041133 0.00985735 -0.00042477 0.99995132
0.99994544 0.00482971 -0.00926244 -0.00485661 0.99998405 -0.00288415 0.00924836 0.00292898 0.99995294
0.99995609 0.00118284 -0.00929669 -0.00119469 0.99999848 -0.00126942 0.00929517 0.00128047 0.99995598
0.99994120 0.00210429 -0.01063854 -0.00212690 0.99999550 -0.00211421 0.01063404 0.00213671 0.99994117
0.99994194 0.00231846 -0.01052363 -0.00234253 0.99999467 -0.00227554 0.01051829 0.00230006 0.99994204
0.99995140 0.00334423 -0.00927483 -0.00334527 0.99999440 -0.00009589 0.00927445 0.00012691 0.99995698
0.99994594 -0.00044337 -0.01038841 0.00043708 0.99999972 -0.00060776 0.01038868 0.00060318 0.99994585
0.99993696 0.00393668 -0.01051550 -0.00394164 0.99999213 -0.00045055 0.01051364 0.00049197 0.99994461
0.99993526 -0.00161666 -0.01126369 0.00166742 0.99998849 0.00449815 0.01125629 -0.00451664 0.99992645
0.99992449 -0.00448876 -0.01143921 0.00455224 0.99997435 0.00552952 0.01141410 -0.00558118 0.99991928
0.99992764 -0.00245811 -0.01177552 0.00249812 0.99999115 0.00338411 0.01176709 -0.00341328 0.99992494
0.99993995 0.00030294 -0.01095447 -0.00027019 0.99999549 0.00299115 0.01095533 -0.00298801 0.99993552
0.99993477 -0.00612721 -0.00963931 0.00612304 0.99998115 -0.00046195 0.00964196 0.00040290 0.99995343
0.99993745 -0.00649228 -0.00910711 0.00651454 0.99997586 0.00241686 0.00909120 -0.00247604 0.99995561
0.99993710 -0.00888818 -0.00684016 0.00892398 0.99994655 0.00522061 0.00679339 -0.00528133 0.99996298
0.99995604 -0.00536516 -0.00768998 0.00537755 0.99998427 0.00159180 0.00768132 -0.00163308 0.99996916
0.99996936 -0.00200951 -0.00756529 0.00199908 0.99999704 -0.00138512 0.00756805 0.00136996 0.99997042
0.99996570 -0.00231017 -0.00795395 0.00224425 0.99996315 -0.00828643 0.00797280 0.00826829 0.99993403
0.99996557 -0.00361712 -0.00746844 0.00356570 0.99996993 -0.00688616 0.00749313 0.00685930 0.99994840
0.99998222 0.00172208 -0.00570835 -0.00173425 0.99999623 -0.00212816 0.00570467 0.00213803 0.99998144
0.99995861 0.00744436 -0.00523119 -0.00743923 0.99997183 0.00099912 0.00523848 -0.00096016 0.99998582
0.99996378 0.00714203 -0.00462963 -0.00714876 0.99997341 -0.00143899 0.00461923 0.00147203 0.99998825
0.99999010 0.00087450 -0.00436223 -0.00089009 0.99999322 -0.00357204 0.00435907 0.00357589 0.99998411
0.99998363 0.00353415 -0.00449912 -0.00354865 0.99998852 -0.00321945 0.00448769 0.00323536 0.99998470
0.99998968 0.00279245 -0.00358316 -0.00280015 0.99999378 -0.00214538 0.00357715 0.00215539 0.99999128
0.99999144 0.00005360 -0.00413722 -0.00004647 0.99999852 0.00172200 0.00413731 -0.00172179 0.99998996
0.99998923 -0.00151411 -0.00438672 0.00152444 0.99999607 0.00235146 0.00438314 -0.00235812 0.99998761
0.99999422 0.00061389 -0.00334520 -0.00060454 0.99999591 0.00279683 0.00334690 -0.00279479 0.99999049
0.99999553 -0.00016940 -0.00298436 0.00017314 0.99999920 0.00125389 0.00298415 -0.00125440 0.99999476
0.99999053 0.00213710 -0.00379134 -0.00214323 0.99999640 -0.00161604 0.00378787 0.00162415 0.99999151
0.99999594 -0.00109588 -0.00263176 0.00109177 0.99999819 -0.00156029 0.00263346 0.00155741 0.99999532
0.99999672 -0.00169748 -0.00191792 0.00169770 0.99999855 0.00011271 0.00191772 -0.00011597 0.99999815
0.99999529 -0.00268123 -0.00149521 0.00268056 0.99999631 -0.00045180 0.00149642 0.00044779 0.99999878
0.99999702 0.00178786 -0.00165953 -0.00178710 0.99999830 0.00046115 0.00166035 -0.00045818 0.99999852
0.99999842 -0.00133847 -0.00116559 0.00133825 0.99999909 -0.00018547 0.00116584 0.00018391 0.99999930
0.99999650 -0.00065664 -0.00256428 0.00065055 0.99999697 -0.00237257 0.00256583 0.00237089 0.99999390
0.99998898 -0.00407168 -0.00233764 0.00406709 0.99998980 -0.00196668 0.00234563 0.00195715 0.99999533
0.99999449 -0.00181063 -0.00278283 0.00180954 0.99999829 -0.00039346 0.00278353 0.00038842 0.99999605
0.99999074 -0.00295170 -0.00313225 0.00295203 0.99999564 0.00010025 0.00313194 -0.00010949 0.99999509
0.99999438 -0.00183233 -0.00280677 0.00183249 0.99999832 0.00005751 0.00280666 -0.00006266 0.99999606
0.99999377 -0.00186190 -0.00299794 0.00186037 0.99999814 -0.00051423 0.00299889 0.00050865 0.99999537
0.99999430 -0.00049176 -0.00334101 0.00049303 0.99999981 0.00038067 0.00334083 -0.00038232 0.99999435
0.99999348 -0.00177227 -0.00314514 0.00176993 0.99999815 -0.00074868 0.00314646 0.00074311 0.99999477
0.99999268 -0.00026715 -0.00381743 0.00026054 0.99999847 -0.00173116 0.00381788 0.00173015 0.99999122
0.99998847 -0.00210679 -0.00431485 0.00209946 0.99999635 -0.00170087 0.00431841 0.00169179 0.99998924
0.99998739 0.00101940 -0.00491792 -0.00103490 0.99999450 -0.00315061 0.00491468 0.00315566 0.99998294
0.99997603 0.00325210 -0.00611222 -0.00328464 0.99998045 -0.00532076 0.00609480 0.00534071 0.99996716
0.99996849 0.00444634 -0.00657615 -0.00448360 0.99997391 -0.00566295 0.00655080 0.00569226 0.99996234
0.99996505 0.00462029 -0.00696780 -0.00465436 0.99997725 -0.00488178 0.00694509 0.00491404 0.99996381
0.99996724 0.00243926 -0.00771797 -0.00246860 0.99998976 -0.00379366 0.00770864 0.00381259 0.99996302
0.99997320 0.00318052 -0.00659497 -0.00317236 0.99999419 0.00124654 0.00659889 -0.00122559 0.99997748
0.99995792 0.00586651 -0.00705268 -0.00583526 0.99997310 0.00444424 0.00707856 -0.00440289 0.99996525
0.99996058 0.00525001 -0.00716113 -0.00520651 0.99996797 0.00607936 0.00719282 -0.00604183 0.99995588
0.99996146 0.00545774 -0.00687697 -0.00541647 0.99996729 0.00600639 0.00690952 -0.00596891 0.99995831
0.99997414 0.00161522 -0.00700736 -0.00159309 0.99999373 0.00316327 0.00701243 -0.00315203 0.99997044
0.99996021 0.00384115 -0.00805101 -0.00385364 0.99999139 -0.00153621 0.00804504 0.00156718 0.99996641
0.99996294 0.00351608 -0.00785900 -0.00354693 0.99998605 -0.00391467 0.00784513 0.00394240 0.99996145
0.99996880 0.00209613 -0.00761598 -0.00211482 0.99999477 -0.00244699 0.00761081 0.00246302 0.99996800
0.99996916 0.00154241 -0.00770105 -0.00155408 0.99999765 -0.00150903 0.00769871 0.00152095 0.99996921
0.99996578 0.00205289 -0.00801446 -0.00205069 0.99999786 0.00028226 0.00801503 -0.00026582 0.99996784
0.99995144 0.00515242 -0.00840089 -0.00514325 0.99998615 0.00111348 0.00840651 -0.00107021 0.99996409
0.99996326 -0.00036919 -0.00856387 0.00038699 0.99999777 0.00207621 0.00856309 -0.00207944 0.99996117
0.99995650 0.00034308 -0.00932060 -0.00033016 0.99999898 0.00138771 0.00932106 -0.00138457 0.99995560
0.99995311 0.00000859 -0.00968369 -0.00001257 0.99999992 -0.00041049 0.00968369 0.00041059 0.99995303
0.99994309 0.00390362 -0.00992828 -0.00390492 0.99999237 -0.00011206 0.00992777 0.00015082 0.99995071
0.99995155 -0.00005668 -0.00984384 0.00005026 0.99999979 -0.00065188 0.00984388 0.00065135 0.99995134
0.99995844 0.00097254 -0.00906476 -0.00097195 0.99999953 0.00006962 0.00906483 -0.00006081 0.99995891
0.99998017 -0.00051780 -0.00627638 0.00052340 0.99999947 0.00089050 0.00627591 -0.00089377 0.99997991
0.99998779 -0.00169339 -0.00464320 0.00169783 0.99999811 0.00095216 0.00464158 -0.00096003 0.99998877
0.99998542 -0.00403811 -0.00358609 0.00403776 0.99999184 -0.00010295 0.00358648 0.00008847 0.99999356
0.99996892 -0.00665546 -0.00422592 0.00665727 0.99997775 0.00041572 0.00422306 -0.00044384 0.99999098
0.99997141 -0.00675941 -0.00339064 0.00676248 0.99997673 0.00089500 0.00338451 -0.00091791 0.99999385
0.99997592 -0.00617861 -0.00316059 0.00618656 0.99997771 0.00251134 0.00314500 -0.00253084 0.99999185
0.99997942 -0.00575040 -0.00284449 0.00575623 0.99998134 0.00204586 0.00283268 -0.00206219 0.99999386
0.99999047 -0.00061121 -0.00432328 0.00061564 0.99999929 0.00102517 0.00432265 -0.00102782 0.99999013
0.99999262 -0.00016090 -0.00383877 0.00015368 0.99999822 -0.00188031 0.00383907 0.00187971 0.99999086
0.99997629 0.00498114 -0.00475521 -0.00499063 0.99998558 -0.00198479 0.00474525 0.00200848 0.99998672
0.99996817 0.00687821 -0.00404332 -0.00687718 0.99997632 0.00026948 0.00404507 -0.00024167 0.99999179
0.99999272 -0.00000693 -0.00381583 0.00002262 0.99999155 0.00411133 0.00381577 -0.00411139 0.99998427
0.99998272 0.00317440 -0.00494723 -0.00314422 0.99997648 0.00609577 0.00496646 -0.00608011 0.99996918
0.99999016 -0.00067523 -0.00438342 0.00070317 0.99997944 0.00637455 0.00437902 -0.00637757 0.99997007
0.99998035 -0.00207698 -0.00591529 0.00209371 0.99999382 0.00282351 0.00590939 -0.00283584 0.99997852
0.99997499 -0.00542639 -0.00453651 0.00541977 0.99998423 -0.00147160 0.00454443 0.00144698 0.99998863
0.99992292 -0.01089995 -0.00594443 0.01086059 0.99991915 -0.00661388 0.00601604 0.00654881 0.99996046
0.99995362 -0.00734267 -0.00623211 0.00728964 0.99993739 -0.00848974 0.00629406 0.00844391 0.99994454
0.99996608 -0.00322513 -0.00757859 0.00319202 0.99998533 -0.00437701 0.00759260 0.00435267 0.99996170
0.99996801 -0.00268524 -0.00753440 0.00270785 0.99999185 0.00299317 0.00752630 -0.00301348 0.99996714
0.99995854 -0.00490066 -0.00767503 0.00491829 0.99998530 0.00228050 0.00766374 -0.00231815 0.99996795
0.99996073 -0.00494949 -0.00735086 0.00494109 0.99998712 -0.00116055 0.00735651 0.00112419 0.99997231
0.99997537 -0.00283496 -0.00642021 0.00279572 0.99997741 -0.00611225 0.00643739 0.00609415 0.99996071
0.99998668 0.00061443 -0.00512565 -0.00062416 0.99999801 -0.00189675 0.00512447 0.00189992 0.99998506
0.99998942 -0.00247889 -0.00387527 0.00248297 0.99999637 0.00104994 0.00387266 -0.00105955 0.99999194
0.99998777 -0.00396876 -0.00295216 0.00398068 0.99998391 0.00404112 0.00293607 -0.00405282 0.99998748
0.99999342 -0.00329375 -0.00152314 0.00329733 0.99999179 0.00235438 0.00151537 -0.00235939 0.99999607
0.99999296 -0.00374505 -0.00023037 0.00374566 0.99998931 0.00271176 0.00022022 -0.00271261 0.99999630
0.99999985 -0.00053675 0.00014313 0.00053660 0.99999935 0.00100303 -0.00014366 -0.00100296 0.99999949
0.99999829 0.00162010 0.00089587 -0.00162087 0.99999831 0.00086331 -0.00089447 -0.00086476 0.99999923
0.99999809 0.00163082 0.00107597 -0.00162891 0.99999710 -0.00177527 -0.00107886 0.00177351 0.99999785
0.99998961 0.00414094 0.00190456 -0.00413806 0.99999029 -0.00151647 -0.00191082 0.00150858 0.99999704
0.99999056 0.00302637 0.00311887 -0.00302057 0.99999371 -0.00186117 -0.00312448 0.00185173 0.99999340
0.99998856 0.00390930 0.00275770 -0.00391032 0.99999229 0.00036573 -0.00275624 -0.00037651 0.99999613
0.99999026 0.00244485 0.00367407 -0.00244596 0.99999696 0.00029608 -0.00367333 -0.00030506 0.99999321
0.99999434 0.00078563 0.00327062 -0.00079177 0.99999793 0.00187408 -0.00326914 -0.00187666 0.99999290
0.99999304 0.00093383 0.00361289 -0.00094493 0.99999483 0.00307246 -0.00361001 -0.00307586 0.99998875
0.99998386 -0.00391966 0.00411173 0.00391328 0.99999113 0.00155867 -0.00411781 -0.00154255 0.99999033
0.99999165 0.00049125 0.00405671 -0.00046880 0.99998459 -0.00553225 -0.00405936 0.00553030 0.99997647
0.99997189 0.00588796 0.00464224 -0.00584598 0.99994237 -0.00900485 -0.00469499 0.00897746 0.99994868
0.99998515 0.00262660 0.00477565 -0.00259340 0.99997252 -0.00694501 -0.00479376 0.00693252 0.99996448
0.99998647 0.00172690 0.00490727 -0.00174614 0.99999080 0.00391794 -0.00490046 -0.00392646 0.99998028
0.99997927 0.00374719 0.00523559 -0.00377625 0.99997746 0.00555182 -0.00521467 -0.00557148 0.99997088
0.99998599 0.00223730 0.00479629 -0.00225847 0.99998771 0.00441330 -0.00478636 -0.00442407 0.99997876
0.99998696 0.00045281 0.00508642 -0.00045051 0.99999980 -0.00045407 -0.00508663 0.00045178 0.99998696
0.99998921 -0.00155779 0.00437564 0.00155603 0.99999871 0.00040517 -0.00437626 -0.00039836 0.99999034
0.99998510 -0.00320329 0.00442090 0.00321515 0.99999124 -0.00267889 -0.00441228 0.00269306 0.99998664
0.99998408 -0.00276077 0.00492103 0.00277237 0.99999339 -0.00235182 -0.00491451 0.00236542 0.99998513
0.99997982 -0.00217907 0.00596825 0.00219935 0.99999182 -0.00339392 -0.00596080 0.00340698 0.99997643
0.99998414 0.00088925 0.00556070 -0.00088846 0.99999960 -0.00014340 -0.00556082 0.00013846 0.99998453
0.99998326 0.00232424 0.00529969 -0.00232337 0.99999729 -0.00017050 -0.00530008 0.00015818 0.99998594
0.99997679 -0.00074076 0.00677220 0.00074151 0.99999972 -0.00010786 -0.00677212 0.00011288 0.99997706
0.99996267 0.00388333 0.00771850 -0.00387492 0.99999188 -0.00110495 -0.00772273 0.00107500 0.99996960
0.99995875 0.00474878 0.00774201 -0.00470328 0.99997163 -0.00588421 -0.00776973 0.00584756 0.99995272
0.99995983 0.00392378 0.00805837 -0.00388541 0.99998107 -0.00477209 -0.00807694 0.00474059 0.99995614
0.99996483 0.00073906 0.00835477 -0.00071419 0.99999531 -0.00297908 -0.00835694 0.00297301 0.99996066
0.99996217 0.00117219 0.00861907 -0.00124119 0.99996719 0.00800525 -0.00860941 -0.00801565 0.99993081
0.99994264 0.00644833 0.00855209 -0.00653566 0.99992638 0.01022343 -0.00848554 -0.01027874 0.99991117
0.99996017 -0.00038188 0.00891643 0.00033086 0.99998357 0.00572251 -0.00891847 -0.00571934 0.99994387
0.99994538 0.00543783 0.00892603 -0.00546034 0.99998197 0.00249996 -0.00891228 -0.00254856 0.99995704
0.99994597 -0.00061007 0.01037684 0.00063812 0.99999615 -0.00269938 -0.01037515 0.00270586 0.99994252
0.99994853 -0.00538165 0.00860120 0.00541574 0.99997755 -0.00394473 -0.00857978 0.00399111 0.99995523
0.99996086 -0.00069741 0.00881955 0.00079861 0.99993384 -0.01147511 -0.00881097 0.01148170 0.99989526
0.99994883 -0.00332610 0.00955365 0.00336482 0.99998618 -0.00403923 -0.00954008 0.00407117 0.99994620
0.99995902 -0.00188552 0.00885442 0.00185118 0.99999074 0.00388503 -0.00886167 -0.00386848 0.99995325
0.99995518 -0.00417247 0.00849877 0.00413503 0.99998169 0.00441792 -0.00851704 -0.00438258 0.99995413
0.99996060 0.00106369 0.00881286 -0.00107373 0.99999878 0.00113480 -0.00881164 -0.00114422 0.99996052
0.99996340 0.00149457 0.00842388 -0.00148798 0.99999858 -0.00078885 -0.00842505 0.00077629 0.99996421
0.99995763 -0.00493215 0.00777232 0.00494246 0.99998693 -0.00130775 -0.00776576 0.00134611 0.99996894
0.99996771 -0.00473320 0.00649454 0.00470896 0.99998191 0.00374360 -0.00651214 -0.00371290 0.99997190
0.99998234 0.00024743 0.00593778 -0.00026593 0.99999511 0.00311440 -0.00593698 -0.00311592 0.99997752
0.99998498 0.00152435 0.00526450 -0.00153644 0.99999619 0.00229406 -0.00526098 -0.00230212 0.99998351
0.99997669 0.00217538 0.00647276 -0.00216304 0.99999583 -0.00191326 -0.00647690 0.00189921 0.99997722
0.99998996 -0.00023894 0.00447364 0.00025591 0.99999277 -0.00379397 -0.00447270 0.00379508 0.99998280
0.99999046 0.00199210 0.00388644 -0.00196775 0.99997847 -0.00626037 -0.00389883 0.00625266 0.99997285
0.99998451 0.00370124 0.00415747 -0.00369615 0.99999241 -0.00123126 -0.00416200 0.00121587 0.99999060
0.99999422 0.00048205 0.00336696 -0.00050071 0.99998451 0.00554365 -0.00336424 -0.00554531 0.99997897
0.99999136 -0.00309981 0.00276818 0.00307866 0.99996628 0.00761293 -0.00279169 -0.00760434 0.99996719
0.99998300 -0.00456100 0.00363388 0.00454919 0.99998437 0.00325168 -0.00364866 -0.00323510 0.99998811
0.99998468 -0.00386267 0.00396446 0.00386726 0.99999186 -0.00114946 -0.00395999 0.00116477 0.99999148
0.99999333 -0.00202076 0.00304325 0.00203276 0.99999015 -0.00394534 -0.00303525 0.00395150 0.99998759
0.99998919 0.00356643 0.00298280 -0.00354571 0.99996974 -0.00692493 -0.00300741 0.00691428 0.99997157
0.99999514 0.00184578 0.00251324 -0.00182294 0.99995729 -0.00906107 -0.00252986 0.00905645 0.99995579
0.99999134 -0.00267063 0.00319067 0.00268288 0.99998903 -0.00383997 -0.00318038 0.00384850 0.99998754
0.99999520 0.00030926 0.00308364 -0.00033062 0.99997595 0.00692718 -0.00308142 -0.00692817 0.99997125
0.99996284 0.00788278 0.00348865 -0.00792805 0.99988196 0.01316088 -0.00338449 -0.01318805 0.99990731
0.99997194 0.00684811 0.00303593 -0.00687399 0.99993941 0.00859810 -0.00297687 -0.00861873 0.99995843
0.99999729 0.00090319 0.00214379 -0.00089990 0.99999842 -0.00153128 -0.00214517 0.00152935 0.99999653
0.99998985 -0.00338457 0.00297372 0.00339755 0.99998468 -0.00436954 -0.00295888 0.00437960 0.99998603
0.99999541 -0.00052249 0.00298611 0.00053146 0.99999535 -0.00300457 -0.00298453 0.00300614 0.99999103
0.99999590 0.00053698 0.00281226 -0.00054131 0.99999867 0.00153705 -0.00281143 -0.00153856 0.99999486
0.99999552 0.00095539 0.00283508 -0.00095857 0.99999891 0.00111890 -0.00283401 -0.00112161 0.99999536
0.99999669 0.00020644 0.00256401 -0.00020852 0.99999965 0.00081003 -0.00256384 -0.00081056 0.99999638
0.99999309 -0.00091207 0.00360302 0.00091701 0.99999864 -0.00136968 -0.00360177 0.00137297 0.99999257
0.99999061 -0.00004068 0.00433403 0.00005019 0.99999759 -0.00219374 -0.00433393 0.00219393 0.99998820
0.99998706 0.00107987 0.00497039 -0.00106843 0.99999678 -0.00230389 -0.00497286 0.00229855 0.99998499
0.99998702 0.00040940 0.00507884 -0.00039933 0.99999795 -0.00198276 -0.00507964 0.00198070 0.99998514
0.99998370 0.00095707 0.00562846 -0.00094249 0.99999620 -0.00259202 -0.00563092 0.00258668 0.99998080
0.99998051 -0.00073436 0.00619950 0.00075859 0.99999208 -0.00390674 -0.00619658 0.00391137 0.99997315
0.99997129 -0.00082738 0.00753238 0.00085885 0.99999091 -0.00417575 -0.00752885 0.00418210 0.99996291
0.99997970 0.00211871 0.00600852 -0.00210651 0.99999571 -0.00203608 -0.00601281 0.00202338 0.99997988
0.99996474 0.00506995 0.00669390 -0.00507062 0.99998714 0.00008377 -0.00669339 -0.00011771 0.99997759
0.99996635 0.00432674 0.00696968 -0.00432838 0.99999061 0.00021991 -0.00696866 -0.00025007 0.99997569
0.99997589 0.00112938 0.00685189 -0.00112340 0.99999898 -0.00087753 -0.00685288 0.00086981 0.99997614
0.99996244 0.00212733 0.00840140 -0.00210617 0.99999459 -0.00252671 -0.00840673 0.00250892 0.99996152
0.99995854 0.00417349 0.00809327 -0.00414159 0.99998360 -0.00395500 -0.00810964 0.00392132 0.99995943
0.99996308 0.00284140 0.00811014 -0.00281646 0.99999128 -0.00308491 -0.00811884 0.00306196 0.99996235
0.99996695 0.00251910 0.00772979 -0.00250402 0.99999494 -0.00196044 -0.00773469 0.00194102 0.99996820
0.99996385 0.00194270 0.00827795 -0.00192059 0.99999457 -0.00267849 -0.00828311 0.00266250 0.99996215
0.99996528 0.00286482 0.00782471 -0.00284479 0.99999265 -0.00257016 -0.00783202 0.00254781 0.99996608
0.99995823 -0.00180070 0.00896053 0.00180757 0.99999808 -0.00075852 -0.00895914 0.00077469 0.99995957
0.99996589 -0.00021494 0.00825708 0.00021186 0.99999991 0.00037352 -0.00825716 -0.00037176 0.99996584
0.99996523 -0.00001972 0.00833903 0.00000116 0.99999752 0.00222521 -0.00833905 -0.00222512 0.99996275
0.99996166 0.00255750 0.00837475 -0.00258654 0.99999067 0.00345884 -0.00836582 -0.00348037 0.99995895
0.99997376 0.00017215 0.00724244 -0.00020212 0.99999142 0.00413830 -0.00724167 -0.00413965 0.99996521
0.99997307 -0.00264674 0.00684453 0.00263068 0.99999377 0.00235516 -0.00685072 -0.00233709 0.99997380
0.99998216 0.00157059 0.00576224 -0.00160867 0.99997686 0.00661020 -0.00575172 -0.00661935 0.99996155
0.99998085 -0.00100526 0.00610701 0.00097541 0.99998758 0.00488836 -0.00611184 -0.00488231 0.99996940
0.99997763 -0.00394420 0.00540249 0.00394962 0.99999171 -0.00099223 -0.00539853 0.00101354 0.99998491
0.99997876 -0.00371813 0.00535266 0.00376966 0.99994634 -0.00964964 -0.00531650 0.00966961 0.99993911
0.99997948 -0.00367125 0.00524910 0.00374139 0.99990299 -0.01341669 -0.00519933 0.01343605 0.99989621
0.99996812 -0.00638652 0.00479216 0.00642917 0.99993939 -0.00893789 -0.00473479 0.00896841 0.99994857
0.99996705 -0.00637989 0.00501877 0.00636620 0.99997598 0.00273961 -0.00503612 -0.00270757 0.99998365
0.99996092 -0.00682122 0.00562432 0.00678757 0.99995908 0.00597992 -0.00566488 -0.00594151 0.99996630
0.99997944 -0.00283104 0.00575310 0.00280212 0.99998343 0.00502805 -0.00576724 -0.00501183 0.99997081
0.99998413 0.00324482 0.00460579 -0.00321992 0.99998023 -0.00540142 -0.00462323 0.00538650 0.99997481
0.99997585 0.00523692 0.00456989 -0.00519713 0.99994887 -0.00867456 -0.00461508 0.00865060 0.99995193
0.99998263 0.00354968 0.00470499 -0.00353793 0.99999061 -0.00250431 -0.00471383 0.00248762 0.99998580
0.99998028 0.00287202 0.00558460 -0.00290364 0.99997976 0.00566123 -0.00556822 -0.00567733 0.99996838
0.99998047 0.00279454 0.00559072 -0.00281656 0.99998829 0.00393422 -0.00557966 -0.00394989 0.99997663
0.99998270 0.00152310 0.00568168 -0.00151654 0.99999818 -0.00115923 -0.00568343 0.00115060 0.99998319
0.99998658 0.00082403 0.00511387 -0.00080432 0.99999225 -0.00385468 -0.00511700 0.00385051 0.99997949
0.99998126 -0.00332452 0.00514167 0.00333036 0.99999382 -0.00112784 -0.00513789 0.00114494 0.99998615
0.99997814 -0.00446000 0.00488136 0.00446156 0.99999000 -0.00030781 -0.00487994 0.00032958 0.99998804
0.99999083 -0.00127711 0.00408674 0.00127581 0.99999913 0.00032274 -0.00408715 -0.00031753 0.99999160
0.99998905 -0.00231334 0.00406878 0.00231232 0.99999729 0.00025650 -0.00406936 -0.00024709 0.99999169
0.99999426 -0.00100620 0.00323653 0.00100459 0.99999937 0.00049843 -0.00323703 -0.00049518 0.99999464
0.99999445 0.00231869 0.00239389 -0.00232270 0.99999590 0.00167361 -0.00239000 -0.00167917 0.99999573
0.99999582 -0.00007456 0.00289030 0.00006842 0.99999774 0.00212665 -0.00289045 -0.00212644 0.99999356
0.99999155 0.00304170 0.00276559 -0.00304383 0.99999507 0.00076785 -0.00276324 -0.00077626 0.99999588
0.99999637 0.00153784 0.00221430 -0.00153279 0.99999622 -0.00228441 -0.00221781 0.00228101 0.99999494
0.99999829 0.00013442 0.00184386 -0.00013205 0.99999917 -0.00128255 -0.00184403 0.00128230 0.99999748
0.99999742 -0.00057641 0.00219874 0.00057696 0.99999980 -0.00024893 -0.00219859 0.00025020 0.99999755
0.99999886 0.00036967 0.00146701 -0.00037078 0.99999965 0.00075467 -0.00146673 -0.00075521 0.99999864
0.99999800 -0.00139344 0.00143749 0.00138656 0.99998765 0.00477277 -0.00144412 -0.00477077 0.99998758
0.99999516 -0.00260163 0.00170518 0.00260052 0.99999641 0.00065282 -0.00170687 -0.00064838 0.99999833
0.99999604 0.00193430 0.00204236 -0.00193251 0.99999775 -0.00087606 -0.00204405 0.00087211 0.99999753
0.99999870 -0.00053568 0.00152273 0.00054729 0.99997071 -0.00763389 -0.00151860 0.00763471 0.99996970
0.99999806 -0.00022281 0.00195514 0.00022757 0.99999701 -0.00243587 -0.00195460 0.00243631 0.99999512
0.99999603 0.00111230 0.00258986 -0.00110903 0.99999859 -0.00126370 -0.00259126 0.00126082 0.99999585
0.99999518 0.00133508 0.00280443 -0.00134674 0.99999044 0.00416042 -0.00279885 -0.00416418 0.99998741
0.99999518 0.00009817 0.00310482 -0.00011532 0.99998473 0.00552460 -0.00310423 -0.00552493 0.99997992
0.99999249 -0.00115156 0.00370123 0.00113833 0.99999296 0.00357478 -0.00370532 -0.00357054 0.99998676
0.99999026 0.00175760 0.00404884 -0.00175533 0.99999830 -0.00056380 -0.00404982 0.00055669 0.99999164
0.99999033 -0.00067681 0.00434622 0.00068294 0.99999878 -0.00140827 -0.00434526 0.00141122 0.99998956
0.99999129 -0.00082772 0.00408961 0.00083161 0.99999920 -0.00095004 -0.00408882 0.00095344 0.99999119
0.99999059 0.00023433 0.00433245 -0.00023608 0.99999989 0.00040289 -0.00433236 -0.00040391 0.99999053
0.99999020 -0.00084180 0.00434577 0.00083918 0.99999947 0.00060392 -0.00434628 -0.00060027 0.99999037
0.99999053 0.00211352 0.00380498 -0.00211127 0.99999759 -0.00059644 -0.00380623 0.00058840 0.99999258
0.99998826 0.00268397 0.00403544 -0.00268104 0.99999614 -0.00073078 -0.00403738 0.00071996 0.99999159
0.99998677 0.00332398 0.00392635 -0.00332117 0.99999423 -0.00072080 -0.00392872 0.00070775 0.99999203
0.99998190 0.00366990 0.00476783 -0.00366516 0.99999278 -0.00100386 -0.00477148 0.00098637 0.99998813
0.99998187 0.00488459 0.00352244 -0.00488217 0.99998784 -0.00069368 -0.00352578 0.00067647 0.99999356
0.99998473 0.00453459 0.00316006 -0.00452317 0.99998325 -0.00361072 -0.00317638 0.00359637 0.99998849
0.99999155 0.00236554 0.00336318 -0.00234897 0.99998513 -0.00492152 -0.00337477 0.00491357 0.99998223
0.99999049 0.00263299 0.00347599 -0.00262531 0.99999411 -0.00221117 -0.00348180 0.00220203 0.99999151
0.99999346 0.00157996 0.00325273 -0.00158848 0.99999531 0.00261931 -0.00324858 -0.00262446 0.99999128
0.99999277 -0.00027960 0.00379233 0.00026819 0.99999544 0.00300914 -0.00379315 -0.00300811 0.99998828
0.99999333 -0.00189995 0.00311792 0.00188874 0.99999176 0.00359475 -0.00312473 -0.00358883 0.99998868
0.99999345 -0.00103956 0.00346566 0.00103860 0.99999942 0.00027698 -0.00346595 -0.00027337 0.99999396
0.99999400 -0.00021156 0.00345642 0.00021165 0.99999998 -0.00002492 -0.00345641 0.00002565 0.99999403
0.99999078 0.00011540 0.00429276 -0.00010673 0.99999795 -0.00201966 -0.00429299 0.00201918 0.99998875
0.99998945 -0.00008799 0.00459333 0.00010295 0.99999469 -0.00325613 -0.00459302 0.00325657 0.99998415
0.99993849 -0.00945238 0.00580252 0.00943236 0.99994950 0.00346773 -0.00583500 -0.00341279 0.99997715
0.99999076 -0.00032823 0.00428663 0.00030742 0.99998816 0.00485591 -0.00428817 -0.00485455 0.99997902
0.99998350 -0.00053850 0.00571862 0.00054728 0.99999867 -0.00153360 -0.00571778 0.00153671 0.99998247
0.99998828 -0.00154732 0.00458837 0.00160582 0.99991712 -0.01277400 -0.00456823 0.01278122 0.99990788
0.99998393 -0.00123228 0.00553381 0.00130212 0.99991934 -0.01263371 -0.00551780 0.01264071 0.99990488
0.99998132 0.00261182 0.00552678 -0.00258835 0.99998762 -0.00424930 -0.00553781 0.00423491 0.99997570
0.99997765 0.00455023 0.00489758 -0.00457746 0.99997405 0.00556226 -0.00487215 -0.00558455 0.99997254
0.99998467 0.00244366 0.00496832 -0.00247666 0.99997485 0.00664561 -0.00495195 -0.00665781 0.99996558
0.99998483 0.00238422 0.00496561 -0.00240651 0.99998704 0.00448722 -0.00495484 -0.00449910 0.99997760
0.99997462 0.00415787 0.00578507 -0.00415894 0.99999134 0.00017232 -0.00578431 -0.00019638 0.99998325
0.99996377 0.00475595 0.00705940 -0.00476935 0.99998686 0.00188224 -0.00705036 -0.00191584 0.99997331
0.99996327 0.00456889 0.00725094 -0.00460022 0.99998013 0.00430935 -0.00723110 -0.00434254 0.99996443
0.99997446 0.00160426 0.00696482 -0.00162652 0.99999358 0.00319176 -0.00695965 -0.00320301 0.99997065
0.99996985 -0.00321278 0.00707007 0.00322606 0.99999305 -0.00186764 -0.00706403 0.00189039 0.99997326
0.99997659 -0.00177818 0.00660780 0.00180670 0.99998906 -0.00431349 -0.00660006 0.00432533 0.99996886
0.99997576 -0.00197266 0.00667781 0.00198806 0.99999538 -0.00230075 -0.00667325 0.00231397 0.99997506
0.99997928 0.00062646 0.00640640 -0.00063508 0.99999890 0.00134381 -0.00640555 -0.00134786 0.99997858
0.99998014 0.00121705 0.00618414 -0.00123014 0.99999701 0.00211327 -0.00618155 -0.00212084 0.99997865
0.99997803 -0.00228898 0.00622087 0.00228353 0.99999700 0.00088307 -0.00622288 -0.00086884 0.99998026
0.99998396 -0.00092370 0.00558815 0.00093813 0.99999623 -0.00258092 -0.00558574 0.00258613 0.99998106
0.99998836 0.00007515 0.00482401 -0.00005638 0.99999243 -0.00389143 -0.00482427 0.00389111 0.99998079
0.99999137 -0.00195113 0.00366688 0.00195794 0.99999636 -0.00185697 -0.00366324 0.00186413 0.99999155
0.99998177 -0.00518092 0.00310106 0.00517811 0.99998618 0.00091382 -0.00310575 -0.00089775 0.99999477
0.99999572 -0.00201045 0.00212616 0.00200538 0.99999515 0.00238246 -0.00213094 -0.00237819 0.99999490
0.99999595 -0.00191262 0.00210607 0.00190986 0.99999732 0.00130883 -0.00210857 -0.00130480 0.99999693
0.99999605 -0.00205660 0.00191650 0.00205494 0.99999751 0.00086807 -0.00191828 -0.00086413 0.99999779
0.99999761 -0.00181536 0.00121850 0.00181759 0.99999668 -0.00182899 -0.00121518 0.00183120 0.99999759
0.99999835 -0.00172635 0.00056180 0.00172733 0.99999695 -0.00176281 -0.00055875 0.00176378 0.99999829
0.99999341 -0.00362971 -0.00003833 0.00362963 0.99999178 -0.00180617 0.00004489 0.00180602 0.99999837
0.99999723 -0.00221684 -0.00079487 0.00221599 0.99999698 -0.00106073 0.00079722 0.00105896 0.99999912
0.99999866 -0.00123115 -0.00108332 0.00123069 0.99999915 -0.00042965 0.00108385 0.00042832 0.99999932
0.99999598 -0.00216619 -0.00182822 0.00216606 0.99999765 -0.00007179 0.00182837 0.00006783 0.99999833
0.99999693 -0.00115993 -0.00218745 0.00116216 0.99999881 0.00101804 0.00218627 -0.00102058 0.99999709
0.99999658 -0.00115896 -0.00234463 0.00116319 0.99999770 0.00180311 0.00234254 -0.00180583 0.99999563
0.99999556 -0.00016044 -0.00297662 0.00016922 0.99999564 0.00294876 0.00297613 -0.00294925 0.99999122
0.99999351 0.00057006 -0.00355722 -0.00056058 0.99999629 0.00266719 0.00355872 -0.00266517 0.99999012
0.99999235 0.00148077 -0.00362068 -0.00147353 0.99999691 0.00200260 0.00362363 -0.00199725 0.99999144
0.99998119 0.00455826 -0.00410321 -0.00455932 0.99998957 -0.00025086 0.00410202 0.00026956 0.99999155
0.99998975 0.00224942 -0.00392889 -0.00225503 0.99999644 -0.00142609 0.00392567 0.00143494 0.99999127
0.99999102 0.00016190 -0.00423553 -0.00016294 0.99999996 -0.00024531 0.00423549 0.00024600 0.99999100
0.99999320 -0.00014436 -0.00368548 0.00015212 0.99999777 0.00210634 0.00368517 -0.00210688 0.99999099
0.99999214 0.00207327 -0.00337926 -0.00206303 0.99999328 0.00303108 0.00338552 -0.00302408 0.99998970
0.99998962 0.00247640 -0.00382498 -0.00246979 0.99999545 0.00173384 0.00382926 -0.00172437 0.99999118
0.99999166 -0.00136233 -0.00385024 0.00135756 0.99999831 -0.00124110 0.00385192 0.00123586 0.99999182
0.99999168 -0.00012783 -0.00407833 0.00012127 0.99999870 -0.00160867 0.00407853 0.00160816 0.99999039
0.99999490 0.00050249 -0.00315244 -0.00050943 0.99999745 -0.00219882 0.00315133 0.00220042 0.99999261
0.99999315 0.00118750 -0.00350474 -0.00119896 0.99999393 -0.00327077 0.00350083 0.00327495 0.99998851
0.99999025 0.00301901 -0.00322359 -0.00302051 0.99999533 -0.00046310 0.00322218 0.00047284 0.99999470
0.99999212 0.00196714 -0.00344839 -0.00196966 0.99999780 -0.00072592 0.00344696 0.00073270 0.99999379
0.99999257 0.00180382 -0.00340729 -0.00180427 0.99999836 -0.00013006 0.00340705 0.00013621 0.99999419
0.99999479 0.00060984 -0.00317115 -0.00060889 0.99999977 0.00030119 0.00317133 -0.00029925 0.99999493
0.99999424 0.00098590 -0.00324713 -0.00099011 0.99999867 -0.00129411 0.00324585 0.00129732 0.99999389
0.99999147 0.00274751 -0.00308524 -0.00275756 0.99999090 -0.00325573 0.00307627 0.00326421 0.99998994
0.99999599 0.00109039 -0.00261518 -0.00108955 0.99999935 0.00032323 0.00261554 -0.00032038 0.99999653
0.99999440 0.00062542 -0.00328897 -0.00062598 0.99999979 -0.00016723 0.00328886 0.00016929 0.99999458
0.99999464 0.00124196 -0.00302915 -0.00124073 0.99999915 0.00040995 0.00302965 -0.00040619 0.99999533
0.99999630 -0.00068110 -0.00263361 0.00067856 0.99999930 -0.00096760 0.00263426 0.00096581 0.99999606
0.99999361 0.00146232 -0.00326257 -0.00146671 0.99999802 -0.00134227 0.00326060 0.00134705 0.99999378
0.99999610 0.00047231 -0.00275439 -0.00047641 0.99999878 -0.00148983 0.00275369 0.00149114 0.99999510
0.99999640 -0.00105137 -0.00246992 0.00104751 0.99999823 -0.00155997 0.00247156 0.00155738 0.99999573
0.99999673 0.00127250 -0.00221931 -0.00127626 0.99999775 -0.00169247 0.00221715 0.00169529 0.99999611
0.99999844 0.00103508 -0.00143071 -0.00103683 0.99999872 -0.00122229 0.00142944 0.00122377 0.99999823
0.99999870 0.00063132 -0.00148505 -0.00063376 0.99999845 -0.00164447 0.00148401 0.00164541 0.99999755
0.99999914 0.00085934 -0.00099456 -0.00086066 0.99999875 -0.00132589 0.00099342 0.00132674 0.99999863
0.99999997 -0.00022636 -0.00002952 0.00022633 0.99999938 -0.00108903 0.00002977 0.00108902 0.99999941
0.99999986 -0.00012839 0.00051518 0.00012857 0.99999993 -0.00036342 -0.00051513 0.00036348 0.99999980
0.99999826 0.00171825 0.00072177 -0.00171857 0.99999842 0.00044446 -0.00072100 -0.00044570 0.99999964
0.99999870 0.00080346 0.00139583 -0.00080517 0.99999893 0.00122175 -0.00139484 -0.00122287 0.99999828
0.99999701 -0.00117855 0.00214331 0.00118054 0.99999887 -0.00092759 -0.00214221 0.00093012 0.99999727
0.99999507 -0.00232392 0.00211192 0.00233100 0.99999166 -0.00335399 -0.00210411 0.00335889 0.99999215
0.99998402 -0.00520894 0.00219740 0.00521917 0.99997544 -0.00467688 -0.00217298 0.00468827 0.99998665
0.99999429 -0.00219945 0.00256449 0.00221359 0.99998230 -0.00552223 -0.00255230 0.00552788 0.99998146
0.99999630 0.00140692 0.00232830 -0.00139932 0.99999370 -0.00326279 -0.00233287 0.00325952 0.99999197
0.99999799 0.00022900 0.00199187 -0.00022730 0.99999961 -0.00085162 -0.00199206 0.00085117 0.99999765
0.99999087 -0.00368785 0.00215979 0.00368254 0.99999020 0.00245672 -0.00216883 -0.00244874 0.99999465
0.99995893 -0.00884395 0.00198166 0.00883589 0.99995281 0.00403878 -0.00201729 -0.00402111 0.99998988
0.99999672 -0.00129183 0.00221086 0.00129105 0.99999910 0.00035684 -0.00221132 -0.00035398 0.99999749
0.99998431 0.00495211 0.00261828 -0.00494366 0.99998258 -0.00322518 -0.00263421 0.00321218 0.99999137
0.99999493 0.00261774 0.00181541 -0.00261449 0.99999497 -0.00179408 -0.00182010 0.00178933 0.99999674
0.99998827 -0.00457062 0.00160445 0.00456938 0.99998926 0.00077333 -0.00160797 -0.00076599 0.99999841
0.99998828 -0.00456587 0.00160809 0.00456427 0.99998909 0.00099438 -0.00161261 -0.00098703 0.99999821
0.99999669 -0.00101204 0.00236427 0.00101321 0.99999937 -0.00049181 -0.00236377 0.00049421 0.99999708
0.99998913 0.00406169 0.00228801 -0.00405975 0.99999140 -0.00085241 -0.00229145 0.00084311 0.99999702
0.99999551 0.00190100 0.00231467 -0.00189597 0.99999584 -0.00217282 -0.00231879 0.00216842 0.99999496
0.99999704 0.00154967 0.00187817 -0.00154346 0.99999336 -0.00330083 -0.00188328 0.00329793 0.99999279
0.99999685 -0.00123322 0.00218553 0.00123890 0.99999585 -0.00260202 -0.00218231 0.00260472 0.99999423
0.99999338 0.00316982 0.00178391 -0.00317258 0.99999377 0.00154717 -0.00177899 -0.00155282 0.99999721
0.99998937 0.00423721 0.00181886 -0.00423801 0.99999092 0.00043588 -0.00181699 -0.00044358 0.99999825
0.99999750 0.00109946 0.00194733 -0.00109746 0.99999887 -0.00102743 -0.00194845 0.00102529 0.99999758
0.99998995 -0.00371095 0.00251505 0.00372486 0.99997767 -0.00554865 -0.00249441 0.00555796 0.99998144
0.99999813 -0.00039231 0.00189453 0.00040361 0.99998211 -0.00596821 -0.00189216 0.00596896 0.99998040
0.99999909 0.00039572 0.00129182 -0.00039010 0.99999046 -0.00435001 -0.00129353 0.00434951 0.99998970
0.99999098 -0.00411536 0.00105065 0.00411341 0.99998983 0.00185098 -0.00105826 -0.00184664 0.99999774
0.99998764 -0.00468242 0.00167409 0.00467297 0.99997338 0.00560326 -0.00170029 -0.00559537 0.99998290
0.99999289 -0.00344201 0.00153986 0.00343856 0.99999158 0.00223913 -0.00154756 -0.00223382 0.99999631
0.99999464 -0.00288677 0.00154333 0.00288926 0.99999453 -0.00161000 -0.00153867 0.00161445 0.99999751
0.99999975 -0.00044644 0.00055070 0.00044763 0.99999756 -0.00216128 -0.00054974 0.00216153 0.99999751
0.99999977 -0.00041917 0.00054187 0.00041992 0.99999894 -0.00139340 -0.00054129 0.00139363 0.99999888
0.99999905 -0.00135195 0.00025865 0.00135177 0.99999885 0.00068903 -0.00025959 -0.00068868 0.99999973
0.99999980 -0.00025950 -0.00057417 0.00026042 0.99999869 0.00159512 0.00057375 -0.00159527 0.99999856
0.99999935 -0.00079649 -0.00081378 0.00079714 0.99999937 0.00078781 0.00081315 -0.00078846 0.99999936
0.99999911 -0.00066796 -0.00115328 0.00066837 0.99999971 0.00036286 0.00115304 -0.00036363 0.99999927
0.99999959 -0.00020812 -0.00087835 0.00020941 0.99999890 0.00146990 0.00087805 -0.00147008 0.99999853
0.99999753 -0.00110457 -0.00192734 0.00110683 0.99999870 0.00117081 0.00192604 -0.00117294 0.99999746
0.99999645 -0.00184182 -0.00192512 0.00184354 0.99999790 0.00089169 0.00192347 -0.00089524 0.99999775
0.99999743 -0.00086979 -0.00209314 0.00087088 0.99999949 0.00051965 0.00209269 -0.00052147 0.99999767
0.99999515 -0.00183615 -0.00251646 0.00183398 0.99999795 -0.00086297 0.00251804 0.00085835 0.99999646
0.99999311 -0.00284976 -0.00237911 0.00285094 0.99999582 0.00049056 0.00237770 -0.00049734 0.99999705
0.99999477 -0.00220709 -0.00236211 0.00220971 0.99999695 0.00110676 0.00235966 -0.00111197 0.99999660
0.99999658 -0.00161306 -0.00206088 0.00161494 0.99999828 0.00091267 0.00205941 -0.00091599 0.99999746
0.99999333 -0.00146134 -0.00334680 0.00145865 0.99999861 -0.00080555 0.00334797 0.00080066 0.99999408
0.99999468 -0.00181889 -0.00270808 0.00181669 0.99999802 -0.00081350 0.00270956 0.00080858 0.99999600
0.99999447 0.00033033 -0.00330821 -0.00033494 0.99999897 -0.00139431 0.00330774 0.00139541 0.99999356
0.99999253 0.00268867 -0.00277546 -0.00269168 0.99999579 -0.00108206 0.00277254 0.00108952 0.99999556
0.99999600 0.00151304 -0.00238766 -0.00151581 0.99999818 -0.00116240 0.00238590 0.00116602 0.99999647
0.99999412 0.00244836 -0.00240311 -0.00244980 0.99999682 -0.00059483 0.00240165 0.00060071 0.99999694
0.99999845 -0.00014056 -0.00175306 0.00014220 0.99999955 0.00093463 0.00175293 -0.00093488 0.99999803
0.99999761 -0.00053400 -0.00212228 0.00053877 0.99999733 0.00224852 0.00212107 -0.00224966 0.99999522
0.99999901 -0.00038885 -0.00135175 0.00039199 0.99999722 0.00232570 0.00135084 -0.00232623 0.99999638
0.99999808 -0.00172595 -0.00092801 0.00172593 0.99999851 -0.00003221 0.00092806 0.00003061 0.99999957
0.99999794 -0.00195236 -0.00056392 0.00195077 0.99999413 -0.00281849 0.00056942 0.00281739 0.99999587
0.99999969 0.00048399 -0.00062525 -0.00048354 0.99999963 0.00071351 0.00062559 -0.00071320 0.99999955
0.99999687 0.00244411 -0.00053449 -0.00244314 0.99999539 0.00180438 0.00053890 -0.00180307 0.99999823
0.99999736 0.00219873 -0.00066281 -0.00219755 0.99999601 0.00177626 0.00066672 -0.00177480 0.99999820
0.99999893 0.00136061 -0.00053762 -0.00136133 0.99999819 -0.00133115 0.00053580 0.00133188 0.99999897
0.99999992 -0.00034697 -0.00021530 0.00034667 0.99999903 -0.00135269 0.00021577 0.00135261 0.99999906
0.99999983 -0.00048504 -0.00030988 0.00048481 0.99999960 -0.00075795 0.00031025 0.00075780 0.99999966
0.99999916 0.00123423 -0.00038781 -0.00123441 0.99999912 -0.00047737 0.00038722 0.00047784 0.99999981
0.99999949 -0.00086090 -0.00053541 0.00086048 0.99999932 -0.00078296 0.00053608 0.00078250 0.99999955
0.99999974 -0.00058689 -0.00042771 0.00058695 0.99999982 0.00013708 0.00042763 -0.00013734 0.99999990
0.99999881 -0.00149195 -0.00038470 0.00149246 0.99999802 0.00131707 0.00038273 -0.00131765 0.99999906
0.99999971 0.00060194 -0.00047169 -0.00060257 0.99999891 -0.00134775 0.00047088 0.00134804 0.99999898
0.99999999 0.00006647 -0.00008157 -0.00006669 0.99999619 -0.00276102 0.00008139 0.00276102 0.99999619
0.99999307 -0.00366889 -0.00062742 0.00366759 0.99999116 -0.00205618 0.00063496 0.00205387 0.99999769
0.99999732 -0.00217094 -0.00080192 0.00217365 0.99999186 0.00339962 0.00079453 -0.00340135 0.99999390
0.99999792 -0.00151430 -0.00136473 0.00151835 0.99999444 0.00296868 0.00136023 -0.00297074 0.99999466
0.99998797 -0.00453403 -0.00187337 0.00452993 0.99998735 -0.00218640 0.00188326 0.00217789 0.99999586
0.99997795 -0.00609755 -0.00262931 0.00608041 0.99996051 -0.00648066 0.00266872 0.00646453 0.99997554
0.99998820 -0.00399141 -0.00277089 0.00398147 0.99998566 -0.00358091 0.00278514 0.00356983 0.99998975
0.99998917 -0.00341644 -0.00315898 0.00341540 0.99999411 -0.00033228 0.00316010 0.00032149 0.99999496
0.99999143 -0.00206774 -0.00358769 0.00206940 0.99999775 0.00045843 0.00358674 -0.00046585 0.99999346
0.99999455 -0.00131839 -0.00302753 0.00131019 0.99999547 -0.00270905 0.00303109 0.00270506 0.99999175
0.99999330 -0.00061178 -0.00360824 0.00061215 0.99999981 0.00010311 0.00360818 -0.00010532 0.99999348
0.99999306 -0.00043876 -0.00370020 0.00045127 0.99999418 0.00338102 0.00369870 -0.00338266 0.99998744
0.99998951 0.00138273 -0.00436670 -0.00136382 0.99998969 0.00433042 0.00437264 -0.00432442 0.99998109
0.99998850 0.00137828 -0.00459248 -0.00137209 0.99999815 0.00134984 0.00459434 -0.00134352 0.99998854
0.99998465 0.00105807 -0.00543894 -0.00105450 0.99999923 0.00066010 0.00543963 -0.00065435 0.99998499
0.99998422 0.00025685 -0.00561196 -0.00025381 0.99999982 0.00054202 0.00561210 -0.00054058 0.99998411
0.99997907 0.00150056 -0.00629275 -0.00149954 0.99999886 0.00016674 0.00629299 -0.00015730 0.99998019
0.99997278 0.00083979 -0.00733071 -0.00084878 0.99999889 -0.00122366 0.00732967 0.00122985 0.99997238
0.99996329 0.00119702 -0.00848419 -0.00120591 0.99999873 -0.00104382 0.00848293 0.00105401 0.99996346
0.99994997 0.00093918 -0.00995866 -0.00094809 0.99999915 -0.00088958 0.00995781 0.00089898 0.99995002
0.99995361 0.00096825 -0.00958340 -0.00097150 0.99999947 -0.00033431 0.00958307 0.00034360 0.99995402
0.99995365 0.00050520 -0.00961447 -0.00050819 0.99999982 -0.00030879 0.00961432 0.00031366 0.99995373
0.99995451 0.00031234 -0.00953267 -0.00031010 0.99999992 0.00023682 0.00953275 -0.00023385 0.99995454
0.99995712 0.00083722 -0.00922276 -0.00083684 0.99999965 0.00004482 0.00922279 -0.00003710 0.99995747
0.99996414 0.00059829 -0.00844734 -0.00059518 0.99999975 0.00037107 0.00844756 -0.00036603 0.99996425
0.99997478 0.00046169 -0.00708672 -0.00046074 0.99999988 0.00013630 0.00708678 -0.00013303 0.99997488
0.99998082 0.00084293 -0.00613551 -0.00084358 0.99999964 -0.00010305 0.00613542 0.00010822 0.99998117
0.99998672 0.00042060 -0.00513717 -0.00042587 0.99999938 -0.00102490 0.00513674 0.00102708 0.99998628
0.99998746 0.00021912 -0.00500299 -0.00021757 0.99999993 0.00030889 0.00500305 -0.00030780 0.99998744
0.99998913 0.00032626 -0.00465213 -0.00032792 0.99999988 -0.00035602 0.00465202 0.00035754 0.99998912
0.99999007 -0.00068360 -0.00440465 0.00068319 0.99999976 -0.00009324 0.00440471 0.00009023 0.99999030
0.99998919 -0.00109664 -0.00451755 0.00109386 0.99999921 -0.00061734 0.00451822 0.00061239 0.99998961
0.99998899 -0.00084120 -0.00461633 0.00084281 0.99999959 0.00034582 0.00461604 -0.00034971 0.99998928
0.99998955 -0.00148555 -0.00432242 0.00149042 0.99999826 0.00112370 0.00432074 -0.00113013 0.99999003
0.99998858 0.00061947 -0.00473912 -0.00061202 0.99999858 0.00157240 0.00474008 -0.00156948 0.99998753
0.99998864 -0.00085107 -0.00469088 0.00086067 0.99999754 0.00204393 0.00468913 -0.00204795 0.99998691
0.99998928 -0.00098950 -0.00452402 0.00099898 0.99999731 0.00209285 0.00452193 -0.00209735 0.99998758
0.99998972 0.00003479 -0.00453316 -0.00002735 0.99999865 0.00164190 0.00453321 -0.00164176 0.99998838
0.99998926 -0.00009974 -0.00463335 0.00009778 0.99999991 -0.00042311 0.00463340 0.00042265 0.99998918
0.99998677 0.00146197 -0.00493078 -0.00147813 0.99999354 -0.00327594 0.00492596 0.00328318 0.99998248
0.99998639 0.00199258 -0.00482203 -0.00200602 0.99999411 -0.00278418 0.00481646 0.00279382 0.99998450
0.99999052 0.00052462 -0.00432210 -0.00052595 0.99999981 -0.00030719 0.00432194 0.00030946 0.99999061
0.99999290 0.00137202 -0.00351042 -0.00135653 0.99998935 0.00441234 0.00351643 -0.00440755 0.99998410
0.99999157 0.00329206 -0.00245437 -0.00328307 0.99998793 0.00365639 0.00246637 -0.00364830 0.99999030
0.99998899 0.00425795 -0.00197091 -0.00425912 0.99999076 -0.00058595 0.00196840 0.00059434 0.99999789
0.99999440 0.00311488 -0.00122728 -0.00312085 0.99998319 -0.00488594 0.00121204 0.00488975 0.99998731
0.99999882 0.00120688 -0.00094802 -0.00121091 0.99999018 -0.00426244 0.00094286 0.00426358 0.99999047
0.99999760 0.00195957 -0.00098372 -0.00195989 0.99999803 -0.00032168 0.00098309 0.00032360 0.99999946
0.99999467 0.00325263 -0.00029468 -0.00325130 0.99998504 0.00439935 0.00030898 -0.00439837 0.99999028
0.99999641 0.00266553 -0.00028912 -0.00266408 0.99998458 0.00487233 0.00030210 -0.00487154 0.99998809
0.99999869 0.00160658 -0.00020785 -0.00160617 0.99999672 0.00199717 0.00021106 -0.00199683 0.99999798
0.99999928 -0.00106302 0.00056245 0.00106280 0.99999936 0.00039525 -0.00056287 -0.00039466 0.99999976
0.99999982 -0.00006875 0.00059722 0.00006954 0.99999912 -0.00132526 -0.00059713 0.00132530 0.99999894
0.99999996 0.00009988 0.00026612 -0.00009958 0.99999937 -0.00111776 -0.00026623 0.00111773 0.99999934
0.99998121 -0.00605618 0.00095461 0.00605449 0.99998013 0.00175800 -0.00096523 -0.00175219 0.99999800
0.99999908 -0.00133764 0.00020772 0.00133743 0.99999861 0.00099428 -0.00020905 -0.00099400 0.99999948
0.99999950 0.00077678 0.00063006 -0.00077495 0.99999551 -0.00289547 -0.00063230 0.00289498 0.99999561
0.99999893 -0.00145962 -0.00000973 0.00145954 0.99998156 -0.00589442 0.00001833 0.00589440 0.99998263
0.99999957 -0.00091774 0.00013969 0.00091843 0.99998729 -0.00495767 -0.00013514 0.00495780 0.99998770
0.99999831 0.00157948 0.00094540 -0.00158069 0.99999792 0.00128749 -0.00094337 -0.00128898 0.99999872
0.99999966 -0.00082181 0.00009218 0.00082150 0.99999435 0.00326076 -0.00009486 -0.00326068 0.99999468
0.99999972 0.00063998 0.00037945 -0.00064013 0.99999971 0.00041764 -0.00037919 -0.00041789 0.99999984
0.99999996 -0.00025141 0.00008779 0.00025156 0.99999833 -0.00180761 -0.00008733 0.00180763 0.99999836
0.99999843 -0.00176475 -0.00013781 0.00176422 0.99999133 -0.00377190 0.00014446 0.00377165 0.99999288
0.99999945 -0.00103709 0.00013025 0.00103729 0.99999829 -0.00153163 -0.00012866 0.00153176 0.99999882
0.99999994 -0.00034518 -0.00001150 0.00034519 0.99999920 0.00121983 0.00001108 -0.00121984 0.99999926
0.99999758 -0.00218871 -0.00022147 0.00218933 0.99999355 0.00284809 0.00021523 -0.00284857 0.99999592
0.99999666 -0.00257809 -0.00018386 0.00257800 0.99999655 -0.00050136 0.00018515 0.00050089 0.99999986
0.99998794 -0.00490561 -0.00025207 0.00490520 0.99998672 -0.00158351 0.00025984 0.00158225 0.99999871
0.99999206 -0.00397233 -0.00032085 0.00397189 0.99999120 -0.00135115 0.00032622 0.00134986 0.99999904
0.99999551 -0.00279504 -0.00107890 0.00279618 0.99999554 0.00105358 0.00107596 -0.00105659 0.99999886
0.99998011 -0.00620406 -0.00113276 0.00620286 0.99998020 -0.00105861 0.00113930 0.00105157 0.99999880
0.99998604 -0.00517592 -0.00106678 0.00517618 0.99998657 0.00024157 0.00106551 -0.00024709 0.99999940
0.99999685 0.00247084 -0.00043423 -0.00246940 0.99999153 0.00329144 0.00044236 -0.00329036 0.99999449
0.99999630 0.00268648 -0.00041728 -0.00268379 0.99997649 0.00630938 0.00043422 -0.00630823 0.99998001
0.99999934 -0.00071416 -0.00089743 0.00071734 0.99999344 0.00355024 0.00089489 -0.00355088 0.99999330
0.99999974 0.00067833 -0.00025066 -0.00067882 0.99999784 -0.00196497 0.00024933 0.00196514 0.99999804
0.99999974 -0.00066822 -0.00027207 0.00066738 0.99999507 -0.00306834 0.00027412 0.00306816 0.99999526
0.99999886 -0.00115775 -0.00096793 0.00115534 0.99999623 -0.00248989 0.00097081 0.00248877 0.99999643
0.99999925 -0.00112983 -0.00047080 0.00113022 0.99999901 0.00083760 0.00046985 -0.00083814 0.99999954
0.99999746 -0.00220721 -0.00045432 0.00220819 0.99999521 0.00216793 0.00044953 -0.00216893 0.99999755
0.99999933 0.00114508 -0.00017066 -0.00114485 0.99999851 0.00129050 0.00017214 -0.00129030 0.99999915
0.99999863 0.00162306 0.00031578 -0.00162283 0.99999842 -0.00072213 -0.00031695 0.00072161 0.99999969
0.99999955 0.00092137 0.00021470 -0.00092132 0.99999955 -0.00023745 -0.00021492 0.00023726 0.99999995
0.99999955 -0.00094483 0.00007987 0.00094475 0.99999894 0.00110859 -0.00008091 -0.00110852 0.99999938
0.99999916 -0.00071763 0.00108214 0.00071531 0.99999745 0.00214002 -0.00108368 -0.00213924 0.99999712
0.99999929 0.00056830 0.00104287 -0.00056915 0.99999950 0.00081905 -0.00104241 -0.00081964 0.99999912
0.99999929 -0.00030696 0.00114988 0.00030721 0.99999993 -0.00021458 -0.00114981 0.00021493 0.99999932
0.99999835 -0.00136212 0.00120206 0.00136460 0.99999693 -0.00207064 -0.00119924 0.00207227 0.99999713
0.99999927 0.00057588 0.00106096 -0.00057029 0.99998598 -0.00526461 -0.00106398 0.00526400 0.99998558
0.99999761 0.00164918 0.00143768 -0.00164169 0.99998516 -0.00519421 -0.00144622 0.00519184 0.99998548
0.99999888 0.00092083 0.00117742 -0.00091508 0.99998770 -0.00487392 -0.00118190 0.00487284 0.99998743
0.99999921 0.00039557 0.00119212 -0.00039363 0.99999860 -0.00162870 -0.00119276 0.00162823 0.99999796
0.99999849 0.00103370 0.00139826 -0.00103907 0.99999207 0.00384463 -0.00139428 -0.00384608 0.99999163
0.99999904 0.00012147 0.00137763 -0.00012810 0.99998839 0.00481625 -0.00137703 -0.00481642 0.99998745
0.99999893 -0.00114920 0.00090843 0.00114792 0.99999835 0.00140925 -0.00091004 -0.00140821 0.99999859
0.99999738 -0.00223369 0.00050244 0.00223439 0.99999652 -0.00140171 -0.00049930 0.00140283 0.99999889
0.99999994 0.00027756 0.00021341 -0.00027714 0.99999802 -0.00197244 -0.00021395 0.00197238 0.99999803
0.99999974 -0.00039563 0.00060433 0.00039635 0.99999921 -0.00119146 -0.00060386 0.00119170 0.99999911
0.99999695 -0.00246412 0.00017132 0.00246421 0.99999681 -0.00056021 -0.00016994 0.00056063 0.99999983
0.99999991 -0.00039108 -0.00013422 0.00039092 0.99999921 -0.00119226 0.00013468 0.00119220 0.99999928
0.99999868 -0.00162216 0.00008285 0.00162234 0.99999624 -0.00220991 -0.00007926 0.00221004 0.99999755
0.99999917 0.00128257 -0.00010937 -0.00128275 0.99999792 -0.00158768 0.00010734 0.00158782 0.99999873
0.99999919 -0.00127154 -0.00002802 0.00127152 0.99999901 -0.00060741 0.00002880 0.00060738 0.99999982
0.99999968 0.00008702 -0.00079339 -0.00008540 0.99999793 0.00203302 0.00079357 -0.00203295 0.99999762
0.99999873 -0.00141303 -0.00073481 0.00141463 0.99999663 0.00217826 0.00073173 -0.00217930 0.99999736
0.99999864 -0.00091454 -0.00137561 0.00091629 0.99999877 0.00127468 0.00137444 -0.00127594 0.99999824
0.99999954 -0.00072163 -0.00063469 0.00072335 0.99999606 0.00271279 0.00063273 -0.00271325 0.99999612
0.99999896 -0.00102917 -0.00101201 0.00103181 0.99999604 0.00261766 0.00100931 -0.00261870 0.99999606
0.99999907 0.00106914 -0.00084627 -0.00107012 0.99999876 -0.00115739 0.00084503 0.00115829 0.99999897
0.99999914 0.00127267 -0.00031222 -0.00127316 0.99999795 -0.00157655 0.00031021 0.00157694 0.99999871
0.99998681 -0.00466663 0.00214387 0.00467393 0.99998325 -0.00341345 -0.00212791 0.00342342 0.99999188
0.99999702 -0.00004704 -0.00244156 0.00004549 0.99999980 -0.00063466 0.00244159 0.00063455 0.99999682
0.99999557 0.00176636 -0.00239785 -0.00176182 0.99999666 0.00189172 0.00240118 -0.00188749 0.99999534
0.99999908 0.00099112 -0.00092178 -0.00098988 0.99999860 0.00134685 0.00092312 -0.00134593 0.99999867
0.99999858 0.00135949 -0.00099310 -0.00135939 0.99999907 0.00010207 0.00099324 -0.00010072 0.99999950
0.99999891 0.00083794 -0.00121200 -0.00083869 0.99999946 -0.00061745 0.00121148 0.00061846 0.99999907
0.99999934 0.00072319 -0.00089486 -0.00072385 0.99999947 -0.00073127 0.00089433 0.00073192 0.99999933
0.99999915 0.00004980 -0.00130268 -0.00005039 0.99999990 -0.00045167 0.00130266 0.00045173 0.99999905
0.99999775 -0.00140629 -0.00158845 0.00140579 0.99999896 -0.00031736 0.00158890 0.00031513 0.99999869
0.99999908 0.00017829 -0.00134497 -0.00017868 0.99999994 -0.00029618 0.00134491 0.00029642 0.99999905
0.99999820 0.00111371 -0.00153681 -0.00111511 0.99999896 -0.00091452 0.00153579 0.00091623 0.99999840
0.99999836 0.00056110 -0.00172227 -0.00056234 0.99999958 -0.00071862 0.00172187 0.00071958 0.99999826
0.99999862 0.00150984 -0.00069436 -0.00151034 0.99999861 -0.00071207 0.00069328 0.00071311 0.99999951
0.99999865 -0.00036820 -0.00160367 0.00036790 0.99999991 -0.00019099 0.00160374 0.00019040 0.99999870
0.99999796 0.00187701 -0.00074431 -0.00187685 0.99999822 0.00020844 0.00074470 -0.00020705 0.99999970
0.99999896 0.00131582 -0.00058985 -0.00131524 0.99999865 0.00098672 0.00059114 -0.00098595 0.99999934
0.99999827 0.00182668 -0.00035015 -0.00182651 0.99999822 0.00046812 0.00035100 -0.00046748 0.99999983
0.99999899 -0.00122852 -0.00072021 0.00122780 0.99999874 -0.00100621 0.00072144 0.00100532 0.99999923
0.99999921 -0.00072698 -0.00103005 0.00072523 0.99999831 -0.00169154 0.00103128 0.00169080 0.99999804
0.99999837 0.00081034 -0.00161133 -0.00081578 0.99999396 -0.00337940 0.00160858 0.00338071 0.99999299
0.99999705 0.00165488 -0.00177599 -0.00166191 0.99999076 -0.00396393 0.00176941 0.00396687 0.99999057
0.99999974 0.00019257 -0.00068911 -0.00019436 0.99999660 -0.00260034 0.00068860 0.00260048 0.99999638
0.99999746 -0.00209423 -0.00083353 0.00209214 0.99999469 -0.00249940 0.00083876 0.00249765 0.99999653
0.99999851 -0.00151846 -0.00081759 0.00151745 0.99999810 -0.00122757 0.00081945 0.00122633 0.99999891
0.99999942 -0.00014526 0.00106954 0.00014529 0.99999999 -0.00003351 -0.00106954 0.00003366 0.99999943
0.99999870 0.00106981 0.00120999 -0.00107040 0.99999931 0.00049215 -0.00120947 -0.00049344 0.99999915
0.99999876 -0.00031395 0.00154031 0.00031404 0.99999995 -0.00005686 -0.00154029 0.00005734 0.99999881
0.99999758 0.00032926 0.00217478 -0.00032947 0.99999994 0.00009753 -0.00217475 -0.00009825 0.99999763
0.99999908 -0.00053886 0.00124360 0.00053912 0.99999983 -0.00020616 -0.00124349 0.00020683 0.99999921
0.99999927 -0.00013962 0.00119802 0.00014141 0.99999887 -0.00149762 -0.00119781 0.00149779 0.99999816
0.99999907 -0.00027192 0.00133672 0.00027181 0.99999996 0.00007815 -0.00133674 -0.00007779 0.99999910
0.99999929 -0.00080025 0.00088277 0.00080050 0.99999964 -0.00028498 -0.00088254 0.00028569 0.99999957
0.99999840 -0.00115444 0.00136421 0.00115568 0.99999892 -0.00090684 -0.00136316 0.00090842 0.99999866
0.99999700 0.00139535 0.00201557 -0.00139583 0.99999900 0.00023356 -0.00201525 -0.00023637 0.99999794
0.99999531 0.00270623 0.00143326 -0.00270675 0.99999627 0.00035773 -0.00143229 -0.00036161 0.99999891
0.99999882 0.00085551 0.00127940 -0.00085446 0.99999930 -0.00081883 -0.00128010 0.00081774 0.99999885
0.99999855 -0.00081776 0.00149555 0.00082005 0.99999849 -0.00153041 -0.00149429 0.00153163 0.99999771
0.99999839 -0.00138331 0.00113893 0.00138573 0.99999678 -0.00212752 -0.00113598 0.00212910 0.99999709
0.99999832 -0.00084327 0.00162508 0.00084623 0.99999798 -0.00182569 -0.00162354 0.00182707 0.99999701
0.99999959 0.00051785 0.00074703 -0.00051728 0.99999957 -0.00077379 -0.00074743 0.00077341 0.99999942
0.99999993 -0.00021590 0.00032028 0.00021607 0.99999985 -0.00050861 -0.00032017 0.00050868 0.99999982
0.99999983 0.00043213 -0.00038195 -0.00043257 0.99999924 -0.00115193 0.00038145 0.00115210 0.99999926
0.99999920 0.00050267 -0.00116105 -0.00050342 0.99999967 -0.00064210 0.00116073 0.00064269 0.99999912
0.99999902 0.00117704 -0.00075770 -0.00117701 0.99999931 0.00003520 0.00075774 -0.00003431 0.99999971
0.99999865 0.00068930 -0.00149068 -0.00069130 0.99999886 -0.00134358 0.00148975 0.00134461 0.99999799
0.99999602 0.00010029 -0.00281814 -0.00010321 0.99999946 -0.00103498 0.00281804 0.00103527 0.99999549
0.99998758 -0.00063603 -0.00494318 0.00062828 0.99999857 -0.00156825 0.00494417 0.00156513 0.99998655
0.99998239 -0.00092175 -0.00586252 0.00091929 0.99999949 -0.00042241 0.00586291 0.00041701 0.99998273
0.99996860 0.00023391 -0.00792145 -0.00024674 0.99999866 -0.00161839 0.00792106 0.00162029 0.99996732
0.99996016 0.00015152 -0.00892501 -0.00016709 0.99999847 -0.00174333 0.00892473 0.00174475 0.99995865
0.99993932 0.00015322 -0.01101498 -0.00017441 0.99999814 -0.00192309 0.01101466 0.00192489 0.99993748
0.99992096 -0.00128832 -0.01250672 0.00128056 0.99999898 -0.00062829 0.01250752 0.00061222 0.99992159
0.99988421 0.00021637 -0.01521565 -0.00023963 0.99999881 -0.00152715 0.01521530 0.00153061 0.99988307
0.99985329 0.00183935 -0.01702996 -0.00186581 0.99999708 -0.00153806 0.01702708 0.00156961 0.99985380
0.99979409 0.00214460 -0.02017857 -0.00217983 0.99999614 -0.00172411 0.02017479 0.00176775 0.99979491
0.99977530 -0.00031053 -0.02119554 0.00024525 0.99999522 -0.00308264 0.02119640 0.00307675 0.99977060
0.99977212 -0.00056775 -0.02133959 0.00048717 0.99999273 -0.00378132 0.02134159 0.00377006 0.99976513
0.99975172 -0.00100588 -0.02225937 0.00094626 0.99999594 -0.00268859 0.02226198 0.00266686 0.99974861
0.99970160 0.00429656 -0.02404697 -0.00428672 0.99999071 0.00046108 0.02404872 -0.00035786 0.99971072
0.99985667 0.00381637 -0.01649476 -0.00389433 0.99998139 -0.00469678 0.01647653 0.00476035 0.99985292
0.99995488 0.00654838 -0.00688210 -0.00656468 0.99997570 -0.00234821 0.00686655 0.00239328 0.99997356
0.99999806 0.00183204 0.00072027 -0.00183057 0.99999623 -0.00204778 -0.00072402 0.00204646 0.99999764
0.99998770 0.00165057 0.00467703 -0.00164622 0.99999821 -0.00093406 -0.00467856 0.00092635 0.99998863
0.99995215 0.00101111 0.00972966 -0.00100886 0.99999946 -0.00023622 -0.00972989 0.00022639 0.99995264
0.99988096 -0.00114326 0.01538709 0.00115803 0.99999888 -0.00095090 -0.01538599 0.00096861 0.99988116
0.99983970 -0.00317585 0.01762085 0.00317964 0.99999493 -0.00018720 -0.01762016 0.00024320 0.99984472
0.99979943 -0.00226059 0.01989952 0.00225635 0.99999743 0.00023534 -0.01990000 -0.00019040 0.99980196
0.99972793 -0.00062206 0.02331677 0.00063097 0.99999973 -0.00037477 -0.02331653 0.00038938 0.99972806
0.99972919 0.00152472 0.02322112 -0.00154291 0.99999852 0.00076545 -0.02321991 -0.00080107 0.99973006
0.99975813 0.00040915 0.02198898 -0.00037124 0.99999844 -0.00172785 -0.02198965 0.00171927 0.99975672
0.99975468 0.00026892 0.02214733 -0.00026608 0.99999996 -0.00013111 -0.02214736 0.00012519 0.99975471
0.99978833 -0.00223518 0.02045250 0.00223943 0.99999748 -0.00018504 -0.02045203 0.00023080 0.99979081
0.99982899 -0.00322413 0.01820983 0.00321752 0.99999475 0.00039228 -0.01821100 -0.00033362 0.99983411
0.99986363 -0.00181897 0.01641393 0.00180473 0.99999798 0.00088250 -0.01641550 -0.00085276 0.99986489
0.99989924 0.00165545 0.01409869 -0.00167264 0.99999787 0.00120744 -0.01409666 -0.00123090 0.99989988
0.99993467 0.00097307 0.01138885 -0.00099267 0.99999803 0.00171598 -0.01138716 -0.00172718 0.99993367
0.99995091 -0.00059432 0.00989018 0.00057051 0.99999693 0.00241065 -0.00989158 -0.00240488 0.99994819
0.99997120 -0.00011716 0.00758785 0.00010832 0.99999932 0.00116499 -0.00758799 -0.00116414 0.99997053
0.99999621 -0.00085003 0.00261801 0.00084968 0.99999963 0.00013305 -0.00261812 -0.00013083 0.99999656
0.99999857 0.00052116 -0.00161175 -0.00052159 0.99999983 -0.00026508 0.00161161 0.00026592 0.99999867
0.99997674 -0.00181445 -0.00657478 0.00181878 0.99999813 0.00065283 0.00657358 -0.00066478 0.99997817
0.99993735 -0.00287712 -0.01081723 0.00291144 0.99999077 0.00315825 0.01080804 -0.00318954 0.99993650
0.99991127 0.00078565 -0.01329821 -0.00075062 0.99999624 0.00263886 0.01330024 -0.00262864 0.99990809
0.99988011 0.00452471 -0.01480850 -0.00451852 0.99998969 0.00045081 0.01481038 -0.00038385 0.99989025
0.99988068 0.00446246 -0.01478920 -0.00447077 0.99998987 -0.00052834 0.01478670 0.00059440 0.99989049
0.99987488 0.00255384 -0.01561093 -0.00252032 0.99999448 0.00216668 0.01561638 -0.00212706 0.99987579
0.99987310 0.00139026 -0.01586963 -0.00133906 0.99999387 0.00323597 0.01587403 -0.00321431 0.99986883
0.99986228 -0.00239219 -0.01642236 0.00244221 0.99999244 0.00302629 0.01641500 -0.00306598 0.99986056
0.99981977 -0.01045753 -0.01584496 0.01040047 0.99993914 -0.00367925 0.01588247 0.00351379 0.99986769
0.99983948 -0.00550032 -0.01705167 0.00540377 0.99996914 -0.00570317 0.01708251 0.00561011 0.99983834
0.99984609 0.00100602 -0.01751509 -0.00103510 0.99999810 -0.00165159 0.01751340 0.00166947 0.99984523
0.99984491 0.00731659 -0.01601930 -0.00728859 0.99997181 0.00180559 0.01603206 -0.00168855 0.99987005
0.99985898 0.00520227 -0.01596738 -0.00516611 0.99998400 0.00230535 0.01597912 -0.00222254 0.99986986
0.99988806 0.00154372 -0.01488221 -0.00151869 0.99999741 0.00169312 0.01488478 -0.00167033 0.99988782
0.99992398 -0.00090055 -0.01229708 0.00091397 0.99999899 0.00108625 0.01229609 -0.00109741 0.99992380
0.99990667 -0.00019873 -0.01366055 0.00021030 0.99999962 0.00084571 0.01366038 -0.00084850 0.99990633
0.99991201 -0.00025694 -0.01326278 0.00026582 0.99999974 0.00066782 0.01326261 -0.00067129 0.99991182
0.99992013 -0.00148307 -0.01255097 0.00149116 0.99999869 0.00063478 0.01255001 -0.00065345 0.99992103
0.99993457 -0.00122317 -0.01137353 0.00124791 0.99999687 0.00216847 0.01137084 -0.00218253 0.99993297
0.99995808 0.00181461 -0.00897488 -0.00180762 0.99999806 0.00078758 0.00897629 -0.00077132 0.99995941
0.99993740 0.00596779 -0.00946439 -0.00597843 0.99998153 -0.00109645 0.00945768 0.00115297 0.99995461
0.99989613 0.00879695 -0.01141717 -0.00882468 0.99995823 -0.00238144 0.01139574 0.00248195 0.99993199
0.99994797 0.00618718 -0.00811035 -0.00619837 0.99997987 -0.00135617 0.00810179 0.00140637 0.99996619
0.99998490 -0.00076785 -0.00544067 0.00077250 0.99999934 0.00085223 0.00544001 -0.00085642 0.99998484
0.99996058 -0.00491948 -0.00739213 0.00493649 0.99998521 0.00228471 0.00738078 -0.00232111 0.99997007
0.99996893 -0.00527134 -0.00586034 0.00528535 0.99998321 0.00237632 0.00584771 -0.00240722 0.99998000
0.99998963 -0.00085437 -0.00447257 0.00086063 0.99999865 0.00139903 0.00447137 -0.00140287 0.99998902
0.99997088 0.00374426 -0.00665051 -0.00374346 0.99999298 0.00013257 0.00665096 -0.00010767 0.99997788
0.99997435 0.00469135 -0.00541242 -0.00469438 0.99998883 -0.00054669 0.00540979 0.00057209 0.99998520
0.99998527 0.00354869 -0.00410591 -0.00355057 0.99999360 -0.00045078 0.00410428 0.00046535 0.99999147
