0.99975947 -0.00314138 -0.02170540 0.00315838 0.99999473 0.00074877 0.02170294 -0.00081715 0.99976413
0.99976183 -0.00105908 -0.02179843 0.00105082 0.99999937 -0.00039061 0.02179883 0.00036761 0.99976231
0.99975270 -0.00221176 -0.02212798 0.00222270 0.99999742 0.00047012 0.02212688 -0.00051919 0.99975504
0.99968793 -0.00226323 -0.02487828 0.00220806 0.99999504 -0.00224449 0.02488324 0.00218885 0.99968797
0.99969076 -0.00750882 -0.02370642 0.00746262 0.99997008 -0.00203655 0.02372101 0.00185900 0.99971689
0.99973725 -0.00706269 -0.02180704 0.00704852 0.99997489 -0.00072667 0.02181162 0.00057278 0.99976193
0.99971698 0.00172961 -0.02372697 -0.00165635 0.99999380 0.00310677 0.02373220 -0.00306659 0.99971365
0.99965620 0.00168237 -0.02616592 -0.00164073 0.99999735 0.00161290 0.02616856 -0.00156942 0.99965631
0.99974108 -0.00213935 -0.02265372 0.00210143 0.99999635 -0.00169761 0.02265727 0.00164956 0.99974193
0.99960309 -0.00539897 -0.02765001 0.00528666 0.99997748 -0.00413343 0.02767170 0.00398562 0.99960912
0.99973748 -0.00523455 -0.02230619 0.00510023 0.99996854 -0.00607443 0.02233728 0.00595907 0.99973273
0.99973991 -0.00444322 -0.02236882 0.00439590 0.99998800 -0.00216446 0.02237817 0.00206557 0.99974744
0.99979148 -0.00319717 -0.02016864 0.00313215 0.99998980 -0.00325452 0.02017884 0.00319067 0.99979130
0.99987517 0.00180539 -0.01569666 -0.00182318 0.99999771 -0.00111908 0.01569460 0.00114756 0.99987617
0.99976563 -0.00476533 -0.02111826 0.00472357 0.99998679 -0.00202669 0.02112764 0.00192646 0.99977493
0.99980165 -0.00987164 -0.01729781 0.00988879 0.99995069 0.00090605 0.01728801 -0.00107692 0.99984997
0.99968163 -0.01125171 -0.02258409 0.01127653 0.99993595 0.00097223 0.02257171 -0.00122659 0.99974447
0.99973753 -0.00464014 -0.02243510 0.00462722 0.99998910 -0.00062765 0.02243776 0.00052367 0.99974810
0.99972027 -0.00656394 -0.02272210 0.00655032 0.99997832 -0.00067364 0.02272603 0.00052462 0.99974159
0.99973627 -0.00201784 -0.02287617 0.00197664 0.99999638 -0.00182319 0.02287977 0.00177749 0.99973664
0.99968763 -0.00311986 -0.02479740 0.00305962 0.99999228 -0.00246679 0.02480491 0.00239015 0.99968945
0.99979173 0.00426356 -0.01995809 -0.00435113 0.99998109 -0.00434612 0.01993919 0.00443206 0.99979137
0.99960093 -0.00210020 -0.02817048 0.00195249 0.99998421 -0.00527011 0.02818110 0.00521300 0.99958924
0.99958141 -0.00836844 -0.02769422 0.00819846 0.99994689 -0.00624576 0.02774502 0.00601610 0.99959693
0.99969719 -0.00768437 -0.02337704 0.00756042 0.99995691 -0.00538604 0.02341742 0.00520767 0.99971221
0.99969950 -0.00214345 -0.02441943 0.00201620 0.99998427 -0.00523459 0.02443027 0.00518378 0.99968810
0.99973210 0.00111066 -0.02311911 -0.00116449 0.99999664 -0.00231479 0.02311647 0.00234109 0.99973004
0.99981166 0.00508286 -0.01872971 -0.00510620 0.99998624 -0.00119859 0.01872336 0.00129401 0.99982387
0.99986540 0.00273860 -0.01617642 -0.00277670 0.99999342 -0.00233353 0.01616992 0.00237814 0.99986643
0.99989396 -0.00023794 -0.01456056 0.00021969 0.99999919 -0.00125545 0.01456085 0.00125212 0.99989320
0.99992843 -0.00390272 -0.01130942 0.00389250 0.99999200 -0.00092561 0.01131294 0.00088153 0.99993562
0.99981160 -0.00605732 -0.01844103 0.00606384 0.99998157 0.00029745 0.01843889 -0.00040922 0.99982991
0.99984270 -0.00084114 -0.01771603 0.00086790 0.99999849 0.00150287 0.01771474 -0.00151801 0.99984193
0.99991315 0.00176222 -0.01306103 -0.00178310 0.99999715 -0.00158699 0.01305820 0.00161014 0.99991344
0.99987978 -0.00090324 -0.01547903 0.00084244 0.99999191 -0.00393383 0.01548246 0.00392032 0.99987245
0.99986014 -0.00335056 -0.01638511 0.00330468 0.99999055 -0.00282641 0.01639443 0.00277186 0.99986176
0.99990725 -0.00117111 -0.01356882 0.00114983 0.99999810 -0.00157653 0.01357064 0.00156078 0.99990670
0.99992909 0.00061812 -0.01189238 -0.00062654 0.99999956 -0.00070416 0.01189194 0.00071156 0.99992904
0.99998349 -0.00273415 -0.00505390 0.00272756 0.99999542 -0.00131145 0.00505746 0.00129764 0.99998637
0.99998301 0.00068372 -0.00578913 -0.00071428 0.99998581 -0.00527890 0.00578544 0.00528295 0.99996931
0.99999876 0.00155779 0.00021185 -0.00155677 0.99998763 -0.00472409 -0.00021920 0.00472375 0.99998882
0.99998081 0.00339137 -0.00518403 -0.00341550 0.99998335 -0.00465186 0.00516817 0.00466948 0.99997574
0.99999691 -0.00146553 0.00200616 0.00147195 0.99999378 -0.00320442 -0.00200146 0.00320737 0.99999285
0.99998847 -0.00098802 0.00469941 0.00099230 0.99999909 -0.00090988 -0.00469851 0.00091453 0.99998854
0.99997523 0.00499049 0.00496254 -0.00498661 0.99998725 -0.00079431 -0.00496644 0.00076955 0.99998737
0.99997864 0.00535033 0.00375327 -0.00535230 0.99998554 0.00051664 -0.00375045 -0.00053671 0.99999282
0.99996402 0.00574375 0.00624252 -0.00574626 0.99998342 0.00038397 -0.00624021 -0.00041983 0.99998044
0.99995886 0.00256215 0.00870187 -0.00255574 0.99999645 -0.00074740 -0.00870376 0.00072513 0.99996186
0.99996677 0.00273083 0.00768170 -0.00272257 0.99999571 -0.00108443 -0.00768463 0.00106348 0.99996991
0.99998551 0.00051209 0.00535869 -0.00051312 0.99999985 0.00019148 -0.00535859 -0.00019422 0.99998562
0.99997688 -0.00297297 0.00611521 0.00295984 0.99999330 0.00215489 -0.00612157 -0.00213674 0.99997898
0.99999593 -0.00007753 0.00285199 0.00007897 0.99999987 -0.00050528 -0.00285195 0.00050550 0.99999581
0.99999017 0.00225446 0.00381752 -0.00223404 0.99998323 -0.00534312 -0.00382950 0.00533454 0.99997844
0.99996269 0.00807149 0.00307579 -0.00805836 0.99995847 -0.00425656 -0.00311002 0.00423161 0.99998621
0.99999003 0.00210545 0.00393772 -0.00211144 0.99999662 0.00151845 -0.00393451 -0.00152675 0.99999109
0.99998728 -0.00012433 0.00504227 0.00011921 0.99999948 0.00101545 -0.00504239 -0.00101484 0.99998677
0.99998670 0.00463198 0.00226883 -0.00463514 0.99998829 0.00138926 -0.00226236 -0.00139976 0.99999646
0.99998561 -0.00472649 0.00253857 0.00473099 0.99998724 -0.00176933 -0.00253017 0.00178131 0.99999521
0.99998585 -0.00466454 0.00255580 0.00466651 0.99998882 -0.00076463 -0.00255220 0.00077655 0.99999644
0.99999583 -0.00224350 0.00181869 0.00224470 0.99999726 -0.00066106 -0.00181720 0.00066514 0.99999813
0.99998755 0.00498731 -0.00017154 -0.00498699 0.99998583 0.00186010 0.00018081 -0.00185922 0.99999826
0.99999686 0.00007495 0.00250568 -0.00008332 0.99999442 0.00334034 -0.00250542 -0.00334054 0.99999128
0.99999360 0.00332270 0.00132740 -0.00332731 0.99998839 0.00348511 -0.00131580 -0.00348950 0.99999305
0.99999516 0.00123993 0.00285409 -0.00124386 0.99999828 0.00137365 -0.00285238 -0.00137720 0.99999498
0.99999283 -0.00317032 -0.00207068 0.00317018 0.99999497 -0.00007197 0.00207090 0.00006540 0.99999785
0.99998622 0.00096284 -0.00516116 -0.00095996 0.99999938 0.00055944 0.00516169 -0.00055447 0.99998652
0.99999235 0.00092982 -0.00379886 -0.00091575 0.99999272 0.00370310 0.00380228 -0.00369959 0.99998593
0.99998699 -0.00045126 -0.00508064 0.00044769 0.99999965 -0.00070415 0.00508095 0.00070186 0.99998685
0.99999059 0.00391479 -0.00186789 -0.00391863 0.99999020 -0.00205826 0.00185982 0.00206556 0.99999614
0.99999220 0.00271397 -0.00287124 -0.00271458 0.99999629 -0.00020785 0.00287066 0.00021564 0.99999586
0.99999274 0.00367992 -0.00099237 -0.00367735 0.99998991 0.00258147 0.00100186 -0.00257780 0.99999618
0.99999964 -0.00082032 0.00021562 0.00081987 0.99999746 0.00209817 -0.00021734 -0.00209800 0.99999778
0.99999955 -0.00038719 0.00086900 0.00038584 0.99999871 0.00155946 -0.00086960 -0.00155913 0.99999841
0.99999893 -0.00004034 0.00146216 0.00003930 0.99999974 0.00071541 -0.00146219 -0.00071535 0.99999868
0.99999694 -0.00195730 0.00150999 0.00195381 0.99999541 0.00231450 -0.00151451 -0.00231155 0.99999618
0.99999529 -0.00285334 0.00112857 0.00285561 0.99999388 -0.00202224 -0.00112279 0.00202545 0.99999732
0.99999763 -0.00213885 -0.00039714 0.00213919 0.99999734 0.00086691 0.00039529 -0.00086776 0.99999955
0.99999905 0.00122242 -0.00063913 -0.00122144 0.99999808 0.00153551 0.00064100 -0.00153473 0.99999862
0.99999960 0.00046233 0.00076354 -0.00046361 0.99999849 0.00167580 -0.00076277 -0.00167615 0.99999830
0.99999400 -0.00333658 -0.00093130 0.00333672 0.99999442 0.00015344 0.00093078 -0.00015654 0.99999955
0.99999886 0.00035490 0.00146610 -0.00035060 0.99999563 -0.00293509 -0.00146714 0.00293457 0.99999462
0.99999789 0.00175396 -0.00107101 -0.00175520 0.99999779 -0.00115976 0.00106897 0.00116164 0.99999875
0.99999061 0.00344017 -0.00263380 -0.00344440 0.99999278 -0.00160320 0.00262827 0.00161225 0.99999525
0.99999957 -0.00061481 -0.00069403 0.00061275 0.99999542 -0.00296435 0.00069585 0.00296392 0.99999537
0.99999785 -0.00169197 -0.00119545 0.00169202 0.99999857 0.00004003 0.00119538 -0.00004205 0.99999928
0.99999964 -0.00065816 0.00053748 0.00065679 0.99999655 0.00254213 -0.00053915 -0.00254177 0.99999662
0.99999275 0.00359065 -0.00126916 -0.00358884 0.99999255 0.00142054 0.00127425 -0.00141597 0.99999819
0.99999617 0.00252047 -0.00114340 -0.00251972 0.99999661 0.00065854 0.00114505 -0.00065565 0.99999913
0.99999881 -0.00136122 -0.00072083 0.00136115 0.99999907 -0.00009129 0.00072095 0.00009031 0.99999974
0.99999861 0.00163931 0.00031155 -0.00163960 0.99999823 0.00092735 -0.00031003 -0.00092786 0.99999952
0.99999723 0.00217097 0.00090397 -0.00217056 0.99999754 -0.00044812 -0.00090494 0.00044615 0.99999949
0.99999717 0.00047164 0.00233133 -0.00047970 0.99999391 0.00345546 -0.00232969 -0.00345657 0.99999131
0.99999987 -0.00043856 0.00026301 0.00043718 0.99998614 0.00524639 -0.00026531 -0.00524628 0.99998620
0.99999865 -0.00045887 0.00157508 0.00045117 0.99998797 0.00488456 -0.00157730 -0.00488385 0.99998683
0.99997675 0.00681632 -0.00019993 -0.00681592 0.99997491 0.00192697 0.00021306 -0.00192557 0.99999812
0.99997150 0.00749800 0.00088683 -0.00749802 0.99997189 0.00001813 -0.00088667 -0.00002478 0.99999961
0.99999735 0.00170510 0.00154780 -0.00170077 0.99999464 -0.00279671 -0.00155256 0.00279407 0.99999489
0.99998613 -0.00469948 -0.00237935 0.00468958 0.99998038 -0.00415190 0.00239881 0.00414068 0.99998855
0.99997765 -0.00667241 -0.00041913 0.00667199 0.99997727 -0.00097503 0.00042562 0.00097221 0.99999944
0.99998610 0.00425523 0.00311283 -0.00426036 0.99998957 0.00164406 -0.00310580 -0.00165730 0.99999380
0.99996988 0.00686118 0.00362784 -0.00687091 0.99997281 0.00267703 -0.00360937 -0.00270187 0.99998984
0.99998277 0.00064703 0.00583383 -0.00067544 0.99998792 0.00486861 -0.00583061 -0.00487247 0.99997113
0.99997803 -0.00395925 0.00531608 0.00392748 0.99997444 0.00597463 -0.00533960 -0.00595362 0.99996802
0.99996354 -0.00389966 0.00759696 0.00389388 0.99999212 0.00077579 -0.00759993 -0.00074618 0.99997084
0.99997495 -0.00452171 0.00544636 0.00452482 0.99998961 -0.00055725 -0.00544379 0.00058188 0.99998501
0.99997750 -0.00382966 0.00550725 0.00383275 0.99999250 -0.00054995 -0.00550510 0.00057104 0.99998468
0.99997902 -0.00056211 0.00645272 0.00055516 0.99999926 0.00107828 -0.00645332 -0.00107467 0.99997860
0.99998665 0.00048832 0.00514458 -0.00048926 0.99999986 0.00018089 -0.00514450 -0.00018340 0.99998675
0.99997860 0.00242625 0.00607479 -0.00241880 0.99999631 -0.00123302 -0.00607776 0.00121830 0.99998079
0.99998758 -0.00302035 0.00396367 0.00302237 0.99999530 -0.00050530 -0.00396213 0.00051728 0.99999202
0.99998509 -0.00479887 0.00260588 0.00480415 0.99998641 -0.00202367 -0.00259614 0.00203616 0.99999456
0.99999577 -0.00143937 0.00252906 0.00143881 0.99999894 0.00022484 -0.00252938 -0.00022121 0.99999678
0.99999316 -0.00002098 0.00369836 0.00000860 0.99999439 0.00334961 -0.00369841 -0.00334956 0.99998755
0.99999848 0.00090940 0.00148836 -0.00091570 0.99999059 0.00424050 -0.00148449 -0.00424186 0.99998990
0.99999682 -0.00169807 0.00186472 0.00169344 0.99999548 0.00248546 -0.00186893 -0.00248230 0.99999517
0.99999980 -0.00054477 0.00030610 0.00054441 0.99999914 0.00119517 -0.00030675 -0.00119500 0.99999924
0.99999708 -0.00209048 -0.00121285 0.00209072 0.99999779 0.00020124 0.00121243 -0.00020377 0.99999924
0.99999613 -0.00012654 -0.00277808 0.00012407 0.99999960 -0.00088952 0.00277819 0.00088917 0.99999575
0.99998003 -0.00308520 -0.00551543 0.00308175 0.99999505 -0.00063531 0.00551737 0.00061830 0.99998459
0.99997225 -0.00384424 -0.00638137 0.00385306 0.99999164 0.00136982 0.00637606 -0.00139437 0.99997870
0.99998574 -0.00039033 -0.00532544 0.00040353 0.99999685 0.00247755 0.00532446 -0.00247966 0.99998275
0.99997475 0.00087014 -0.00705227 -0.00083410 0.99998659 0.00511149 0.00705662 -0.00510548 0.99996207
0.99997077 0.00062666 -0.00762044 -0.00059392 0.99999058 0.00429851 0.00762306 -0.00429386 0.99996173
0.99995059 -0.00303611 -0.00946581 0.00304249 0.99999515 0.00066018 0.00946376 -0.00068895 0.99995498
0.99993790 -0.00236274 -0.01089144 0.00235352 0.99999686 -0.00085924 0.01089344 0.00083356 0.99994032
0.99993372 -0.00000237 -0.01151295 -0.00004130 0.99999281 -0.00379265 0.01151288 0.00379287 0.99992653
0.99988028 0.00119899 -0.01542657 -0.00121238 0.99999890 -0.00085867 0.01542552 0.00087727 0.99988063
0.99987795 -0.00043224 -0.01561719 0.00042673 0.99999985 -0.00035590 0.01561734 0.00034919 0.99987798
0.99987336 -0.00074528 -0.01589651 0.00082397 0.99998744 0.00494431 0.01589262 -0.00495678 0.99986142
0.99988506 0.00151013 -0.01508613 -0.00141984 0.99998103 0.00599370 0.01509489 -0.00597159 0.99986823
0.99989091 0.00483357 -0.01395689 -0.00475256 0.99997170 0.00583130 0.01398469 -0.00576433 0.99988559
0.99985462 0.00236716 -0.01688616 -0.00235171 0.99999680 0.00093501 0.01688832 -0.00089517 0.99985698
0.99983053 -0.00217524 -0.01828039 0.00212766 0.99999430 -0.00262156 0.01828599 0.00258222 0.99982946
0.99985560 0.00065234 -0.01698096 -0.00073549 0.99998777 -0.00489081 0.01697757 0.00490259 0.99984385
0.99984156 0.00215271 -0.01766990 -0.00222984 0.99998807 -0.00434639 0.01766034 0.00438510 0.99983443
0.99992006 0.00499058 -0.01161762 -0.00499822 0.99998731 -0.00062845 0.01161434 0.00068646 0.99993232
0.99995497 0.00378077 -0.00870396 -0.00374251 0.99998328 0.00440743 0.00872048 -0.00437466 0.99995241
0.99998047 0.00494905 -0.00381630 -0.00491748 0.99995397 0.00823859 0.00385690 -0.00821966 0.99995878
0.99999960 -0.00082773 0.00033415 0.00082551 0.99997791 0.00659524 -0.00033960 -0.00659497 0.99997820
0.99999673 0.00024121 0.00254484 -0.00024011 0.99999988 -0.00043100 -0.00254494 0.00043038 0.99999667
0.99996166 0.00430661 0.00762394 -0.00428211 0.99998562 -0.00322803 -0.00763773 0.00319525 0.99996573
0.99994604 -0.00060798 0.01037015 0.00065489 0.99998956 -0.00452154 -0.01036730 0.00452809 0.99993601
0.99991980 0.00057577 0.01265142 -0.00056886 0.99999969 -0.00054982 -0.01265174 0.00054258 0.99991982
0.99988726 -0.00113860 0.01497240 0.00110090 0.99999620 0.00252598 -0.01497522 -0.00250921 0.99988472
0.99987093 -0.00229859 0.01590099 0.00224420 0.99999157 0.00343759 -0.01590876 -0.00340146 0.99986766
0.99986389 -0.00441344 0.01589751 0.00438866 0.99998910 0.00159301 -0.01590437 -0.00152303 0.99987236
0.99987266 -0.00108483 0.01592142 0.00102122 0.99999147 0.00400277 -0.01592563 -0.00398600 0.99986523
0.99986435 0.00182701 0.01636877 -0.00192567 0.99998007 0.00601316 -0.01635746 -0.00604386 0.99984794
0.99988228 0.00189990 0.01522529 -0.00202323 0.99996524 0.00808893 -0.01520939 -0.00811878 0.99985137
0.99990124 -0.00246832 0.01383533 0.00238556 0.99997919 0.00599473 -0.01384983 -0.00596113 0.99988632
0.99994147 -0.00371031 0.01016279 0.00368352 0.99998969 0.00265404 -0.01017253 -0.00261645 0.99994484
0.99995988 -0.00503807 0.00740697 0.00503515 0.99998724 0.00041270 -0.00740895 -0.00037539 0.99997248
0.99998362 0.00009907 0.00572241 -0.00009248 0.99999933 -0.00115147 -0.00572252 0.00115093 0.99998296
0.99999182 -0.00032581 0.00403195 0.00030393 0.99998523 0.00542569 -0.00403365 -0.00542442 0.99997715
0.99999649 0.00111755 0.00240405 -0.00113868 0.99996055 0.00880909 -0.00239411 -0.00881180 0.99995831
0.99998659 -0.00358463 0.00373739 0.00355850 0.99996934 0.00697542 -0.00376228 -0.00696203 0.99996869
0.99998706 -0.00252735 0.00441455 0.00252975 0.99999666 -0.00053871 -0.00441317 0.00054987 0.99999011
0.99999068 -0.00088753 0.00422607 0.00089630 0.99999745 -0.00207468 -0.00422422 0.00207845 0.99998892
0.99999805 0.00021638 0.00196352 -0.00022378 0.99999287 0.00376931 -0.00196269 -0.00376974 0.99999097
0.99998952 0.00008130 0.00457727 -0.00011813 0.99996762 0.00804595 -0.00457647 -0.00804641 0.99995715
0.99998311 0.00165145 0.00557206 -0.00170771 0.99994746 0.01010775 -0.00555508 -0.01011710 0.99993339
0.99998564 -0.00098509 0.00526773 0.00096053 0.99998867 0.00466318 -0.00527226 -0.00465805 0.99997525
0.99997990 -0.00211104 0.00597864 0.00210380 0.99999705 0.00121647 -0.00598119 -0.00120387 0.99998139
0.99998293 -0.00033142 0.00583271 0.00032057 0.99999822 0.00186156 -0.00583331 -0.00185966 0.99998126
0.99997402 0.00162453 0.00702297 -0.00165497 0.99998926 0.00432976 -0.00701586 -0.00434127 0.99996596
0.99998402 -0.00379965 0.00418641 0.00377165 0.99997060 0.00667691 -0.00421166 -0.00666101 0.99996895
0.99997633 -0.00418676 0.00546019 0.00417948 0.99999036 0.00134462 -0.00546577 -0.00132176 0.99998419
0.99996838 -0.00593057 0.00529777 0.00593693 0.99998167 -0.00118559 -0.00529064 0.00121700 0.99998526
0.99999181 -0.00183396 0.00360860 0.00183326 0.99999830 0.00019730 -0.00360895 -0.00019068 0.99999347
0.99999474 -0.00044091 0.00321397 0.00043525 0.99999836 0.00176029 -0.00321474 -0.00175889 0.99999329
0.99999352 0.00021960 0.00359440 -0.00024083 0.99998252 0.00590725 -0.00359304 -0.00590807 0.99997609
0.99999803 0.00001255 0.00198260 -0.00002064 0.99999168 0.00407951 -0.00198253 -0.00407954 0.99998971
0.99998887 -0.00458320 0.00112062 0.00458212 0.99998904 0.00096341 -0.00112503 -0.00095826 0.99999891
0.99999887 -0.00133017 -0.00070069 0.00132935 0.99999843 -0.00117236 0.00070225 0.00117143 0.99999907
0.99999950 0.00060388 -0.00079739 -0.00060530 0.99999824 -0.00177581 0.00079631 0.00177629 0.99999811
0.99999352 -0.00358651 -0.00031388 0.00358768 0.99998630 0.00381281 0.00030020 -0.00381391 0.99999268
0.99999194 -0.00281362 -0.00286370 0.00282873 0.99998202 0.00528751 0.00284877 -0.00529557 0.99998192
0.99998910 -0.00419882 -0.00204113 0.00420974 0.99997667 0.00537898 0.00201850 -0.00538752 0.99998345
0.99998942 -0.00125341 -0.00442556 0.00126215 0.99999726 0.00197167 0.00442308 -0.00197724 0.99998826
0.99998723 -0.00085524 -0.00498177 0.00085606 0.99999962 0.00016083 0.00498163 -0.00016509 0.99998758
0.99997047 -0.00293974 -0.00710113 0.00294465 0.99999543 0.00068138 0.00709910 -0.00070227 0.99997455
0.99996954 0.00149067 -0.00766123 -0.00145986 0.99999083 0.00402560 0.00766716 -0.00401430 0.99996255
0.99996719 -0.00189269 -0.00787601 0.00190027 0.99999774 0.00095529 0.00787419 -0.00097023 0.99996853
0.99995237 -0.00314809 -0.00923847 0.00315390 0.99999484 0.00061419 0.00923648 -0.00064330 0.99995714
0.99997124 0.00339765 -0.00678068 -0.00338717 0.99999305 0.00155693 0.00678593 -0.00153392 0.99997580
0.99996981 -0.00176878 -0.00756653 0.00177832 0.99999763 0.00125460 0.00756429 -0.00126802 0.99997059
0.99995347 -0.00620910 -0.00738288 0.00621180 0.99998065 0.00034345 0.00738061 -0.00038929 0.99997269
0.99997722 -0.00211048 -0.00641134 0.00209206 0.99999367 -0.00287942 0.00641737 0.00286594 0.99997530
0.99997966 -0.00198584 -0.00606113 0.00197600 0.99999672 -0.00162826 0.00606434 0.00161625 0.99998031
0.99999015 -0.00141001 -0.00420844 0.00140323 0.99999771 -0.00161341 0.00421071 0.00160749 0.99998984
0.99998670 -0.00350244 -0.00378701 0.00350415 0.99999376 0.00044499 0.00378543 -0.00045826 0.99999273
0.99998714 -0.00486469 -0.00143482 0.00486928 0.99998299 0.00321199 0.00141917 -0.00321893 0.99999381
0.99998943 -0.00311285 -0.00338359 0.00311460 0.99999502 0.00051085 0.00338198 -0.00052138 0.99999415
0.99999580 0.00214582 -0.00194874 -0.00215719 0.99998055 -0.00585129 0.00193615 0.00585547 0.99998098
0.99999669 0.00252145 -0.00050491 -0.00252430 0.99998046 -0.00571908 0.00049048 0.00572034 0.99998352
0.99999316 0.00363680 0.00067629 -0.00363719 0.99999322 0.00057296 -0.00067420 -0.00057541 0.99999961
0.99998042 0.00606105 0.00155399 -0.00606694 0.99997431 0.00381818 -0.00153081 -0.00382754 0.99999150
0.99999793 0.00127674 0.00158338 -0.00127957 0.99999759 0.00178444 -0.00158109 -0.00178646 0.99999715
0.99999476 -0.00223382 0.00234425 0.00223576 0.99999716 -0.00082673 -0.00234239 0.00083197 0.99999691
0.99999212 0.00279194 0.00282309 -0.00276486 0.99995056 -0.00955166 -0.00284962 0.00954378 0.99995040
0.99998425 0.00527573 0.00191300 -0.00525808 0.99994461 -0.00911784 -0.00196099 0.00910763 0.99995660
0.99999410 -0.00327284 0.00104669 0.00327831 0.99998078 -0.00526278 -0.00102944 0.00526618 0.99998560
0.99999649 -0.00092185 0.00248362 0.00092461 0.99999896 -0.00110872 -0.00248260 0.00111101 0.99999630
0.99998924 -0.00413940 0.00209561 0.00413847 0.99999134 0.00044500 -0.00209744 -0.00043632 0.99999771
0.99998941 -0.00434004 0.00153329 0.00433791 0.99998963 0.00138649 -0.00153929 -0.00137982 0.99999786
0.99998993 -0.00435274 0.00109373 0.00435721 0.99998203 -0.00411709 -0.00107579 0.00412182 0.99999093
0.99999683 -0.00234666 0.00091813 0.00235103 0.99998575 -0.00479393 -0.00090687 0.00479608 0.99998809
0.99999277 0.00374422 0.00066693 -0.00374450 0.99999290 0.00041937 -0.00066536 -0.00042187 0.99999969
0.99999313 0.00333135 0.00162439 -0.00333588 0.99999052 0.00279786 -0.00161506 -0.00280326 0.99999477
0.99999677 0.00237098 0.00091503 -0.00237118 0.99999717 0.00021640 -0.00091451 -0.00021857 0.99999956
0.99999939 0.00106717 0.00028596 -0.00106776 0.99999729 0.00207094 -0.00028375 -0.00207125 0.99999781
0.99999675 0.00210380 0.00143739 -0.00210746 0.99999453 0.00255038 -0.00143202 -0.00255340 0.99999571
0.99999977 -0.00068277 -0.00001854 0.00068269 0.99999224 -0.00387911 0.00002119 0.00387910 0.99999248
0.99999972 0.00074442 0.00002384 -0.00074423 0.99997420 -0.00714457 -0.00002915 0.00714455 0.99997448
0.99999891 -0.00143525 -0.00035014 0.00143342 0.99998562 -0.00516792 0.00035755 0.00516741 0.99998658
0.99999872 -0.00159021 -0.00017206 0.00159036 0.99999833 0.00089945 0.00017063 -0.00089972 0.99999958
0.99999275 0.00380304 0.00018531 -0.00380282 0.99999208 -0.00117097 -0.00018976 0.00117026 0.99999930
0.99999954 -0.00090584 -0.00031891 0.00090363 0.99997600 -0.00686835 0.00032512 0.00686806 0.99997636
0.99999982 -0.00046968 -0.00037038 0.00046568 0.99994214 -0.01074714 0.00037540 0.01074696 0.99994218
0.99999870 -0.00038430 0.00156729 0.00039492 0.99997693 -0.00678048 -0.00156465 0.00678109 0.99997578
0.99999749 -0.00216737 0.00056093 0.00216652 0.99999650 0.00152072 -0.00056422 -0.00151951 0.99999869
0.99998483 -0.00549748 0.00034369 0.00549627 0.99997903 0.00342447 -0.00036251 -0.00342253 0.99999408
0.99999405 -0.00341707 0.00048300 0.00341650 0.99999347 0.00117638 -0.00048702 -0.00117472 0.99999919
0.99999430 -0.00293186 0.00167230 0.00293451 0.99999444 -0.00158659 -0.00166764 0.00159149 0.99999734
0.99999640 0.00267334 -0.00022437 -0.00267418 0.99998908 -0.00383323 0.00021412 0.00383382 0.99999263
0.99999315 0.00337512 0.00151646 -0.00337148 0.99999144 -0.00239735 -0.00152454 0.00239222 0.99999598
0.99999098 0.00394440 0.00157664 -0.00394908 0.99998776 0.00298115 -0.00156487 -0.00298735 0.99999431
0.99999570 0.00245347 0.00160625 -0.00246150 0.99998440 0.00501461 -0.00159392 -0.00501854 0.99998614
0.99999455 -0.00089985 0.00317612 0.00089078 0.99999552 0.00285631 -0.00317868 -0.00285347 0.99999088
0.99999319 0.00002361 0.00369113 -0.00001454 0.99999698 -0.00245896 -0.00369117 0.00245889 0.99999016
0.99999421 -0.00169204 0.00295395 0.00170735 0.99998508 -0.00518869 -0.00294513 0.00519370 0.99998218
0.99999606 -0.00155692 0.00233739 0.00156279 0.99999563 -0.00251020 -0.00233347 0.00251384 0.99999412
0.99999341 0.00179995 0.00315438 -0.00179855 0.99999828 -0.00044763 -0.00315518 0.00044196 0.99999492
0.99999596 0.00029354 0.00282845 -0.00029463 0.99999988 0.00038304 -0.00282833 -0.00038388 0.99999593
0.99999310 0.00198576 0.00313918 -0.00198746 0.99999788 0.00053850 -0.00313810 -0.00054474 0.99999493
0.99999287 0.00138805 0.00351247 -0.00139859 0.99999452 0.00299997 -0.00350828 -0.00300486 0.99998933
0.99999617 0.00092271 0.00260918 -0.00093002 0.99999565 0.00279908 -0.00260659 -0.00280150 0.99999268
0.99999128 -0.00360382 0.00210789 0.00360706 0.99999231 -0.00153634 -0.00210234 0.00154393 0.99999660
0.99999778 0.00021931 0.00209738 -0.00021209 0.99999405 -0.00344276 -0.00209813 0.00344231 0.99999187
0.99999628 -0.00117741 0.00245985 0.00118745 0.99999096 -0.00408402 -0.00245502 0.00408693 0.99998863
0.99999916 -0.00100482 -0.00081991 0.00100533 0.99999930 0.00062351 0.00081929 -0.00062434 0.99999947
0.99999842 0.00148806 -0.00097649 -0.00148595 0.99999655 0.00216391 0.00097971 -0.00216246 0.99999718
0.99999896 -0.00096193 -0.00107394 0.00096166 0.99999951 -0.00025083 0.00107418 0.00024980 0.99999939
0.99999744 0.00205450 -0.00094328 -0.00205224 0.99999503 0.00239157 0.00094819 -0.00238963 0.99999670
0.99999763 0.00068930 -0.00206306 -0.00068588 0.99999839 0.00165721 0.00206420 -0.00165579 0.99999650
0.99999376 -0.00188090 -0.00299012 0.00189192 0.99999141 0.00368675 0.00298316 -0.00369238 0.99998873
0.99999823 -0.00047138 -0.00182055 0.00046369 0.99999100 -0.00421824 0.00182252 0.00421739 0.99998945
0.99999547 -0.00125509 -0.00273683 0.00124603 0.99999375 -0.00330853 0.00274097 0.00330510 0.99999078
0.99999600 -0.00083825 -0.00269999 0.00082713 0.99999118 -0.00411718 0.00270341 0.00411493 0.99998788
0.99999541 0.00148058 -0.00264449 -0.00147925 0.99999878 0.00050526 0.00264523 -0.00050134 0.99999638
0.99999791 0.00182588 -0.00091834 -0.00182638 0.99999819 -0.00054102 0.00091735 0.00054270 0.99999943
0.99999067 0.00426044 -0.00071921 -0.00426089 0.99999073 -0.00061254 0.00071659 0.00061560 0.99999955
0.99999850 -0.00094683 -0.00145030 0.00094505 0.99999881 -0.00122249 0.00145145 0.00122112 0.99999820
0.99999793 -0.00155697 -0.00131304 0.00155915 0.99999740 0.00166212 0.00131045 -0.00166416 0.99999776
0.99999406 0.00343984 -0.00022866 -0.00343963 0.99999366 0.00092148 0.00023183 -0.00092069 0.99999955
0.99999802 0.00099228 0.00172330 -0.00099354 0.99999924 0.00073434 -0.00172257 -0.00073605 0.99999825
0.99999435 0.00273565 0.00195114 -0.00273626 0.99999621 0.00030914 -0.00195029 -0.00031448 0.99999805
0.99999561 0.00068854 0.00288100 -0.00069203 0.99999903 0.00120749 -0.00288017 -0.00120948 0.99999512
0.99999541 -0.00004007 0.00302908 0.00005002 0.99999460 -0.00328649 -0.00302893 0.00328662 0.99999001
0.99998351 -0.00471558 0.00327828 0.00473387 0.99997314 -0.00559470 -0.00325181 0.00561013 0.99997898
0.99998782 -0.00441919 0.00219672 0.00443260 0.99997134 -0.00613746 -0.00216954 0.00614712 0.99997875
0.99998631 -0.00446036 0.00273506 0.00446262 0.99998971 -0.00082024 -0.00273137 0.00083243 0.99999592
0.99999254 -0.00264896 0.00281135 0.00264324 0.99999443 0.00203621 -0.00281673 -0.00202876 0.99999398
0.99999084 -0.00094292 0.00417422 0.00091771 0.99998135 0.00603768 -0.00417984 -0.00603379 0.99997306
0.99998491 0.00031287 0.00548543 -0.00033642 0.99999073 0.00429156 -0.00548404 -0.00429334 0.99997575
0.99998755 0.00150544 0.00475812 -0.00151563 0.99999657 0.00213811 -0.00475488 -0.00214529 0.99998639
0.99999355 0.00046303 0.00356251 -0.00046691 0.99999930 0.00108855 -0.00356201 -0.00109020 0.99999306
0.99997543 0.00186514 0.00675695 -0.00186657 0.99999824 0.00020482 -0.00675656 -0.00021742 0.99997715
0.99996074 -0.00169243 0.00869823 0.00168221 0.99999789 0.00118235 -0.00870021 -0.00116767 0.99996147
0.99993350 0.00619262 0.00972853 -0.00616974 0.99997813 -0.00238040 -0.00974305 0.00232022 0.99994984
0.99992497 0.00699102 0.01005871 -0.00696510 0.99997234 -0.00260977 -0.01007668 0.00253952 0.99994600
0.99992756 -0.00549159 0.01071023 0.00553104 0.99997802 -0.00365667 -0.01068992 0.00371564 0.99993596
0.99993253 -0.00799111 0.00843049 0.00803664 0.99995323 -0.00537963 -0.00838711 0.00544702 0.99994999
0.99994797 0.00182009 0.01003756 -0.00174654 0.99997160 -0.00733133 -0.01005062 0.00731341 0.99992275
0.99995854 0.00373557 0.00830456 -0.00367627 0.99996772 -0.00714386 -0.00833098 0.00711303 0.99994000
0.99995428 0.00472376 0.00831387 -0.00473563 0.99998780 0.00140797 -0.00830711 -0.00144728 0.99996445
0.99993519 0.00083697 0.01135396 -0.00090220 0.99998311 0.00574101 -0.01134896 -0.00575088 0.99991906
0.99995953 0.00101666 0.00893894 -0.00104325 0.99999504 0.00297084 -0.00893587 -0.00298004 0.99995563
0.99996500 0.00391875 0.00739149 -0.00392122 0.99999226 0.00031948 -0.00739018 -0.00034845 0.99997263
0.99997502 0.00181991 0.00682993 -0.00181823 0.99999832 -0.00025146 -0.00683037 0.00023903 0.99997664
0.99998815 0.00178418 0.00453020 -0.00180426 0.99998855 0.00443181 -0.00452224 -0.00443993 0.99997992
0.99998733 -0.00032845 0.00502375 0.00029507 0.99997788 0.00664489 -0.00502582 -0.00664333 0.99996530
0.99999166 -0.00120574 0.00390335 0.00117950 0.99997675 0.00671698 -0.00391135 -0.00671232 0.99996982
0.99998859 -0.00234153 0.00416331 0.00232079 0.99998491 0.00497936 -0.00417490 -0.00496964 0.99997894
0.99997518 -0.00508256 0.00487892 0.00507893 0.99998682 0.00075522 -0.00488269 -0.00073042 0.99998781
0.99997458 -0.00589285 0.00401366 0.00590046 0.99998081 -0.00188672 -0.00400247 0.00191036 0.99999017
0.99998391 -0.00553009 0.00126434 0.00553848 0.99996200 -0.00673186 -0.00122707 0.00673875 0.99997654
0.99999511 -0.00275551 0.00147916 0.00277132 0.99993787 -0.01079703 -0.00144932 0.01080108 0.99994062
0.99998970 -0.00442055 0.00103054 0.00442396 0.99998467 -0.00332967 -0.00101580 0.00333419 0.99999393
0.99999647 -0.00265688 -0.00009195 0.00265689 0.99999646 0.00014255 0.00009157 -0.00014279 0.99999999
0.99999125 0.00401523 0.00117400 -0.00402055 0.99998152 0.00456047 -0.00115567 -0.00456515 0.99998891
0.99999840 -0.00117156 0.00135372 0.00116767 0.99999520 0.00287131 -0.00135708 -0.00286973 0.99999496
0.99999570 0.00115875 0.00269360 -0.00116002 0.99999922 0.00046852 -0.00269306 -0.00047164 0.99999626
0.99998260 0.00544790 0.00226418 -0.00544971 0.99998484 0.00079146 -0.00225983 -0.00080379 0.99999712
0.99999949 0.00006168 0.00100620 -0.00006270 0.99999948 0.00101941 -0.00100614 -0.00101947 0.99999897
0.99999262 -0.00383933 -0.00011249 0.00383934 0.99999263 0.00009234 0.00011213 -0.00009277 0.99999999
0.99999961 0.00087973 -0.00012309 -0.00087950 0.99999785 0.00187857 0.00012474 -0.00187846 0.99999823
0.99999984 -0.00053427 -0.00019245 0.00053391 0.99999819 -0.00182560 0.00019343 0.00182550 0.99999832
0.99999227 -0.00392135 -0.00029040 0.00392070 0.99998983 -0.00223050 0.00029915 0.00222934 0.99999747
0.99999806 -0.00180665 -0.00078383 0.00180308 0.99998814 -0.00452403 0.00079199 0.00452261 0.99998946
0.99999990 0.00024085 -0.00038545 -0.00024276 0.99998763 -0.00496813 0.00038425 0.00496822 0.99998758
0.99999945 -0.00071167 -0.00077169 0.00071152 0.99999973 -0.00019201 0.00077182 0.00019146 0.99999968
0.99999961 0.00019876 0.00086188 -0.00019576 0.99999394 -0.00347467 -0.00086257 0.00347450 0.99999359
0.99999657 -0.00179266 -0.00190740 0.00179828 0.99999404 0.00294797 0.00190210 -0.00295139 0.99999384
0.99999761 0.00101940 -0.00193280 -0.00101067 0.99998930 0.00451404 0.00193738 -0.00451208 0.99998794
0.99999734 0.00219590 -0.00070000 -0.00219379 0.99999309 0.00300108 0.00070659 -0.00299954 0.99999525
0.99999685 -0.00091550 -0.00233494 0.00091634 0.99999952 0.00035913 0.00233461 -0.00036127 0.99999721
0.99999800 -0.00159053 -0.00120966 0.00158596 0.99999165 -0.00376681 0.00121564 0.00376488 0.99999217
0.99999808 0.00079651 -0.00178916 -0.00080600 0.99998558 -0.00530976 0.00178490 0.00531119 0.99998430
0.99999537 0.00080826 -0.00293344 -0.00081374 0.99999793 -0.00186746 0.00293193 0.00186984 0.99999395
0.99999844 0.00048580 -0.00169937 -0.00047899 0.99999187 0.00400321 0.00170130 -0.00400239 0.99999054
0.99998998 -0.00308368 -0.00324563 0.00309841 0.99998487 0.00454419 0.00323157 -0.00455420 0.99998441
0.99998788 0.00479206 0.00113091 -0.00479047 0.99998754 -0.00140360 -0.00113762 0.00139816 0.99999838
0.99999767 -0.00085720 0.00198238 0.00085987 0.99999872 -0.00134645 -0.00198122 0.00134815 0.99999713
0.99997708 0.00445650 0.00509780 -0.00445810 0.99999002 0.00030300 -0.00509640 -0.00032572 0.99998696
0.99999263 -0.00217267 0.00316640 0.00216627 0.99999561 0.00202023 -0.00317077 -0.00201336 0.99999295
0.99999059 -0.00168190 0.00399794 0.00168855 0.99999719 -0.00166139 -0.00399513 0.00166812 0.99999063
0.99998349 0.00106668 0.00564689 -0.00103831 0.99998684 -0.00502460 -0.00565217 0.00501865 0.99997143
0.99998691 -0.00050491 0.00509070 0.00050558 0.99999986 -0.00012991 -0.00509064 0.00013248 0.99998703
0.99998178 0.00197108 0.00570586 -0.00198022 0.99999676 0.00159737 -0.00570269 -0.00160864 0.99998245
0.99998791 -0.00164524 0.00463359 0.00165495 0.99999644 -0.00209167 -0.00463014 0.00209932 0.99998708
0.99996377 0.00506098 0.00684450 -0.00505216 0.99998639 -0.00130525 -0.00685101 0.00127062 0.99997572
0.99999562 0.00280423 0.00094484 -0.00280509 0.99999566 0.00090588 -0.00094230 -0.00090852 0.99999914
0.99999449 0.00109838 0.00313273 -0.00111369 0.99998743 0.00488856 -0.00312732 -0.00489202 0.99998314
0.99998648 -0.00294921 0.00428296 0.00292981 0.99998546 0.00452827 -0.00429625 -0.00451566 0.99998058
0.99999921 -0.00005761 0.00125963 0.00006514 0.99998211 -0.00598070 -0.00125926 0.00598077 0.99998132
0.99997422 0.00564698 0.00443426 -0.00561743 0.99996212 -0.00664795 -0.00447164 0.00662287 0.99996807
0.99998506 -0.00422306 0.00347010 0.00422947 0.99998936 -0.00184053 -0.00346229 0.00185518 0.99999229
0.99990229 -0.01380857 0.00217505 0.01380232 0.99990064 0.00286319 -0.00221437 -0.00283289 0.99999354
0.99996054 -0.00738845 0.00493270 0.00738007 0.99997130 0.00171514 -0.00494523 -0.00167867 0.99998636
0.99999258 -0.00091125 0.00374361 0.00091574 0.99999886 -0.00119802 -0.00374252 0.00120144 0.99999228
0.99998497 -0.00087797 0.00541209 0.00089101 0.99999671 -0.00240721 -0.00540996 0.00241200 0.99998246
0.99999444 0.00181453 0.00279614 -0.00181802 0.99999757 0.00124553 -0.00279387 -0.00125060 0.99999532
0.99997983 -0.00445616 0.00452519 0.00444667 0.99998790 0.00210432 -0.00453451 -0.00208416 0.99998755
0.99998734 -0.00020612 0.00502843 0.00020224 0.99999968 0.00077329 -0.00502859 -0.00077226 0.99998706
0.99998689 0.00021785 0.00511670 -0.00021635 0.99999993 -0.00029368 -0.00511677 0.00029257 0.99998687
0.99998981 0.00008533 0.00451464 -0.00007758 0.99999852 -0.00171661 -0.00451478 0.00171624 0.99998834
0.99996699 0.00436284 0.00685489 -0.00436315 0.99999048 0.00002999 -0.00685469 -0.00005990 0.99997650
0.99997542 0.00095191 0.00694697 -0.00096993 0.99999617 0.00259067 -0.00694447 -0.00259735 0.99997251
0.99996437 0.00213832 0.00816638 -0.00214538 0.99999733 0.00085542 -0.00816453 -0.00087291 0.99996629
0.99997559 -0.00003459 0.00698728 0.00002404 0.99999886 0.00150988 -0.00698732 -0.00150968 0.99997445
0.99998317 0.00036376 0.00578997 -0.00035513 0.99999882 -0.00149166 -0.00579050 0.00148958 0.99998213
0.99997481 0.00401647 0.00585243 -0.00400991 0.99999132 -0.00113097 -0.00585692 0.00110748 0.99998223
0.99997655 -0.00042237 0.00683516 0.00045034 0.99999153 -0.00409068 -0.00683337 0.00409366 0.99996827
0.99999294 -0.00136392 0.00350115 0.00137273 0.99999590 -0.00251491 -0.00349770 0.00251969 0.99999071
0.99996105 0.00544748 0.00694487 -0.00542106 0.99997802 -0.00381754 -0.00696551 0.00377974 0.99996860
0.99998421 -0.00398072 0.00396753 0.00397668 0.99999157 0.00102535 -0.00397158 -0.00100956 0.99999160
0.99998735 -0.00037344 0.00501541 0.00036382 0.99999809 0.00191847 -0.00501611 -0.00191662 0.99998558
0.99998055 0.00065380 0.00620248 -0.00065632 0.99999970 0.00040513 -0.00620221 -0.00040919 0.99998068
0.99997643 0.00325013 0.00604768 -0.00323920 0.99999310 -0.00181614 -0.00605354 0.00179651 0.99998006
0.99995422 0.00612067 0.00735551 -0.00608742 0.99997119 -0.00453533 -0.00738306 0.00449034 0.99996266
0.99991710 0.00687645 0.01088601 -0.00684619 0.99997260 -0.00281468 -0.01090507 0.00273992 0.99993678
0.99989821 0.00326405 0.01388921 -0.00323100 0.99999190 -0.00240141 -0.01389694 0.00235628 0.99990066
0.99988015 0.00157327 0.01540165 -0.00156519 0.99999863 -0.00053673 -0.01540247 0.00051256 0.99988124
0.99995000 0.00202921 0.00979224 -0.00202293 0.99999774 -0.00065147 -0.00979354 0.00063162 0.99995184
0.99999117 -0.00188704 0.00375494 0.00189288 0.99999700 -0.00155260 -0.00375200 0.00155970 0.99999174
0.99999413 -0.00153674 -0.00306190 0.00154068 0.99999799 0.00128519 0.00305991 -0.00128990 0.99999449
0.99995054 -0.00041556 -0.00993662 0.00046005 0.99998988 0.00447597 0.00993466 -0.00448032 0.99994061
0.99991663 0.00529524 -0.01177668 -0.00523827 0.99997445 0.00486363 0.01180213 -0.00480153 0.99991882
0.99990044 0.00910986 -0.01077557 -0.00908332 0.99995560 0.00250985 0.01079795 -0.00241172 0.99993879
0.99991405 0.00481439 -0.01219447 -0.00478868 0.99998625 0.00213649 0.01220458 -0.00207791 0.99992336
0.99992319 -0.00297165 -0.01203298 0.00301878 0.99998783 0.00390104 0.01202124 -0.00393707 0.99991999
0.99991678 -0.00410282 -0.01223144 0.00410220 0.99999158 -0.00007568 0.01223165 0.00002550 0.99992519
0.99990708 -0.00169947 -0.01352597 0.00173383 0.99999530 0.00252892 0.01352161 -0.00255214 0.99990532
0.99988073 0.00199330 -0.01531521 -0.00195106 0.99999425 0.00277265 0.01532065 -0.00274243 0.99987887
0.99986215 0.00232651 -0.01644006 -0.00228337 0.99999390 0.00264223 0.01644610 -0.00260433 0.99986136
0.99988796 0.00416945 -0.01437668 -0.00413457 0.99998844 0.00245496 0.01438675 -0.00239525 0.99989364
0.99988492 0.00479557 -0.01439279 -0.00475667 0.99998495 0.00273563 0.01440569 -0.00266685 0.99989268
0.99988036 0.00335879 -0.01509944 -0.00337032 0.99999405 -0.00073813 0.01509687 0.00078894 0.99988572
0.99988043 0.00230625 -0.01529101 -0.00234577 0.99999395 -0.00256689 0.01528500 0.00260246 0.99987979
0.99986546 0.00296148 -0.01613339 -0.00298918 0.99999410 -0.00169333 0.01612828 0.00174133 0.99986841
0.99987345 0.00359877 -0.01549605 -0.00359145 0.99999343 0.00050019 0.01549775 -0.00044447 0.99987980
0.99986075 0.00687086 -0.01520741 -0.00679349 0.99996375 0.00513384 0.01524213 -0.00502981 0.99987118
0.99985447 0.00551816 -0.01614262 -0.00542012 0.99996664 0.00611100 0.01617580 -0.00602261 0.99985102
0.99988114 0.00502133 -0.01457688 -0.00494775 0.99997486 0.00507902 0.01460201 -0.00500630 0.99988085
0.99987832 0.00292991 -0.01532175 -0.00288558 0.99999159 0.00291438 0.01533016 -0.00286981 0.99987837
0.99985790 0.00137658 -0.01680122 -0.00135752 0.99999842 0.00114571 0.01680277 -0.00112274 0.99985819
0.99989046 0.00223773 -0.01463059 -0.00225144 0.99999704 -0.00092123 0.01462848 0.00095407 0.99989254
0.99987955 0.00580694 -0.01439318 -0.00580696 0.99998314 0.00004046 0.01439317 0.00004313 0.99989641
0.99985683 0.00515150 -0.01611774 -0.00512696 0.99998563 0.00156395 0.01612556 -0.00148109 0.99986888
0.99987943 0.00320383 -0.01519428 -0.00319552 0.99999473 0.00057083 0.01519603 -0.00052221 0.99988440
0.99988960 0.00404446 -0.01429773 -0.00403823 0.99999174 0.00046450 0.01429949 -0.00040671 0.99989767
0.99987859 0.00410878 -0.01503073 -0.00413067 0.99999045 -0.00142555 0.01502473 0.00148747 0.99988602
0.99991405 0.00454255 -0.01229864 -0.00455601 0.99998905 -0.00106700 0.01229366 0.00112295 0.99992380
0.99990337 0.00633054 -0.01237605 -0.00636142 0.99997675 -0.00245769 0.01236021 0.00253618 0.99992039
0.99991259 0.00561572 -0.01196950 -0.00564960 0.99998012 -0.00279898 0.01195355 0.00286635 0.99992445
0.99994208 0.00558511 -0.00919983 -0.00563693 0.99996834 -0.00561627 0.00916817 0.00566781 0.99994191
0.99996484 0.00181136 -0.00818797 -0.00185715 0.99998266 -0.00558916 0.00817770 0.00560417 0.99995086
0.99996935 0.00130682 -0.00771902 -0.00134229 0.99998856 -0.00459170 0.00771293 0.00460192 0.99995967
0.99998285 0.00174688 -0.00558928 -0.00175984 0.99999577 -0.00231527 0.00558521 0.00232507 0.99998170
0.99997308 0.00627571 -0.00380091 -0.00628069 0.99997943 -0.00130025 0.00379267 0.00132409 0.99999193
0.99998962 0.00145317 -0.00431777 -0.00147033 0.99999102 -0.00397447 0.00431196 0.00398078 0.99998278
0.99998451 -0.00156549 -0.00534087 0.00154051 0.99998788 -0.00467687 0.00534812 0.00466857 0.99997480
0.99996281 -0.00801210 -0.00319250 0.00799266 0.99994972 -0.00605620 0.00324086 0.00603046 0.99997656
0.99996501 -0.00808317 -0.00215448 0.00806927 0.99994705 -0.00638555 0.00220598 0.00636794 0.99997729
0.99994835 -0.01002138 -0.00169561 0.01001927 0.99994903 -0.00124609 0.00170802 0.00122904 0.99999779
0.99998752 -0.00499003 0.00023231 0.00498967 0.99998641 0.00151230 -0.00023985 -0.00151112 0.99999883
0.99999490 -0.00308694 0.00081356 0.00308948 0.99999027 -0.00314743 -0.00080383 0.00314993 0.99999472
0.99999826 0.00079840 0.00168698 -0.00079330 0.99999513 -0.00301996 -0.00168938 0.00301862 0.99999402
0.99998995 0.00074949 0.00441976 -0.00072187 0.99998023 -0.00624685 -0.00442435 0.00624360 0.99997072
0.99997780 -0.00354406 0.00564182 0.00358141 0.99997164 -0.00662476 -0.00561818 0.00664482 0.99996214
0.99992792 -0.00372808 0.01141336 0.00382242 0.99995862 -0.00825473 -0.01138212 0.00829776 0.99990079
0.99988545 -0.00442482 0.01447413 0.00446786 0.99998569 -0.00294254 -0.01446091 0.00300687 0.99989091
0.99981647 -0.00129762 0.01911380 0.00132292 0.99999827 -0.00131117 -0.01911206 0.00133622 0.99981645
0.99959737 0.00371391 0.02813004 -0.00359686 0.99998467 -0.00421037 -0.02814525 0.00410750 0.99959540
0.99966966 0.00593420 0.02500704 -0.00596104 0.99998173 0.00099898 -0.02500066 -0.00114772 0.99968678
0.99965289 0.00190078 0.02627696 -0.00196626 0.99999503 0.00246630 -0.02627214 -0.00251712 0.99965166
0.99960372 -0.00397813 0.02786711 0.00398335 0.99999206 -0.00013172 -0.02786636 0.00024267 0.99961163
0.99960310 -0.01148661 0.02572348 0.01155567 0.99993001 -0.00253743 -0.02569254 0.00283367 0.99966588
0.99955265 -0.00749195 0.02895466 0.00753696 0.99997055 -0.00144581 -0.02894298 0.00166339 0.99957968
0.99957706 0.00082250 0.02906919 -0.00076635 0.99999782 -0.00194288 -0.02907073 0.00191978 0.99957551
0.99976060 0.00324001 0.02163913 -0.00312437 0.99998067 -0.00537539 -0.02165613 0.00530650 0.99975140
0.99958997 0.00217754 0.02855075 -0.00202525 0.99998357 -0.00536181 -0.02856196 0.00530179 0.99957796
0.99959765 -0.00310917 0.02819337 0.00324932 0.99998258 -0.00492664 -0.02817756 0.00501627 0.99959035
0.99955585 -0.00197150 0.02973571 0.00202550 0.99999635 -0.00178578 -0.02973209 0.00184522 0.99955620
0.99942093 -0.00203073 0.03396587 0.00199583 0.99999745 0.00106141 -0.03396794 -0.00099300 0.99942243
0.99932344 0.00113258 0.03676113 -0.00106602 0.99999776 -0.00183006 -0.03676312 0.00178963 0.99932241
0.99934480 0.00695481 0.03551913 -0.00678153 0.99996452 -0.00499672 -0.03555262 0.00475257 0.99935651
0.99927861 0.00578976 0.03753313 -0.00566392 0.99997798 -0.00345830 -0.03755232 0.00324322 0.99928940
0.99930686 0.00027753 0.03722539 -0.00032610 0.99999910 0.00129884 -0.03722499 -0.00131008 0.99930605
0.99927461 -0.00514342 0.03773338 0.00504227 0.99998344 0.00277530 -0.03774703 -0.00258302 0.99928399
0.99933694 -0.00121840 0.03638945 0.00117751 0.99999865 0.00114521 -0.03639080 -0.00110160 0.99933703
0.99933442 0.00073600 0.03647161 -0.00080304 0.99999801 0.00182356 -0.03647019 -0.00185163 0.99933303
0.99944842 0.00150715 0.03317517 -0.00155055 0.99999798 0.00128268 -0.03317317 -0.00133341 0.99944873
0.99942685 -0.00139474 0.03382340 0.00137945 0.99999894 0.00047527 -0.03382402 -0.00042834 0.99942771
0.99939016 -0.00101258 0.03490389 0.00098496 0.99999919 0.00080848 -0.03490468 -0.00077361 0.99939035
0.99940130 -0.00214869 0.03453158 0.00218346 0.99999715 -0.00096928 -0.03452940 0.00104409 0.99940314
0.99944667 -0.00178802 0.03321370 0.00186719 0.99999549 -0.00235294 -0.03320934 0.00241365 0.99944550
0.99949597 0.00087016 0.03173399 -0.00081772 0.99999828 -0.00166525 -0.03173538 0.00163846 0.99949496
0.99951333 -0.00282492 0.03106650 0.00284935 0.99999567 -0.00074209 -0.03106427 0.00083025 0.99951704
0.99956066 -0.00554914 0.02911504 0.00558553 0.99998372 -0.00116858 -0.02910809 0.00133069 0.99957538
0.99962185 -0.00302235 0.02733160 0.00307730 0.99999333 -0.00196877 -0.02732547 0.00205213 0.99962448
0.99965972 0.00059802 0.02607838 -0.00059396 0.99999981 -0.00016364 -0.02607847 0.00014809 0.99965989
0.99974498 0.00069596 0.02257212 -0.00072968 0.99999863 0.00148581 -0.02257105 -0.00150191 0.99974411
0.99977212 -0.00392405 0.02098351 0.00391924 0.99999228 0.00027054 -0.02098441 -0.00018824 0.99977979
0.99977181 -0.00691801 0.02021042 0.00696015 0.99997375 -0.00201570 -0.02019594 0.00215591 0.99979372
0.99981705 -0.00284939 0.01891413 0.00283092 0.99999549 0.00100353 -0.01891691 -0.00094980 0.99982061
0.99984658 -0.00236530 0.01735593 0.00235008 0.99999684 0.00089751 -0.01735799 -0.00085659 0.99984897
0.99990656 -0.00199175 0.01352457 0.00199518 0.99999798 -0.00023954 -0.01352406 0.00026650 0.99990851
0.99993556 -0.00221915 0.01113342 0.00222890 0.99999714 -0.00086271 -0.01113147 0.00088747 0.99993765
0.99997022 0.00114739 0.00763212 -0.00113692 0.99999841 -0.00137698 -0.00763369 0.00136826 0.99996993
0.99999601 -0.00044269 0.00278997 0.00044673 0.99999885 -0.00144773 -0.00278933 0.00144897 0.99999506
0.99999809 0.00064223 0.00184623 -0.00064096 0.99999956 -0.00068883 -0.00184668 0.00068764 0.99999806
0.99999983 -0.00044604 0.00037080 0.00044577 0.99999964 0.00072020 -0.00037112 -0.00072004 0.99999967
0.99999987 0.00015902 -0.00047678 -0.00015845 0.99999926 0.00120538 0.00047697 -0.00120530 0.99999916
0.99999833 0.00182116 0.00013350 -0.00182131 0.99999773 0.00110924 -0.00013148 -0.00110948 0.99999938
0.99999616 0.00164293 -0.00223320 -0.00163973 0.99999763 0.00143373 0.00223555 -0.00143006 0.99999648
0.99999883 0.00149305 -0.00031980 -0.00149341 0.99999826 -0.00111796 0.00031813 0.00111844 0.99999932
0.99999895 -0.00135516 -0.00051347 0.00135366 0.99999487 -0.00290326 0.00051740 0.00290256 0.99999565
0.99999557 -0.00250126 -0.00161252 0.00249913 0.99999600 -0.00132464 0.00161582 0.00132061 0.99999782
0.99999703 0.00028836 -0.00241972 -0.00029347 0.99999773 -0.00210877 0.00241911 0.00210948 0.99999485
0.99999817 0.00115252 -0.00152565 -0.00115274 0.99999933 -0.00014325 0.00152549 0.00014501 0.99999883
0.99999419 -0.00313047 -0.00135121 0.00313137 0.99999488 0.00066452 0.00134912 -0.00066875 0.99999887
0.99999521 -0.00141701 -0.00275319 0.00141267 0.99999776 -0.00157729 0.00275542 0.00157339 0.99999497
0.99998671 -0.00316707 -0.00406729 0.00317295 0.99999393 0.00144157 0.00406270 -0.00145446 0.99999069
0.99997689 0.00510353 -0.00449118 -0.00509844 0.99998635 0.00114415 0.00449696 -0.00112123 0.99998926
0.99998426 0.00177148 -0.00532283 -0.00176474 0.99999763 0.00127174 0.00532507 -0.00126233 0.99998502
0.99997640 -0.00074896 -0.00682925 0.00076025 0.99999835 0.00165130 0.00682800 -0.00165646 0.99997532
0.99998648 0.00003527 -0.00519911 -0.00002376 0.99999755 0.00221425 0.00519917 -0.00221410 0.99998403
0.99998434 -0.00191724 -0.00525794 0.00193161 0.99999441 0.00273006 0.00525267 -0.00274018 0.99998245
0.99997810 -0.00167498 -0.00640331 0.00167275 0.99999854 -0.00035275 0.00640390 0.00034203 0.99997944
0.99998814 0.00124963 -0.00470641 -0.00125789 0.99999767 -0.00175399 0.00470421 0.00175989 0.99998739
0.99999287 0.00300711 -0.00228593 -0.00302040 0.99997844 -0.00583000 0.00226835 0.00583686 0.99998039
0.99999876 0.00136891 -0.00077910 -0.00136893 0.99999906 -0.00001612 0.00077908 0.00001718 0.99999970
0.99999611 0.00274977 -0.00046795 -0.00274840 0.99999204 0.00289320 0.00047590 -0.00289190 0.99999571
0.99999930 0.00104565 0.00054499 -0.00104891 0.99998140 0.00600837 -0.00053870 -0.00600894 0.99998180
0.99999446 -0.00165722 -0.00288786 0.00165950 0.99999831 0.00078600 0.00288655 -0.00079079 0.99999552
0.99999804 -0.00129744 0.00149616 0.00130001 0.99999768 -0.00171974 -0.00149392 0.00172169 0.99999740
0.99999930 -0.00118277 0.00001954 0.00118284 0.99998975 -0.00436948 -0.00001438 0.00436950 0.99999045
0.99999404 0.00075616 0.00336888 -0.00074430 0.99999352 -0.00352093 -0.00337152 0.00351840 0.99998813
0.99999398 0.00074316 0.00338913 -0.00073796 0.99999855 -0.00153342 -0.00339027 0.00153091 0.99999308
0.99996869 -0.00693727 0.00380718 0.00692447 0.99997036 0.00336510 -0.00383041 -0.00333864 0.99998709
0.99999009 -0.00184467 0.00405206 0.00183605 0.99999604 0.00213177 -0.00405598 -0.00212431 0.99998952
0.99998059 -0.00595040 0.00184970 0.00593880 0.99996304 0.00621609 -0.00188662 -0.00620498 0.99997897
0.99999469 -0.00138682 0.00295062 0.00136867 0.99998019 0.00614354 -0.00295909 -0.00613947 0.99997678
0.99999534 0.00196397 0.00233891 -0.00196697 0.99999725 0.00127709 -0.00233639 -0.00128169 0.99999645
0.99998672 0.00365445 0.00363454 -0.00363461 0.99997854 -0.00545132 -0.00365438 0.00543803 0.99997854
0.99997770 0.00629697 0.00222342 -0.00628801 0.99997217 -0.00401588 -0.00224865 0.00400181 0.99998946
0.99999948 -0.00029271 -0.00097734 0.00029359 0.99999955 0.00089873 0.00097707 -0.00089902 0.99999912
0.99999709 -0.00230913 -0.00069969 0.00231035 0.99999581 0.00174573 0.00069566 -0.00174734 0.99999823
0.99999619 -0.00184821 -0.00204989 0.00184644 0.99999792 -0.00086770 0.00205149 0.00086392 0.99999752
0.99999909 0.00134734 -0.00002676 -0.00134743 0.99999240 -0.00365981 0.00002183 0.00365984 0.99999330
0.99999844 -0.00046862 -0.00170221 0.00047018 0.99999947 0.00091791 0.00170178 -0.00091871 0.99999813
0.99998655 0.00484980 0.00183891 -0.00485631 0.99998191 0.00354876 -0.00182167 -0.00355764 0.99999201
0.99999764 0.00014234 -0.00216799 -0.00013529 0.99999471 0.00325049 0.00216844 -0.00325019 0.99999237
0.99999838 -0.00057618 -0.00170753 0.00057405 0.99999906 -0.00124820 0.00170825 0.00124722 0.99999776
0.99999899 0.00141905 -0.00000635 -0.00141905 0.99999899 -0.00001058 0.00000633 0.00001059 1.00000000
0.99999943 -0.00007097 -0.00106767 0.00006990 0.99999950 -0.00099808 0.00106774 0.00099800 0.99999893
0.99999760 0.00106669 0.00191335 -0.00106406 0.99999849 -0.00137126 -0.00191481 0.00136922 0.99999723
0.99999911 -0.00104458 0.00083561 0.00104477 0.99999943 -0.00022368 -0.00083538 0.00022455 0.99999963
0.99999421 -0.00336810 -0.00047666 0.00336858 0.99999383 0.00099955 0.00047329 -0.00100115 0.99999939
0.99999966 0.00035563 0.00074706 -0.00035779 0.99999576 0.00289055 -0.00074602 -0.00289082 0.99999554
0.99999847 0.00054366 -0.00166534 -0.00054121 0.99999877 0.00147354 0.00166614 -0.00147264 0.99999753
0.99999788 -0.00098903 0.00180712 0.00098502 0.99999706 0.00221622 -0.00180931 -0.00221443 0.99999591
0.99999824 0.00162725 0.00093110 -0.00162676 0.99999854 -0.00052949 -0.00093196 0.00052797 0.99999943
0.99999936 0.00109317 0.00029245 -0.00109406 0.99999479 0.00303712 -0.00028913 -0.00303744 0.99999535
0.99999916 0.00115020 0.00060493 -0.00115232 0.99999314 0.00351913 -0.00060087 -0.00351982 0.99999362
0.99999513 -0.00304629 -0.00067135 0.00304727 0.99999429 0.00145830 0.00066690 -0.00146034 0.99999871
0.99999882 -0.00125465 -0.00088748 0.00125378 0.99999873 -0.00098314 0.00088872 0.00098202 0.99999912
0.99999185 -0.00403390 0.00018761 0.00403423 0.99999031 -0.00176363 -0.00018050 0.00176437 0.99999843
0.99999616 -0.00267043 0.00073815 0.00267248 0.99999253 -0.00279367 -0.00073069 0.00279563 0.99999583
0.99999388 -0.00072054 0.00342392 0.00070808 0.99999314 0.00363693 -0.00342652 -0.00363448 0.99998752
0.99999894 -0.00134511 0.00055599 0.00134332 0.99999400 0.00319249 -0.00056028 -0.00319174 0.99999475
0.99999552 -0.00299360 -0.00003177 0.00299364 0.99999437 0.00151676 0.00002723 -0.00151685 0.99999885
0.99999852 -0.00171965 -0.00009413 0.00171973 0.99999816 0.00084669 0.00009267 -0.00084685 0.99999964
0.99999981 -0.00013372 -0.00060510 0.00013396 0.99999991 0.00039541 0.00060504 -0.00039550 0.99999974
0.99999985 -0.00043381 -0.00034596 0.00043334 0.99999899 -0.00135673 0.00034654 0.00135658 0.99999902
0.99999841 0.00043132 -0.00173234 -0.00043168 0.99999988 -0.00020955 0.00173225 0.00021029 0.99999848
0.99999656 -0.00222630 -0.00138986 0.00223105 0.99999165 0.00342491 0.00138223 -0.00342800 0.99999317
0.99999174 0.00405852 0.00024022 -0.00405864 0.99999164 0.00050066 -0.00023818 -0.00050164 0.99999985
0.99999812 -0.00185644 -0.00055366 0.00185443 0.99999180 -0.00359997 0.00056034 0.00359894 0.99999337
0.99999342 0.00329253 0.00152176 -0.00328489 0.99998210 -0.00500089 -0.00153820 0.00499586 0.99998634
0.99999004 0.00430538 0.00118008 -0.00430606 0.99999057 0.00057087 -0.00117761 -0.00057595 0.99999914
0.99999971 -0.00039461 0.00065421 0.00039345 0.99999834 0.00178013 -0.00065491 -0.00177987 0.99999820
0.99999992 0.00006692 0.00040188 -0.00006703 0.99999996 0.00025612 -0.00040186 -0.00025614 0.99999989
0.99999779 -0.00114909 -0.00176291 0.00114837 0.99999926 -0.00040770 0.00176338 0.00040567 0.99999836
0.99999871 -0.00107261 -0.00119615 0.00107320 0.99999930 0.00049379 0.00119562 -0.00049507 0.99999916
0.99999703 -0.00198244 -0.00141586 0.00198361 0.99999769 0.00082541 0.00141422 -0.00082822 0.99999866
0.99999718 -0.00226211 -0.00071645 0.00226305 0.99999658 0.00131325 0.00071348 -0.00131487 0.99999888
0.99999989 -0.00006801 -0.00046083 0.00006761 0.99999963 -0.00085950 0.00046088 0.00085947 0.99999952
0.99999828 -0.00055402 -0.00176922 0.00055265 0.99999955 -0.00077352 0.00176965 0.00077254 0.99999814
0.99999936 -0.00099442 -0.00053646 0.00099535 0.99999801 0.00172880 0.00053474 -0.00172933 0.99999836
0.99999978 -0.00004900 -0.00066553 0.00005063 0.99999702 0.00244171 0.00066541 -0.00244174 0.99999680
0.99999921 0.00085049 -0.00092467 -0.00085045 0.99999964 0.00004145 0.00092471 -0.00004066 0.99999957
0.99999984 -0.00012043 -0.00054889 0.00011980 0.99999933 -0.00115348 0.00054903 0.00115341 0.99999918
0.99999932 0.00113168 -0.00028012 -0.00113152 0.99999920 0.00056911 0.00028077 -0.00056880 0.99999980
0.99999825 -0.00064647 -0.00175788 0.00064822 0.99999930 0.00099265 0.00175724 -0.00099379 0.99999796
0.99999415 0.00341513 0.00020155 -0.00341484 0.99999317 -0.00141044 -0.00020636 0.00140974 0.99999899
0.99999898 0.00140546 0.00026458 -0.00140498 0.99999735 -0.00182448 -0.00026715 0.00182411 0.99999830
0.99999806 0.00140031 0.00138333 -0.00139663 0.99999549 -0.00265730 -0.00138704 0.00265536 0.99999551
0.99999898 0.00126344 -0.00066523 -0.00126249 0.99999817 0.00143455 0.00066704 -0.00143371 0.99999875
0.99999454 0.00321153 0.00078310 -0.00321420 0.99998894 0.00343336 -0.00077206 -0.00343585 0.99999380
0.99999819 0.00032173 0.00187631 -0.00032331 0.99999959 0.00084613 -0.00187604 -0.00084674 0.99999788
0.99999889 -0.00129874 0.00073461 0.00129910 0.99999904 -0.00049023 -0.00073397 0.00049119 0.99999961
0.99999774 -0.00187099 0.00101391 0.00187254 0.99999707 -0.00153729 -0.00101103 0.00153918 0.99999830
0.99999410 -0.00329486 -0.00097403 0.00329639 0.99999332 0.00157716 0.00096882 -0.00158036 0.99999828
0.99999994 0.00005879 0.00035413 -0.00005981 0.99999585 0.00287898 -0.00035396 -0.00287900 0.99999579
0.99998955 0.00051974 0.00454284 -0.00052629 0.99999882 0.00144109 -0.00454209 -0.00144347 0.99998864
0.99996087 -0.00109647 0.00877846 0.00110380 0.99999905 -0.00082951 -0.00877754 0.00083916 0.99996112
0.99992444 0.00282372 0.01196375 -0.00281425 0.99999571 -0.00080860 -0.01196598 0.00077487 0.99992810
0.99989550 0.00221897 0.01428510 -0.00220391 0.99999700 -0.00106996 -0.01428743 0.00103836 0.99989739
0.99986310 -0.00141299 0.01648575 0.00140857 0.99999897 0.00027936 -0.01648613 -0.00025610 0.99986406
0.99972159 0.00309430 0.02339163 -0.00302944 0.99999147 -0.00280801 -0.02340012 0.00273636 0.99972243
0.99965896 0.00481254 0.02566734 -0.00477920 0.99998765 -0.00136034 -0.02567357 0.00123721 0.99966961
0.99962168 0.00209047 0.02742486 -0.00213649 0.99999636 0.00164877 -0.02742132 -0.00170674 0.99962251
0.99956049 0.00235115 0.02955171 -0.00240872 0.99999527 0.00191245 -0.02954707 -0.00198279 0.99956142
0.99948212 0.00153925 0.03214224 -0.00162799 0.99999494 0.00273486 -0.03213786 -0.00278577 0.99947956
0.99944539 0.00051909 0.03329616 -0.00059986 0.99999690 0.00241563 -0.03329481 -0.00243426 0.99944261
0.99929583 0.00233916 0.03744824 -0.00243117 0.99999414 0.00241149 -0.03744238 -0.00250083 0.99929566
0.99915954 0.00288133 0.04088903 -0.00298012 0.99999279 0.00235540 -0.04088194 -0.00247528 0.99916092
0.99894360 0.00096652 0.04594300 -0.00108285 0.99999627 0.00250722 -0.04594041 -0.00255432 0.99894092
0.99873489 0.00143791 0.05026477 -0.00143237 0.99999896 -0.00014618 -0.05026493 0.00007400 0.99873592
0.99875979 -0.00187807 0.04975284 0.00213385 0.99998478 -0.00508843 -0.04974253 0.00518829 0.99874860
0.99892548 -0.00101423 0.04633418 0.00115590 0.99999474 -0.00303074 -0.04633086 0.00308104 0.99892140
0.99872121 -0.00067825 0.05055176 0.00057710 0.99999780 0.00201549 -0.05055302 -0.00198374 0.99871941
0.99872076 -0.00142098 0.05054519 0.00127713 0.99999504 0.00287828 -0.05054902 -0.00281004 0.99871763
0.99877943 0.00340962 0.04927505 -0.00351016 0.99999193 0.00195388 -0.04926799 -0.00212446 0.99878334
0.99910487 0.00458028 0.04205330 -0.00465861 0.99998759 0.00176485 -0.04204470 -0.00195918 0.99911381
0.99880559 0.00623640 0.04846132 -0.00604488 0.99997333 -0.00409761 -0.04848558 0.00379977 0.99881665
0.99883783 0.00506464 0.04793058 -0.00493006 0.99998357 -0.00292566 -0.04794461 0.00268596 0.99884638
0.99844516 0.00394520 0.05560296 -0.00404657 0.99999035 0.00171075 -0.05559567 -0.00193309 0.99845149
0.99858397 0.00320213 0.05310178 -0.00320894 0.99999485 0.00004307 -0.05310137 -0.00021341 0.99858910
0.99855177 0.00735862 0.05329369 -0.00754782 0.99996590 0.00334965 -0.05326722 -0.00374705 0.99857326
0.99865045 0.00937306 0.05108260 -0.00966122 0.99993876 0.00539697 -0.05102888 -0.00588321 0.99867985
0.99850983 0.00972660 0.05369834 -0.01006448 0.99993120 0.00602543 -0.05363604 -0.00655689 0.99853902
0.99828331 0.00480749 0.05837218 -0.00499168 0.99998301 0.00301001 -0.05835672 -0.00329622 0.99829035
0.99829718 0.00142722 0.05831550 -0.00165246 0.99999136 0.00381427 -0.05830955 -0.00390414 0.99829092
0.99823374 0.00123998 0.05939573 -0.00142031 0.99999451 0.00299394 -0.05939170 -0.00307301 0.99823003
0.99817723 0.00209334 0.06031440 -0.00200834 0.99999690 -0.00146987 -0.06031729 0.00134606 0.99817835
0.99826908 0.00353707 0.05870546 -0.00342315 0.99999206 -0.00204099 -0.05871221 0.00183650 0.99827326
0.99826032 0.00062903 0.05895715 -0.00051048 0.99999782 -0.00202584 -0.05895829 0.00199221 0.99825846
0.99844548 -0.00058591 0.05573397 0.00060936 0.99999973 -0.00040372 -0.05573372 0.00043706 0.99844557
0.99854090 -0.00351252 0.05388629 0.00361979 0.99999166 -0.00189327 -0.05387919 0.00208557 0.99854528
0.99870632 -0.00179629 0.05081790 0.00177693 0.99999833 0.00042605 -0.05081858 -0.00033520 0.99870784
0.99892429 -0.00039209 0.04636919 0.00031907 0.99999870 0.00158235 -0.04636975 -0.00156585 0.99892312
0.99911357 -0.00146212 0.04207064 0.00139458 0.99999769 0.00163487 -0.04207293 -0.00157475 0.99911330
0.99937812 -0.00288768 0.03514293 0.00292933 0.99999507 -0.00113380 -0.03513948 0.00123604 0.99938165
0.99947412 -0.00154284 0.03238989 0.00154339 0.99999881 0.00000787 -0.03238987 0.00004212 0.99947531
0.99953537 0.00154809 0.03044104 -0.00157686 0.99999833 0.00092111 -0.03043957 -0.00096869 0.99953614
0.99965884 -0.00259981 0.02598935 0.00262900 0.99999595 -0.00108892 -0.02598641 0.00115687 0.99966163
0.99976155 -0.00275120 0.02166279 0.00279104 0.99999447 -0.00180902 -0.02165770 0.00186905 0.99976370
0.99980624 -0.00249674 0.01952549 0.00248164 0.99999660 0.00079771 -0.01952742 -0.00074910 0.99980904
0.99989494 -0.00189798 0.01437002 0.00190198 0.99999816 -0.00026503 -0.01436949 0.00029233 0.99989671
0.99994708 0.00041990 0.01027922 -0.00042601 0.99999973 0.00059261 -0.01027897 -0.00059696 0.99994699
0.99997730 -0.00035847 0.00672771 0.00035472 0.99999978 0.00055845 -0.00672791 -0.00055605 0.99997721
0.99999706 0.00033351 0.00240164 -0.00033241 0.99999984 -0.00045812 -0.00240179 0.00045732 0.99999701
0.99999858 -0.00113208 0.00125105 0.00113062 0.99999869 0.00116166 -0.00125237 -0.00116024 0.99999854
0.99999956 0.00039710 -0.00084519 -0.00039657 0.99999973 0.00062332 0.00084544 -0.00062299 0.99999945
0.99999897 -0.00093045 -0.00108994 0.00093082 0.99999951 0.00034423 0.00108962 -0.00034524 0.99999935
0.99999054 -0.00293435 -0.00321214 0.00293575 0.99999560 0.00043161 0.00321086 -0.00044104 0.99999475
0.99998499 -0.00150766 -0.00526693 0.00150664 0.99999885 -0.00019741 0.00526722 0.00018947 0.99998611
0.99996030 -0.00153965 -0.00877629 0.00153526 0.99999869 -0.00050642 0.00877706 0.00049293 0.99996136
0.99993669 0.00171645 -0.01112039 -0.00171417 0.99999851 0.00021428 0.01112074 -0.00019521 0.99993814
0.99993130 0.00058278 -0.01170749 -0.00055065 0.99999608 0.00274673 0.01170904 -0.00274010 0.99992769
0.99994588 0.00142667 -0.01030565 -0.00140915 0.99999755 0.00170662 0.01030806 -0.00169200 0.99994544
0.99995074 0.00019854 -0.00992343 -0.00018510 0.99999907 0.00135488 0.00992369 -0.00135298 0.99994984
0.99994678 -0.00060855 -0.01029891 0.00062691 0.99999822 0.00177906 0.01029781 -0.00178542 0.99994538
0.99990528 0.00044282 -0.01375662 -0.00045411 0.99999956 -0.00081798 0.01375625 0.00082415 0.99990504
0.99992665 0.00121150 -0.01205134 -0.00121755 0.99999914 -0.00049494 0.01205073 0.00050958 0.99992726
0.99991793 0.00060252 -0.01279723 -0.00059918 0.99999979 0.00026485 0.01279739 -0.00025716 0.99991808
0.99991280 -0.00159740 -0.01310855 0.00162451 0.99999656 0.00205776 0.01310522 -0.00207888 0.99991196
0.99994798 -0.00062320 -0.01018049 0.00061184 0.99999919 -0.00111835 0.01018118 0.00111206 0.99994755
0.99993212 0.00226144 -0.01142959 -0.00228432 0.99999541 -0.00198891 0.01142504 0.00201488 0.99993270
0.99989539 0.00156958 -0.01437872 -0.00157927 0.99999853 -0.00066245 0.01437766 0.00068509 0.99989640
0.99989761 -0.00153416 -0.01422696 0.00157602 0.99999446 0.00293120 0.01422239 -0.00295333 0.99989450
0.99980436 -0.00215169 -0.01966260 0.00230265 0.99996803 0.00765812 0.01964550 -0.00770190 0.99977734
0.99982615 0.00185169 -0.01855379 -0.00169871 0.99996446 0.00825801 0.01856842 -0.00822506 0.99979376
0.99972407 -0.00151939 -0.02344107 0.00157036 0.99999644 0.00215591 0.02343772 -0.00219212 0.99972290
0.99959716 -0.00535071 -0.02787288 0.00523217 0.99997696 -0.00432387 0.02789537 0.00417629 0.99960212
0.99953733 -0.00590350 -0.02983744 0.00576361 0.99997200 -0.00477213 0.02986478 0.00459795 0.99954337
0.99924437 0.00644148 -0.03832998 -0.00657693 0.99997256 -0.00340876 0.03830697 0.00365828 0.99925932
0.99952120 0.00920166 -0.02954151 -0.00909596 0.99995175 0.00371041 0.02957423 -0.00343993 0.99955667
0.99975009 0.00736805 -0.02110630 -0.00727552 0.99996360 0.00445753 0.02113838 -0.00430285 0.99976730
0.99983236 0.00013271 -0.01830936 -0.00008368 0.99999641 0.00267888 0.01830965 -0.00267689 0.99982878
0.99978350 -0.00160122 -0.02074579 0.00160904 0.99999864 0.00036055 0.02074518 -0.00039385 0.99978472
0.99957929 -0.00305389 -0.02884312 0.00306141 0.99999529 0.00021667 0.02884232 -0.00030488 0.99958393
0.99959825 -0.00283915 -0.02820083 0.00277977 0.99999384 -0.00214446 0.02820675 0.00206521 0.99959998
0.99948870 -0.00577605 -0.03144800 0.00577368 0.99998332 -0.00016620 0.03144844 -0.00001546 0.99950538
0.99934231 -0.00402865 -0.03603762 0.00399959 0.99999162 -0.00087851 0.03604086 0.00073379 0.99935005
0.99933393 0.00044909 -0.03648957 -0.00058011 0.99999342 -0.00358020 0.03648773 0.00359898 0.99932762
0.99919754 0.00492597 -0.03974946 -0.00512710 0.99997456 -0.00495956 0.03972402 0.00515938 0.99919737
0.99919159 0.00127014 -0.04018157 -0.00140160 0.99999376 -0.00324360 0.04017720 0.00329730 0.99918713
0.99910859 -0.00273732 -0.04212513 0.00275894 0.99999609 0.00045502 0.04212372 -0.00057084 0.99911224
0.99917189 0.00070254 -0.04068210 -0.00054953 0.99999273 0.00377200 0.04068446 -0.00374652 0.99916502
0.99927452 0.00488904 -0.03776942 -0.00483428 0.99998713 0.00154096 0.03777647 -0.00135725 0.99928529
0.99920879 -0.00019074 -0.03977130 0.00019117 0.99999998 0.00000704 0.03977129 -0.00001464 0.99920881
0.99909227 -0.00230384 -0.04253616 0.00242382 0.99999323 0.00276947 0.04252950 -0.00287006 0.99909109
0.99906770 -0.00204748 -0.04312242 0.00216967 0.99999376 0.00278689 0.04311644 -0.00287786 0.99906591
0.99923729 0.01126690 -0.03738831 -0.01131056 0.99993558 -0.00095630 0.03737513 0.00137845 0.99930035
0.99916152 0.00541468 -0.04058258 -0.00562080 0.99997187 -0.00496665 0.04055454 0.00519059 0.99916384
0.99917691 -0.00357344 -0.04040703 0.00335794 0.99997978 -0.00539978 0.04042551 0.00525965 0.99916871
0.99921679 -0.00127629 -0.03954959 0.00114431 0.99999370 -0.00335961 0.03955363 0.00331172 0.99921196
0.99924972 0.00082349 -0.03872112 -0.00072676 0.99999658 0.00251218 0.03872306 -0.00248216 0.99924690
0.99940163 0.00769895 -0.03372116 -0.00759108 0.99996566 0.00332579 0.03374561 -0.00306782 0.99942575
0.99951188 0.00251407 -0.03113965 -0.00247673 0.99999617 0.00123768 0.03114265 -0.00115995 0.99951428
0.99952101 0.00225989 -0.03086490 -0.00239305 0.99998799 -0.00427795 0.03085486 0.00434976 0.99951441
0.99961768 -0.00230717 -0.02755296 0.00222857 0.99999336 -0.00288293 0.02755943 0.00282042 0.99961619
0.99970092 0.00206113 -0.02436853 -0.00204706 0.99999772 0.00060241 0.02436971 -0.00055234 0.99970286
0.99967785 0.00410228 -0.02504727 -0.00401901 0.99998623 0.00337376 0.02506076 -0.00327201 0.99968058
0.99976064 0.00253377 -0.02173115 -0.00249461 0.99999522 0.00182887 0.02173568 -0.00177422 0.99976218
0.99976002 0.00027578 -0.02190516 -0.00026737 0.99999989 0.00038708 0.02190526 -0.00038113 0.99975998
0.99978132 -0.00356915 -0.02060509 0.00353811 0.99999255 -0.00154255 0.02061044 0.00146931 0.99978650
0.99982780 -0.00108485 -0.01852569 0.00102554 0.99999432 -0.00321072 0.01852907 0.00319117 0.99982323
0.99988145 0.00001870 -0.01539779 -0.00005535 0.99999717 -0.00237978 0.01539770 0.00238035 0.99987862
0.99992047 -0.00035601 -0.01260624 0.00037140 0.99999919 0.00121818 0.01260580 -0.00122277 0.99991980
0.99995148 0.00262850 -0.00949343 -0.00260913 0.99999449 0.00205242 0.00949877 -0.00202755 0.99995283
0.99998441 0.00419025 -0.00369042 -0.00419050 0.99999122 -0.00006136 0.00369013 0.00007682 0.99999319
0.99999988 -0.00044496 -0.00019246 0.00044528 0.99999850 0.00167136 0.00019172 -0.00167145 0.99999858
0.99999788 0.00163423 0.00124985 -0.00163426 0.99999866 0.00002744 -0.00124981 -0.00002948 0.99999922
0.99999297 0.00087825 0.00364442 -0.00087472 0.99999915 -0.00096845 -0.00364526 0.00096525 0.99999289
0.99999307 -0.00280735 0.00244567 0.00280911 0.99999580 -0.00071649 -0.00244365 0.00072336 0.99999675
0.99999603 -0.00017762 0.00281198 0.00017756 0.99999998 0.00002311 -0.00281199 -0.00002261 0.99999605
0.99999525 0.00078160 0.00298275 -0.00078685 0.99999814 0.00175972 -0.00298137 -0.00176206 0.99999400
0.99999007 0.00043374 0.00443599 -0.00044119 0.99999849 0.00167926 -0.00443526 -0.00168120 0.99998875
0.99996573 0.00356255 0.00747365 -0.00357735 0.99999166 0.00196862 -0.00746657 -0.00199529 0.99997013
0.99998266 0.00058681 0.00585978 -0.00058985 0.99999969 0.00051679 -0.00585947 -0.00052024 0.99998270
0.99998915 -0.00196607 0.00422236 0.00197029 0.99999756 -0.00099594 -0.00422039 0.00100425 0.99999059
0.99998190 0.00057609 0.00598869 -0.00057261 0.99999967 -0.00058269 -0.00598902 0.00057925 0.99998190
0.99998609 -0.00166365 0.00500497 0.00166718 0.99999836 -0.00070162 -0.00500380 0.00070995 0.99998723
0.99997660 -0.00588196 0.00349251 0.00588294 0.99998266 -0.00027126 -0.00349085 0.00029180 0.99999386
0.99998430 -0.00251582 0.00500633 0.00252471 0.99999525 -0.00176949 -0.00500185 0.00178210 0.99998590
0.99997295 -0.00450486 0.00581433 0.00452194 0.99998549 -0.00292706 -0.00580106 0.00295327 0.99997881
0.99997602 -0.00311802 0.00618355 0.00313007 0.99999322 -0.00194041 -0.00617746 0.00195972 0.99997900
0.99998479 0.00006558 0.00551458 -0.00006253 0.99999984 -0.00055386 -0.00551462 0.00055351 0.99998464
0.99996657 -0.00563687 0.00592374 0.00563324 0.99998394 0.00062882 -0.00592718 -0.00059543 0.99998226
0.99997061 -0.00674400 0.00364638 0.00673268 0.99997250 0.00310834 -0.00366724 -0.00308370 0.99998852
0.99996410 -0.00750150 0.00394131 0.00749004 0.99996771 0.00291319 -0.00396304 -0.00288356 0.99998799
0.99996190 -0.00776578 0.00398561 0.00777022 0.99996921 -0.00109996 -0.00397695 0.00113089 0.99999145
0.99996229 0.00130151 0.00858631 -0.00129213 0.99999856 -0.00109773 -0.00858773 0.00108660 0.99996253
0.99997125 0.00263962 0.00710791 -0.00266936 0.99998771 0.00417816 -0.00709680 -0.00419701 0.99996601
0.99997616 -0.00015908 0.00690302 0.00011696 0.99998138 0.00610177 -0.00690386 -0.00610082 0.99995756
0.99994949 0.00488330 0.00878521 -0.00488516 0.99998805 0.00019023 -0.00878418 -0.00023313 0.99996139
0.99995007 0.00484266 0.00874105 -0.00480330 0.99997825 -0.00451878 -0.00876274 0.00447657 0.99995159
0.99993686 0.00249086 0.01095774 -0.00244887 0.99998962 -0.00384340 -0.01096720 0.00381633 0.99993258
0.99992088 0.00493090 0.01157279 -0.00491655 0.99998711 -0.00126873 -0.01157890 0.00121173 0.99993223
0.99991852 0.00055994 0.01275326 -0.00054437 0.99999910 -0.00122452 -0.01275394 0.00121748 0.99991792
0.99991715 -0.00025838 0.01286966 0.00025213 0.99999985 0.00048661 -0.01286978 -0.00048332 0.99991706
0.99991942 0.00558818 0.01139857 -0.00557697 0.99998393 -0.00101442 -0.01140405 0.00095077 0.99993452
0.99992366 0.00382650 0.01174878 -0.00377905 0.99998462 -0.00405874 -0.01176413 0.00401403 0.99992274
0.99994376 0.00440853 0.00964593 -0.00435855 0.99997700 -0.00519614 -0.00966861 0.00515380 0.99993998
0.99996616 0.00411631 0.00712239 -0.00410937 0.99999107 -0.00098865 -0.00712639 0.00095935 0.99997415
0.99993425 0.00786553 0.00834475 -0.00786799 0.99996901 0.00026299 -0.00834242 -0.00032863 0.99996515
0.99997381 0.00009928 0.00723716 -0.00008766 0.99999871 -0.00160568 -0.00723731 0.00160500 0.99997252
0.99996809 0.00335548 0.00724962 -0.00336624 0.99999325 0.00147307 -0.00724463 -0.00149743 0.99997264
0.99998628 0.00082076 0.00517455 -0.00086275 0.99996668 0.00811702 -0.00516772 -0.00812138 0.99995367
0.99998948 0.00068440 0.00453526 -0.00071091 0.99998265 0.00584697 -0.00453118 -0.00585013 0.99997262
0.99999516 0.00090387 0.00297806 -0.00090327 0.99999957 -0.00020085 -0.00297824 0.00019816 0.99999555
0.99998844 0.00465761 0.00119261 -0.00465667 0.99998884 -0.00079109 -0.00119628 0.00078553 0.99999898
0.99999861 -0.00015360 0.00165794 0.00015044 0.99999817 0.00190813 -0.00165823 -0.00190788 0.99999681
0.99998188 -0.00573746 -0.00182506 0.00574674 0.99997038 0.00511913 0.00179563 -0.00512952 0.99998523
0.99999854 -0.00135664 0.00104230 0.00135487 0.99999764 0.00169948 -0.00104460 -0.00169807 0.99999801
0.99998760 -0.00490585 0.00085587 0.00490541 0.99998784 0.00051031 -0.00085836 -0.00050610 0.99999950
0.99998742 -0.00447945 -0.00225816 0.00448029 0.99998990 0.00036753 0.00225649 -0.00037764 0.99999738
0.99999830 -0.00149276 -0.00108258 0.00149523 0.99999628 0.00228070 0.00107918 -0.00228231 0.99999681
0.99999931 -0.00095785 -0.00067645 0.00095863 0.99999888 0.00114778 0.00067535 -0.00114842 0.99999911
0.99999317 -0.00350880 -0.00116392 0.00350712 0.99999281 -0.00144408 0.00116898 0.00143999 0.99999828
0.99995777 -0.00908055 -0.00141814 0.00907128 0.99993828 -0.00641420 0.00147630 0.00640106 0.99997842
0.99996730 -0.00779358 -0.00215639 0.00778473 0.99996137 -0.00408114 0.00218811 0.00406422 0.99998935
0.99998043 -0.00573698 -0.00249503 0.00574547 0.99997768 0.00340952 0.00247541 -0.00342379 0.99999107
0.99998227 -0.00573842 -0.00158863 0.00574254 0.99998012 0.00260479 0.00157365 -0.00261387 0.99999535
0.99999817 -0.00178017 -0.00070100 0.00178093 0.99999782 0.00109375 0.00069905 -0.00109500 0.99999916
0.99999776 -0.00205043 0.00052751 0.00205045 0.99999790 -0.00003740 -0.00052744 0.00003848 0.99999986
0.99999321 0.00316964 0.00188111 -0.00316835 0.99999475 -0.00068474 -0.00188327 0.00067878 0.99999800
0.99999810 0.00185204 0.00060890 -0.00185152 0.99999792 -0.00085324 -0.00061047 0.00085211 0.99999945
0.99999591 0.00059233 0.00279799 -0.00058682 0.99999789 -0.00197059 -0.00279915 0.00196894 0.99999414
0.99999896 0.00053179 0.00134307 -0.00053171 0.99999986 -0.00005941 -0.00134310 0.00005870 0.99999910
0.99999769 -0.00206736 0.00058657 0.00206701 0.99999769 0.00059572 -0.00058780 -0.00059451 0.99999965
0.99999951 -0.00098086 -0.00011408 0.00098068 0.99999827 -0.00158176 0.00011564 0.00158165 0.99999874
0.99999887 -0.00147052 0.00031383 0.00147006 0.99999788 0.00144202 -0.00031595 -0.00144156 0.99999891
0.99999922 0.00091485 0.00084934 -0.00091654 0.99999761 0.00198379 -0.00084752 -0.00198457 0.99999767
0.99999921 -0.00002933 0.00125861 0.00003018 0.99999977 -0.00067885 -0.00125859 0.00067889 0.99999898
0.99999910 0.00131448 -0.00025244 -0.00131468 0.99999880 -0.00081716 0.00025136 0.00081749 0.99999963
0.99999972 0.00072425 0.00019303 -0.00072457 0.99999837 0.00165105 -0.00019184 -0.00165119 0.99999862
0.99999721 0.00235782 0.00011553 -0.00235784 0.99999721 0.00012767 -0.00011523 -0.00012794 0.99999999
0.99999754 0.00039628 -0.00218148 -0.00039651 0.99999992 -0.00010155 0.00218144 0.00010241 0.99999762
0.99999931 -0.00112089 -0.00034276 0.00112205 0.99999352 0.00341984 0.00033893 -0.00342022 0.99999409
0.99999841 -0.00138840 -0.00112182 0.00138947 0.99999858 0.00095348 0.00112050 -0.00095504 0.99999892
0.99999367 0.00309249 -0.00176245 -0.00309780 0.99999066 -0.00301429 0.00175312 0.00301973 0.99999390
1.00000000 -0.00005606 -0.00005486 0.00005583 0.99999153 -0.00411559 0.00005509 0.00411559 0.99999153
0.99998729 0.00465245 0.00194468 -0.00465238 0.99998918 -0.00003893 -0.00194484 0.00002989 0.99999811
0.99999313 0.00370446 -0.00014723 -0.00370435 0.99999286 0.00075294 0.00015002 -0.00075239 0.99999971
0.99999920 -0.00124561 -0.00023529 0.00124646 0.99999257 0.00364873 0.00023074 -0.00364902 0.99999332
0.99999895 -0.00019241 0.00143342 0.00018950 0.99999792 0.00202839 -0.00143381 -0.00202812 0.99999692
0.99999703 -0.00124738 0.00209263 0.00125101 0.99999771 -0.00173723 -0.00209046 0.00173984 0.99999630
0.99999940 -0.00047974 0.00098263 0.00048099 0.99999907 -0.00127253 -0.00098201 0.00127300 0.99999871
0.99999711 0.00203802 0.00127348 -0.00203693 0.99999756 -0.00085524 -0.00127522 0.00085264 0.99999882
0.99999987 -0.00042141 0.00027195 0.00042181 0.99999885 -0.00145843 -0.00027134 0.00145854 0.99999890
0.99999989 0.00027279 0.00039329 -0.00027231 0.99999920 -0.00123614 -0.00039363 0.00123603 0.99999916
0.99999956 -0.00027624 0.00089501 0.00027655 0.99999990 -0.00034631 -0.00089492 0.00034656 0.99999954
0.99999991 -0.00029932 -0.00031596 0.00029979 0.99999884 0.00149382 0.00031551 -0.00149392 0.99999883
0.99999919 0.00111475 0.00060660 -0.00111625 0.99999631 0.00247861 -0.00060384 -0.00247929 0.99999674
0.99999975 -0.00004426 0.00070486 0.00004271 0.99999757 0.00220259 -0.00070496 -0.00220256 0.99999733
0.99999745 0.00190786 -0.00120457 -0.00190826 0.99999812 -0.00033477 0.00120393 0.00033707 0.99999922
0.99999608 -0.00279950 -0.00005754 0.00279951 0.99999603 0.00031347 0.00005666 -0.00031363 0.99999995
0.99999854 0.00163067 -0.00051990 -0.00163075 0.99999866 -0.00014532 0.00051966 0.00014617 0.99999985
0.99999332 -0.00346205 -0.00117214 0.00345411 0.99997151 -0.00671165 0.00119534 0.00670755 0.99997679
0.99999429 -0.00316974 -0.00117161 0.00316442 0.99998480 -0.00451515 0.00118590 0.00451142 0.99998912
0.99998935 -0.00456717 -0.00066546 0.00456880 0.99998652 0.00246739 0.00065418 -0.00247040 0.99999673
0.99999580 0.00256097 -0.00135962 -0.00255511 0.99998751 0.00429513 0.00137060 -0.00429164 0.99998985
0.99999903 -0.00087968 -0.00107564 0.00087990 0.99999959 0.00020356 0.00107546 -0.00020451 0.99999940
0.99996947 0.00780584 0.00035045 -0.00780473 0.99996492 -0.00304173 -0.00037418 0.00303890 0.99999531
0.99999229 0.00324823 -0.00220629 -0.00324474 0.99999348 0.00158636 0.00221143 -0.00157919 0.99999631
0.99999986 0.00025469 -0.00046979 -0.00025486 0.99999991 -0.00035081 0.00046970 0.00035093 0.99999983
0.99999977 -0.00064976 -0.00016749 0.00064894 0.99998797 -0.00486277 0.00017065 0.00486266 0.99998816
0.99999821 -0.00063507 0.00178158 0.00064115 0.99999397 -0.00341416 -0.00177940 0.00341529 0.99999258
0.99999437 0.00299310 0.00151885 -0.00299539 0.99999438 0.00150364 -0.00151434 -0.00150818 0.99999772
0.99999679 0.00250355 0.00038693 -0.00250485 0.99999112 0.00338807 -0.00037845 -0.00338903 0.99999419
0.99999115 0.00413053 0.00079473 -0.00413127 0.99999103 0.00093153 -0.00079087 -0.00093481 0.99999925
0.99999989 -0.00025572 0.00038152 0.00025588 0.99999988 -0.00041873 -0.00038141 0.00041883 0.99999984
0.99999908 -0.00024154 -0.00133587 0.00023781 0.99999608 -0.00279036 0.00133654 0.00279004 0.99999521
0.99999966 -0.00054246 -0.00062887 0.00053986 0.99999133 -0.00412854 0.00063110 0.00412820 0.99999128
0.99999920 0.00107873 0.00066429 -0.00107727 0.99999704 -0.00218272 -0.00066664 0.00218200 0.99999740
0.99999997 0.00026156 0.00001330 -0.00026160 0.99999587 0.00286166 -0.00001255 -0.00286166 0.99999591
0.99999967 0.00065794 -0.00046798 -0.00065677 0.99999669 0.00248836 0.00046962 -0.00248805 0.99999679
0.99999962 0.00060561 0.00062680 -0.00060717 0.99999671 0.00249292 -0.00062529 -0.00249330 0.99999670
0.99999805 -0.00143715 0.00135571 0.00143714 0.99999897 0.00000466 -0.00135571 -0.00000271 0.99999908
0.99999951 -0.00097736 0.00015826 0.00097788 0.99999402 -0.00331758 -0.00015502 0.00331774 0.99999448
0.99999862 -0.00161190 -0.00041180 0.00161025 0.99999073 -0.00399390 0.00041823 0.00399323 0.99999194
0.99999992 0.00037919 -0.00015087 -0.00037948 0.99999813 -0.00189522 0.00015015 0.00189527 0.99999819
0.99999996 0.00001689 0.00027862 -0.00001705 0.99999983 0.00057846 -0.00027861 -0.00057847 0.99999979
0.99999857 0.00102302 0.00134711 -0.00102445 0.99999891 0.00106281 -0.00134602 -0.00106419 0.99999853
0.99999986 0.00050302 0.00018773 -0.00050286 0.99999950 -0.00086775 -0.00018817 0.00086766 0.99999961
0.99999851 -0.00169478 0.00033231 0.00169487 0.99999853 -0.00027268 -0.00033185 0.00027324 0.99999991
0.99999723 -0.00187018 0.00142742 0.00186701 0.99999581 0.00221286 -0.00143155 -0.00221019 0.99999653
0.99999947 -0.00016459 0.00101924 0.00016217 0.99999715 0.00238053 -0.00101963 -0.00238037 0.99999665
0.99999920 -0.00071389 0.00104675 0.00071352 0.99999968 0.00035148 -0.00104700 -0.00035073 0.99999939
0.99999683 -0.00052133 0.00246301 0.00052762 0.99999659 -0.00255670 -0.00246167 0.00255800 0.99999370
0.99999956 -0.00010543 0.00093261 0.00010816 0.99999573 -0.00291898 -0.00093230 0.00291908 0.99999530
0.99999906 -0.00129727 0.00043380 0.00129823 0.99999669 -0.00222274 -0.00043091 0.00222330 0.99999744
0.99999964 -0.00079442 0.00029309 0.00079401 0.99999870 0.00140290 -0.00029420 -0.00140267 0.99999897
0.99999583 0.00266804 0.00110599 -0.00266486 0.99999235 -0.00286355 -0.00111362 0.00286060 0.99999529
0.99999827 -0.00184552 0.00024513 0.00184636 0.99999224 -0.00347952 -0.00023871 0.00347997 0.99999392
0.99999921 -0.00122720 -0.00025831 0.00122668 0.99999727 -0.00198627 0.00026074 0.00198595 0.99999799
0.99999447 0.00258895 -0.00208536 -0.00258661 0.99999602 0.00112689 0.00208827 -0.00112149 0.99999719
0.99999366 0.00351656 -0.00055950 -0.00351550 0.99999203 0.00189138 0.00056615 -0.00188940 0.99999805
0.99998664 0.00515205 -0.00041781 -0.00515266 0.99998565 -0.00146882 0.00041024 0.00147096 0.99999883
0.99998295 0.00571148 0.00121400 -0.00571142 0.99998369 -0.00005660 -0.00121431 0.00004966 0.99999926
0.99999889 0.00004430 -0.00148743 -0.00004525 0.99999980 -0.00063777 0.00148741 0.00063783 0.99999869
0.99999327 -0.00028950 -0.00365657 0.00028772 0.99999984 -0.00048676 0.00365671 0.00048571 0.99999320
0.99999756 0.00183315 -0.00122956 -0.00183571 0.99999614 -0.00208517 0.00122574 0.00208742 0.99999707
0.99999235 0.00170224 -0.00352103 -0.00170464 0.99999832 -0.00067887 0.00351987 0.00068487 0.99999357
0.99998225 0.00533812 -0.00264729 -0.00533150 0.99998267 0.00249844 0.00266058 -0.00248428 0.99999337
0.99998972 0.00328017 -0.00313000 -0.00327036 0.99998974 0.00313399 0.00314025 -0.00312373 0.99999019
0.99999567 0.00266548 -0.00124982 -0.00266802 0.99999437 -0.00203354 0.00124439 0.00203686 0.99999715
0.99999649 0.00132950 -0.00229085 -0.00133551 0.99999566 -0.00262478 0.00228735 0.00262783 0.99999393
0.99999826 -0.00019164 -0.00185424 0.00018931 0.99999919 -0.00125874 0.00185448 0.00125838 0.99999749
0.99999668 0.00049419 -0.00252714 -0.00048610 0.99999476 0.00320076 0.00252871 -0.00319952 0.99999168
0.99999470 0.00034449 -0.00323733 -0.00033712 0.99999735 0.00227760 0.00323811 -0.00227649 0.99999217
0.99999747 0.00027350 -0.00223104 -0.00027520 0.99999967 -0.00076185 0.00223083 0.00076246 0.99999722
0.99999465 -0.00212852 -0.00248321 0.00213034 0.99999746 0.00073044 0.00248165 -0.00073573 0.99999665
0.99999459 0.00256136 -0.00206608 -0.00255953 0.99999633 0.00088718 0.00206835 -0.00088188 0.99999747
0.99999768 0.00038716 -0.00212011 -0.00038694 0.99999992 0.00010347 0.00212015 -0.00010265 0.99999775
0.99999574 0.00267562 -0.00117008 -0.00267561 0.99999642 0.00001217 0.00117011 -0.00000904 0.99999932
0.99999289 0.00331177 -0.00180522 -0.00331482 0.99999308 -0.00168864 0.00179961 0.00169461 0.99999694
0.99999592 0.00146926 -0.00245071 -0.00147134 0.99999856 -0.00084951 0.00244946 0.00085312 0.99999664
0.99999718 0.00232413 -0.00049438 -0.00232367 0.99999687 0.00092392 0.00049652 -0.00092276 0.99999945
0.99999587 0.00282436 -0.00053932 -0.00282427 0.99999600 0.00017514 0.00053982 -0.00017361 0.99999984
0.99999662 0.00207061 -0.00157250 -0.00207381 0.99999577 -0.00203903 0.00156827 0.00204229 0.99999668
0.99999158 0.00004290 -0.00410230 -0.00004422 0.99999995 -0.00032312 0.00410229 0.00032330 0.99999153
0.99999698 -0.00118620 -0.00215259 0.00118801 0.99999894 0.00083837 0.00215159 -0.00084092 0.99999733
0.99999730 0.00008613 -0.00232075 -0.00008687 0.99999995 -0.00031920 0.00232072 0.00031941 0.99999726
0.99999507 -0.00261549 -0.00173813 0.00261101 0.99999327 -0.00257780 0.00174487 0.00257325 0.99999517
0.99999826 0.00104161 -0.00154818 -0.00104289 0.99999911 -0.00082658 0.00154732 0.00082819 0.99999846
0.99997859 -0.00640889 -0.00132104 0.00640767 0.99997904 -0.00092585 0.00132694 0.00091736 0.99999870
0.99999456 0.00309049 -0.00115567 -0.00309054 0.99999522 -0.00004539 0.00115553 0.00004896 0.99999933
0.99999697 0.00216850 -0.00116355 -0.00217074 0.99999579 -0.00192512 0.00115937 0.00192764 0.99999747
0.99994719 0.01025392 0.00069270 -0.01025511 0.99994591 0.00173656 -0.00067486 -0.00174357 0.99999825
0.99999639 0.00228756 0.00141031 -0.00228990 0.99999600 0.00166250 -0.00140650 -0.00166572 0.99999762
0.99998962 -0.00455706 0.00003359 0.00455709 0.99998928 -0.00082454 -0.00002983 0.00082469 0.99999966
0.99999497 0.00317039 0.00002331 -0.00317032 0.99999148 -0.00264424 -0.00003170 0.00264415 0.99999650
0.99999314 -0.00368736 0.00035703 0.00368759 0.99999300 -0.00063213 -0.00035470 0.00063344 0.99999974
0.99999576 0.00082240 0.00279314 -0.00082469 0.99999932 0.00082034 -0.00279246 -0.00082264 0.99999576
0.99999109 0.00304830 0.00292178 -0.00305245 0.99999434 0.00141592 -0.00291744 -0.00142483 0.99999473
0.99998791 0.00401427 0.00283995 -0.00402068 0.99998938 0.00225473 -0.00283087 -0.00226613 0.99999343
0.99999450 0.00196535 0.00267024 -0.00196517 0.99999807 -0.00006830 -0.00267037 0.00006305 0.99999643
0.99998589 0.00194972 0.00494193 -0.00193158 0.99999139 -0.00367248 -0.00494904 0.00366288 0.99998104
0.99998723 -0.00248836 0.00439945 0.00249174 0.99999660 -0.00076369 -0.00439754 0.00077464 0.99999003
0.99998457 -0.00038155 0.00554265 0.00038036 0.99999990 0.00021641 -0.00554273 -0.00021430 0.99998462
0.99998967 0.00334153 0.00308105 -0.00333548 0.99999250 -0.00196596 -0.00308759 0.00195566 0.99999332
0.99996051 -0.00387761 0.00799609 0.00390439 0.99998681 -0.00333625 -0.00798305 0.00336734 0.99996247
0.99996821 0.00278837 0.00747083 -0.00277165 0.99999363 -0.00224763 -0.00747705 0.00222685 0.99996957
0.99998173 -0.00073983 0.00599955 0.00071073 0.99998798 0.00485186 -0.00600306 -0.00484750 0.99997023
0.99997923 -0.00129285 0.00631339 0.00127239 0.99999393 0.00324501 -0.00631755 -0.00323691 0.99997481
0.99996929 0.00349351 0.00701573 -0.00347674 0.99999107 -0.00240219 -0.00702405 0.00237773 0.99997250
0.99998472 -0.00145991 0.00533136 0.00148168 0.99999057 -0.00408158 -0.00532535 0.00408941 0.99997746
0.99997486 0.00243231 0.00666128 -0.00242512 0.99999647 -0.00108661 -0.00666390 0.00107043 0.99997722
0.99998756 -0.00288960 0.00406573 0.00287840 0.99999206 0.00275635 -0.00407366 -0.00274461 0.99998794
0.99999759 -0.00039822 0.00215679 0.00040692 0.99999179 -0.00403283 -0.00215517 0.00403370 0.99998954
0.99999195 0.00392809 0.00082355 -0.00392330 0.99997580 -0.00574438 -0.00084609 0.00574110 0.99998316
0.99999180 0.00227720 0.00334841 -0.00227424 0.99999702 -0.00088895 -0.00335043 0.00088133 0.99999400
0.99999952 -0.00093310 0.00029483 0.00093200 0.99999281 0.00367706 -0.00029826 -0.00367678 0.99999320
0.99999844 -0.00069583 -0.00162259 0.00069839 0.99999851 0.00157694 0.00162149 -0.00157807 0.99999744
0.99999652 -0.00216972 0.00150031 0.00217159 0.99999687 -0.00124351 -0.00149761 0.00124677 0.99999810
0.99999873 -0.00119635 -0.00105065 0.00119045 0.99998364 -0.00559492 0.00105733 0.00559366 0.99998380
0.99999825 -0.00176551 -0.00062063 0.00176159 0.99997886 -0.00625903 0.00063167 0.00625793 0.99998022
0.99999860 -0.00164599 -0.00031729 0.00164486 0.99999243 -0.00352508 0.00032309 0.00352456 0.99999374
0.99998381 -0.00535617 -0.00192334 0.00535826 0.99998506 0.00108516 0.00191750 -0.00109545 0.99999756
0.99997571 -0.00559679 -0.00415335 0.00559617 0.99998433 -0.00016075 0.00415419 0.00013750 0.99999136
0.99999638 -0.00260815 -0.00066436 0.00260897 0.99999583 0.00124152 0.00066112 -0.00124325 0.99999901
0.99999132 -0.00183001 -0.00374257 0.00183873 0.99999560 0.00232787 0.00373830 -0.00233473 0.99999029
0.99996554 -0.00610373 -0.00562750 0.00612472 0.99997433 0.00371871 0.00560466 -0.00375305 0.99997725
0.99999796 -0.00068888 -0.00189675 0.00069521 0.99999420 0.00333468 0.00189445 -0.00333599 0.99999264
0.99998471 -0.00255413 -0.00490454 0.00253926 0.99999216 -0.00303706 0.00491226 0.00302456 0.99998336
0.99999051 -0.00249806 -0.00356868 0.00246953 0.99996513 -0.00797688 0.00358848 0.00796799 0.99996182
0.99996713 -0.00581856 -0.00564684 0.00577829 0.99995795 -0.00712171 0.00568804 0.00708885 0.99995870
0.99998558 -0.00126672 -0.00521908 0.00126496 0.99999914 -0.00034140 0.00521951 0.00033479 0.99998632
0.99998438 -0.00286780 -0.00479659 0.00289506 0.99997965 0.00568497 0.00478019 -0.00569877 0.99997234
0.99999465 0.00197402 -0.00260841 -0.00196434 0.99999119 0.00370938 0.00261571 -0.00370423 0.99998972
0.99999682 0.00250992 -0.00025573 -0.00250908 0.99999165 0.00322655 0.00026382 -0.00322589 0.99999476
0.99999783 -0.00150654 -0.00143751 0.00150604 0.99999881 -0.00034415 0.00143803 0.00034199 0.99999891
0.99999756 -0.00148898 -0.00163159 0.00148143 0.99998824 -0.00461771 0.00163845 0.00461528 0.99998801
0.99999716 -0.00220157 -0.00091117 0.00219677 0.99998390 -0.00523181 0.00092268 0.00522979 0.99998590
0.99999698 -0.00164832 -0.00182405 0.00164322 0.99999474 -0.00279537 0.00182864 0.00279236 0.99999443
0.99999650 -0.00238014 -0.00115561 0.00238066 0.99999706 0.00045179 0.00115453 -0.00045454 0.99999923
0.99999991 0.00002986 -0.00041407 -0.00002876 0.99999645 0.00266372 0.00041415 -0.00266371 0.99999637
0.99999591 -0.00277286 -0.00070191 0.00277361 0.99999559 0.00106081 0.00069896 -0.00106275 0.99999919
0.99999460 -0.00317871 -0.00083432 0.00317947 0.99999453 0.00091155 0.00083141 -0.00091420 0.99999924
0.99999644 -0.00251246 -0.00090036 0.00251287 0.99999674 0.00046082 0.00089920 -0.00046308 0.99999949
0.99999549 -0.00282812 -0.00100821 0.00283018 0.99999390 0.00204578 0.00100242 -0.00204863 0.99999740
0.99999544 -0.00263269 -0.00148016 0.00263435 0.99999590 0.00112100 0.00147721 -0.00112490 0.99999828
0.99999987 -0.00043162 -0.00028011 0.00043134 0.99999940 -0.00100421 0.00028055 0.00100409 0.99999946
0.99999536 -0.00291260 -0.00089079 0.00291338 0.99999538 0.00086810 0.00088825 -0.00087069 0.99999923
0.99999799 -0.00200375 0.00004428 0.00200369 0.99999691 0.00146878 -0.00004722 -0.00146869 0.99999892
0.99999707 -0.00216811 -0.00107530 0.00216529 0.99999421 -0.00262415 0.00108098 0.00262182 0.99999598
0.99999611 -0.00112200 -0.00255423 0.00110589 0.99997953 -0.00630168 0.00256125 0.00629883 0.99997688
0.99999938 -0.00106212 -0.00033005 0.00106081 0.99999168 -0.00393867 0.00033423 0.00393832 0.99999219
0.99999993 -0.00034935 -0.00013640 0.00034940 0.99999987 0.00036959 0.00013627 -0.00036964 0.99999992
0.99999721 -0.00170501 -0.00163771 0.00170576 0.99999844 0.00045837 0.00163692 -0.00046117 0.99999855
0.99999835 0.00173219 0.00054652 -0.00173166 0.99999802 -0.00098147 -0.00054822 0.00098052 0.99999937
0.99999764 -0.00214062 0.00036686 0.00214115 0.99999664 -0.00145958 -0.00036374 0.00146037 0.99999887
0.99999904 0.00068762 0.00120237 -0.00068999 0.99999781 0.00197596 -0.00120101 -0.00197678 0.99999732
0.99999832 0.00054026 -0.00175305 -0.00053958 0.99999978 0.00038872 0.00175326 -0.00038778 0.99999839
0.99999581 -0.00275601 -0.00088464 0.00275856 0.99999201 0.00289265 0.00087666 -0.00289508 0.99999542
0.99999014 -0.00438214 -0.00071806 0.00438299 0.99998968 0.00119250 0.00071283 -0.00119563 0.99999903
0.99999995 0.00014946 -0.00028954 -0.00014971 0.99999962 -0.00085663 0.00028941 0.00085667 0.99999959
0.99999994 0.00033856 -0.00003346 -0.00033873 0.99998585 -0.00530883 0.00003166 0.00530884 0.99998591
0.99999925 0.00121877 -0.00014563 -0.00121953 0.99998511 -0.00531843 0.00013915 0.00531861 0.99998585
0.99999958 0.00066485 -0.00062392 -0.00066546 0.99999931 -0.00096994 0.00062328 0.00097035 0.99999933
0.99999964 0.00078416 -0.00033563 -0.00078351 0.99999784 0.00192641 0.00033714 -0.00192615 0.99999809
0.99999926 -0.00098342 -0.00071235 0.00098373 0.99999942 0.00043810 0.00071192 -0.00043880 0.99999965
0.99999966 -0.00038112 0.00073578 0.00038381 0.99999325 -0.00365448 -0.00073438 0.00365477 0.99999305
0.99999950 0.00093728 -0.00036011 -0.00093793 0.99999790 -0.00182034 0.00035840 0.00182068 0.99999828
0.99999970 0.00038987 -0.00066292 -0.00038915 0.99999934 0.00108061 0.00066334 -0.00108035 0.99999920
0.99999391 -0.00341945 0.00069910 0.00341686 0.99998743 0.00366816 -0.00071164 -0.00366575 0.99999303
0.99999309 -0.00348960 0.00127824 0.00348586 0.99998967 0.00291672 -0.00128840 -0.00291224 0.99999493
0.99998750 -0.00499684 -0.00017358 0.00499644 0.99998503 -0.00222937 0.00018472 0.00222847 0.99999750
0.99999594 -0.00269487 -0.00092129 0.00269072 0.99998632 -0.00448541 0.00093337 0.00448292 0.99998952
0.99999937 0.00111222 0.00013481 -0.00111193 0.99999714 -0.00211754 -0.00013717 0.00211739 0.99999775
0.99999758 0.00220110 0.00006407 -0.00220094 0.99999468 -0.00240755 -0.00006937 0.00240741 0.99999710
0.99999627 0.00271657 -0.00028512 -0.00271699 0.99999518 -0.00150081 0.00028104 0.00150158 0.99999883
0.99999659 0.00234945 0.00113706 -0.00234526 0.99999050 -0.00367319 -0.00114568 0.00367051 0.99999261
0.99999789 0.00199094 0.00050976 -0.00199014 0.99999680 -0.00156369 -0.00051288 0.00156267 0.99999865
0.99999933 0.00051083 0.00103448 -0.00051219 0.99999900 0.00131707 -0.00103381 -0.00131760 0.99999860
0.99999787 0.00177137 0.00106090 -0.00177397 0.99999540 0.00246173 -0.00105653 -0.00246361 0.99999641
0.99999661 0.00235414 0.00111562 -0.00235468 0.99999711 0.00047625 -0.00111449 -0.00047888 0.99999926
0.99999735 0.00142162 0.00180969 -0.00141817 0.99999718 -0.00190668 -0.00181240 0.00190411 0.99999654
0.99999299 0.00140826 0.00347027 -0.00140083 0.99999672 -0.00214249 -0.00347327 0.00213761 0.99999168
0.99999879 -0.00129037 0.00086372 0.00128898 0.99999789 0.00159839 -0.00086578 -0.00159728 0.99999835
0.99999696 -0.00204295 0.00137841 0.00203687 0.99998825 0.00439811 -0.00138738 -0.00439529 0.99998938
0.99999771 -0.00169970 0.00129895 0.00169897 0.99999840 0.00056498 -0.00129991 -0.00056277 0.99999900
0.99999739 -0.00203369 0.00104578 0.00203430 0.99999776 -0.00057754 -0.00104460 0.00057967 0.99999929
0.99999795 0.00202243 0.00011687 -0.00202219 0.99999580 -0.00207646 -0.00012107 0.00207622 0.99999784
0.99999516 -0.00149493 -0.00272979 0.00151272 0.99997756 0.00652684 0.00271997 -0.00653093 0.99997497
0.99999459 0.00325269 -0.00048302 -0.00324902 0.99996719 0.00742070 0.00050714 -0.00741909 0.99997235
0.99999833 0.00154480 -0.00097172 -0.00154600 0.99999804 -0.00123722 0.00096981 0.00123872 0.99999876
0.99999776 0.00107754 -0.00181915 -0.00108162 0.99999690 -0.00224070 0.00181673 0.00224266 0.99999583
0.99999974 -0.00001858 -0.00072183 0.00001943 0.99999930 0.00118674 0.00072180 -0.00118675 0.99999904
0.99999941 0.00030114 -0.00104052 -0.00030129 0.99999994 -0.00014412 0.00104048 0.00014443 0.99999945
0.99999664 0.00234680 -0.00110107 -0.00234911 0.99999504 -0.00210031 0.00109613 0.00210289 0.99999719
0.99999313 0.00269071 -0.00254829 -0.00270056 0.99998888 -0.00386716 0.00253785 0.00387401 0.99998928
0.99999000 0.00436260 -0.00097896 -0.00436464 0.99998829 -0.00209162 0.00096983 0.00209587 0.99999733
0.99999882 -0.00138574 -0.00066580 0.00138940 0.99998380 0.00552043 0.00065814 -0.00552135 0.99998454
0.99999770 0.00199722 -0.00078063 -0.00199457 0.99999229 0.00338361 0.00078738 -0.00338205 0.99999397
0.99999725 0.00211328 0.00101587 -0.00211031 0.99999352 -0.00291602 -0.00102202 0.00291387 0.99999523
0.99999796 0.00197637 -0.00040831 -0.00197505 0.99999292 0.00320192 0.00041464 -0.00320111 0.99999479
0.99999892 0.00079322 0.00123323 -0.00079714 0.99999464 0.00317711 -0.00123070 -0.00317809 0.99999419
0.99999746 -0.00220821 0.00044602 0.00220851 0.99999734 -0.00066302 -0.00044456 0.00066400 0.99999968
0.99999353 -0.00358583 0.00028692 0.00358643 0.99999132 -0.00212056 -0.00027931 0.00212158 0.99999771
0.99999961 -0.00088130 -0.00007066 0.00088136 0.99999927 0.00082192 0.00006993 -0.00082198 0.99999966
0.99999950 -0.00092955 0.00037702 0.00092849 0.99999568 0.00278909 -0.00037961 -0.00278873 0.99999604
