1.00000000 0.00000000 0.00000000 0.00000000 1.00000000 0.00000000 0.00000000 0.00000000 1.00000000
0.99976240 -0.00175757 -0.02172690 0.00175575 0.99999845 -0.00010291 0.02172705 0.00006474 0.99976394
0.99974988 -0.00304421 -0.02215648 0.00305067 0.99999531 0.00025760 0.02215560 -0.00032512 0.99975448
0.99970977 -0.00370176 -0.02380472 0.00367108 0.99999237 -0.00133226 0.02380947 0.00124448 0.99971574
0.99967681 -0.00782483 -0.02418778 0.00779079 0.99996852 -0.00150117 0.02419876 0.00131224 0.99970631
0.99974354 -0.00671752 -0.02162683 0.00670420 0.99997729 -0.00068828 0.02163097 0.00054312 0.99976588
0.99973290 0.00148967 -0.02306317 -0.00143224 0.99999583 0.00250658 0.02306681 -0.00247288 0.99973087
0.99971476 0.00174374 -0.02381916 -0.00171292 0.99999767 0.00131442 0.02382140 -0.00127325 0.99971542
0.99973660 -0.00238725 -0.02282620 0.00235510 0.99999620 -0.00143524 0.02282954 0.00138111 0.99973842
0.99974145 -0.00529088 -0.02211411 0.00521609 0.99998049 -0.00343817 0.02213187 0.00332194 0.99974954
0.99974762 -0.00558845 -0.02175929 0.00545786 0.99996677 -0.00605631 0.02179241 0.00593603 0.99974489
0.99977730 -0.00300078 -0.02088882 0.00290865 0.99998592 -0.00443931 0.02090185 0.00437756 0.99977195
0.99982320 -0.00247386 -0.01863997 0.00239582 0.99998828 -0.00420779 0.01865016 0.00416238 0.99981741
0.99981679 -0.00047190 -0.01913551 0.00043250 0.99999778 -0.00206328 0.01913644 0.00205463 0.99981477
0.99978503 -0.00508723 -0.02010007 0.00504701 0.99998516 -0.00205118 0.02011021 0.00194929 0.99979587
0.99977077 -0.00874929 -0.01954094 0.00873496 0.99996151 -0.00081859 0.01954735 0.00064771 0.99980872
0.99971454 -0.01072143 -0.02135151 0.01071700 0.99994252 -0.00032217 0.02135373 0.00009325 0.99977198
0.99973625 -0.00548526 -0.02230098 0.00545555 0.99998415 -0.00139303 0.02230827 0.00127100 0.99975033
0.99975396 -0.00499082 -0.02161271 0.00495720 0.99998642 -0.00160921 0.02162044 0.00150168 0.99976512
0.99974897 -0.00209681 -0.02230697 0.00206040 0.99999651 -0.00165522 0.02231036 0.00160884 0.99974980
0.99972783 -0.00185284 -0.02325578 0.00174497 0.99998763 -0.00465776 0.02326412 0.00461591 0.99971870
0.99971917 0.00288651 -0.02352144 -0.00299470 0.99998509 -0.00456552 0.02350791 0.00463468 0.99971291
0.99969624 -0.00116832 -0.02461840 0.00104848 0.99998754 -0.00488023 0.02462379 0.00485293 0.99968501
0.99965946 -0.00824532 -0.02475838 0.00808488 0.99994571 -0.00657343 0.02481124 0.00637102 0.99967185
0.99968254 -0.00708556 -0.02417885 0.00695233 0.99996021 -0.00558978 0.02421750 0.00541991 0.99969202
0.99970750 -0.00268907 -0.02403505 0.00257247 0.99998478 -0.00488089 0.02404781 0.00481763 0.99969920
0.99976506 0.00169155 -0.02160928 -0.00176568 0.99999262 -0.00341183 0.02160335 0.00344918 0.99976067
0.99980981 0.00587749 -0.01859580 -0.00591429 0.99998066 -0.00192459 0.01858413 0.00203421 0.99982523
0.99986423 0.00316714 -0.01617062 -0.00319873 0.99999302 -0.00192847 0.01616440 0.00197993 0.99986739
0.99988727 -0.00067801 -0.01499937 0.00064996 0.99999803 -0.00187477 0.01500061 0.00186481 0.99988575
0.99988553 -0.00296537 -0.01483700 0.00293802 0.99999395 -0.00186478 0.01484244 0.00182098 0.99988819
0.99986802 -0.00507173 -0.01543418 0.00505059 0.99998625 -0.00140800 0.01544111 0.00132986 0.99987989
0.99988273 0.00001045 -0.01531407 -0.00000952 1.00000000 0.00006056 0.01531407 -0.00006040 0.99988273
0.99989827 0.00088614 -0.01423583 -0.00091973 0.99999681 -0.00235336 0.01423370 0.00236621 0.99989590
0.99988604 -0.00100919 -0.01506279 0.00094950 0.99999167 -0.00396966 0.01506667 0.00395491 0.99987867
0.99988453 -0.00406591 -0.01464244 0.00403310 0.99998929 -0.00226951 0.01465151 0.00221019 0.99989022
0.99989883 -0.00170505 -0.01412179 0.00167857 0.99999681 -0.00188638 0.01412496 0.00186249 0.99989850
0.99992043 -0.00027942 -0.01261180 0.00027157 0.99999977 -0.00062376 0.01261197 0.00062029 0.99992027
0.99994848 -0.00383949 -0.00939666 0.00382298 0.99999112 -0.00177444 0.00940339 0.00173842 0.99995428
0.99998210 -0.00076098 -0.00593545 0.00073294 0.99998857 -0.00472391 0.00593898 0.00471948 0.99997123
0.99999384 0.00302941 -0.00177123 -0.00303847 0.99998220 -0.00513476 0.00175565 0.00514011 0.99998525
0.99998629 0.00505581 0.00136220 -0.00505084 0.99998065 -0.00363032 -0.00138053 0.00362339 0.99999248
0.99999442 -0.00005932 0.00334159 0.00006536 0.99999836 -0.00180731 -0.00334148 0.00180752 0.99999278
0.99998946 0.00043017 0.00457096 -0.00042789 0.99999978 -0.00049797 -0.00457118 0.00049601 0.99998943
0.99997802 0.00463137 0.00474341 -0.00463169 0.99998927 0.00005672 -0.00474310 -0.00007869 0.99998875
0.99997440 0.00466172 0.00542832 -0.00466432 0.99998901 0.00046459 -0.00542610 -0.00048990 0.99998516
0.99996745 0.00522343 0.00614861 -0.00522900 0.99998593 0.00089117 -0.00614387 -0.00092329 0.99998070
0.99996495 0.00258597 0.00796339 -0.00259388 0.99999615 0.00098406 -0.00796081 -0.00100468 0.99996781
0.99997376 0.00243344 0.00682275 -0.00242855 0.99999679 -0.00072609 -0.00682450 0.00070950 0.99997646
0.99998099 0.00070700 0.00612607 -0.00071031 0.99999960 0.00053867 -0.00612569 -0.00054302 0.99998109
0.99998308 -0.00176746 0.00554181 0.00175699 0.99999666 0.00189399 -0.00554514 -0.00188422 0.99998285
0.99999571 0.00097329 0.00276106 -0.00097172 0.99999937 -0.00056994 -0.00276162 0.00056725 0.99999603
0.99999488 0.00107208 0.00301587 -0.00105820 0.99998885 -0.00460174 -0.00302077 0.00459853 0.99998486
0.99998250 0.00586237 0.00079407 -0.00585968 0.99997720 -0.00335692 -0.00081374 0.00335220 0.99999405
0.99999223 0.00216115 0.00329709 -0.00216672 0.99999623 0.00168545 -0.00329343 -0.00169258 0.99999314
0.99999119 -0.00235238 0.00347515 0.00234507 0.99999503 0.00210653 -0.00348009 -0.00209836 0.99999174
0.99999325 0.00275199 0.00243307 -0.00275481 0.99999554 0.00115678 -0.00242988 -0.00116347 0.99999637
0.99998701 -0.00436113 0.00263917 0.00436559 0.99998905 -0.00168713 -0.00263178 0.00169863 0.99999509
0.99998590 -0.00507579 0.00156096 0.00507629 0.99998706 -0.00031861 -0.00155932 0.00032652 0.99999873
0.99999933 -0.00095176 0.00066578 0.00095275 0.99999844 -0.00148423 -0.00066436 0.00148486 0.99999868
0.99999267 0.00382948 0.00001099 -0.00382950 0.99998921 0.00262985 -0.00000092 -0.00262987 0.99999654
0.99999962 0.00044589 0.00075344 -0.00044925 0.99998995 0.00446175 -0.00075144 -0.00446208 0.99998976
0.99999384 0.00350993 -0.00007313 -0.00350969 0.99998939 0.00298476 0.00008361 -0.00298448 0.99999554
0.99999966 0.00080407 0.00020626 -0.00080419 0.99999949 0.00061267 -0.00020577 -0.00061283 0.99999979
0.99999341 -0.00337577 -0.00133872 0.00337518 0.99999421 -0.00044332 0.00134020 0.00043880 0.99999901
0.99999415 -0.00211061 -0.00269323 0.00211251 0.99999752 0.00070200 0.00269174 -0.00070768 0.99999613
0.99998794 0.00009073 -0.00490996 -0.00006978 0.99999089 0.00426770 0.00491030 -0.00426731 0.99997884
0.99999170 0.00045653 -0.00404785 -0.00045360 0.99999963 0.00072586 0.00404818 -0.00072401 0.99999154
0.99999296 0.00312009 -0.00208676 -0.00312147 0.99999491 -0.00065492 0.00208471 0.00066143 0.99999761
0.99999401 0.00310167 -0.00153297 -0.00310208 0.99999515 -0.00026108 0.00153215 0.00026583 0.99999879
0.99999580 0.00271913 -0.00100417 -0.00271571 0.99999058 0.00338666 0.00101337 -0.00338392 0.99999376
0.99999581 -0.00251389 -0.00143787 0.00251765 0.99999342 0.00261273 0.00143130 -0.00261634 0.99999555
0.99999838 -0.00153467 0.00093739 0.00153327 0.99999771 0.00149409 -0.00093968 -0.00149265 0.99999844
0.99999691 -0.00222933 0.00110249 0.00222677 0.99999482 0.00232273 -0.00110767 -0.00232027 0.99999669
0.99999836 -0.00155113 0.00093673 0.00154912 0.99999649 0.00215015 -0.00094006 -0.00214869 0.99999725
0.99999678 -0.00252244 0.00028519 0.00252265 0.99999654 -0.00074445 -0.00028331 0.00074516 0.99999968
0.99999736 -0.00229516 0.00009309 0.00229511 0.99999719 0.00059692 -0.00009446 -0.00059670 0.99999982
0.99999944 0.00052398 -0.00092340 -0.00052258 0.99999872 0.00151082 0.00092419 -0.00151034 0.99999843
0.99999897 0.00076689 -0.00121466 -0.00076454 0.99999784 0.00193495 0.00121614 -0.00193402 0.99999739
0.99999673 -0.00249092 -0.00057466 0.00249088 0.99999689 -0.00007906 0.00057486 0.00007763 0.99999983
0.99999949 0.00058361 -0.00082118 -0.00058570 0.99999659 -0.00254310 0.00081970 0.00254358 0.99999643
0.99999484 0.00311904 -0.00077020 -0.00311990 0.99999451 -0.00111693 0.00076671 0.00111933 0.99999908
0.99999033 0.00417198 -0.00139234 -0.00417406 0.99999018 -0.00149073 0.00138611 0.00149652 0.99999792
0.99999846 -0.00067698 -0.00162146 0.00067195 0.99999497 -0.00309978 0.00162355 0.00309868 0.99999388
0.99999768 -0.00152316 -0.00152586 0.00152273 0.99999880 -0.00027880 0.00152629 0.00027647 0.99999880
0.99999887 0.00141555 -0.00049760 -0.00141472 0.99999764 0.00164819 0.00049994 -0.00164749 0.99999852
0.99999075 0.00421159 -0.00087184 -0.00421047 0.99999032 0.00127881 0.00087722 -0.00127512 0.99999880
0.99999685 0.00217073 -0.00125845 -0.00216990 0.99999743 0.00065957 0.00125988 -0.00065684 0.99999899
0.99999986 0.00031491 -0.00043202 -0.00031502 0.99999992 -0.00024702 0.00043195 0.00024715 0.99999988
0.99999866 0.00159703 0.00035381 -0.00159723 0.99999857 0.00055524 -0.00035292 -0.00055581 0.99999978
0.99999890 0.00115321 0.00093398 -0.00115379 0.99999914 0.00062479 -0.00093325 -0.00062587 0.99999937
0.99999890 0.00104923 0.00105079 -0.00105324 0.99999215 0.00381869 -0.00104678 -0.00381979 0.99999216
0.99999987 -0.00033589 0.00039412 0.00033385 0.99998660 0.00516659 -0.00039585 -0.00516646 0.99998658
0.99999824 -0.00180574 0.00050563 0.00180360 0.99998961 0.00418534 -0.00051318 -0.00418442 0.99999111
0.99998074 0.00619924 -0.00029827 -0.00619874 0.99997944 0.00163867 0.00030842 -0.00163679 0.99999861
0.99998243 0.00592155 0.00026880 -0.00592176 0.99998217 0.00077019 -0.00026423 -0.00077177 0.99999967
0.99999981 0.00010396 -0.00060363 -0.00010462 0.99999939 -0.00109855 0.00060352 0.00109862 0.99999921
0.99998856 -0.00468475 -0.00097077 0.00468052 0.99997973 -0.00431615 0.00099097 0.00431156 0.99999021
0.99997912 -0.00646230 -0.00005976 0.00646228 0.99997908 -0.00029023 0.00006164 0.00028984 0.99999996
0.99998771 0.00368058 0.00332230 -0.00368723 0.99999121 0.00199852 -0.00331491 -0.00201074 0.99999248
0.99996742 0.00722220 0.00360501 -0.00723188 0.99997027 0.00267742 -0.00358557 -0.00270341 0.99998992
0.99998842 0.00209549 0.00433169 -0.00212064 0.99998088 0.00580950 -0.00431943 -0.00581862 0.99997374
0.99996804 -0.00371141 0.00708123 0.00366826 0.99997469 0.00609592 -0.00710368 -0.00606975 0.99995635
0.99997489 -0.00329287 0.00627570 0.00327452 0.99999034 0.00293217 -0.00628530 -0.00291155 0.99997601
0.99997700 -0.00487733 0.00471310 0.00487627 0.99998808 0.00023534 -0.00471419 -0.00021235 0.99998887
0.99998089 -0.00348920 0.00510276 0.00348995 0.99999390 -0.00013885 -0.00510225 0.00015666 0.99998697
0.99998400 -0.00040169 0.00564290 0.00039186 0.99999841 0.00174176 -0.00564359 -0.00173952 0.99998256
0.99998530 0.00099504 0.00533030 -0.00099836 0.99999931 0.00062062 -0.00532968 -0.00062593 0.99998560
0.99998682 0.00142099 0.00493295 -0.00141451 0.99999813 -0.00131859 -0.00493481 0.00131160 0.99998696
0.99998869 -0.00191083 0.00435603 0.00191569 0.99999755 -0.00111280 -0.00435389 0.00112113 0.99998989
0.99998469 -0.00445188 0.00328557 0.00445706 0.99998883 -0.00157013 -0.00327854 0.00158475 0.99999337
0.99999554 -0.00150536 0.00257893 0.00150465 0.99999883 0.00027813 -0.00257935 -0.00027425 0.99999664
0.99999662 0.00044837 0.00255928 -0.00045546 0.99999606 0.00277106 -0.00255803 -0.00277222 0.99999289
0.99999847 0.00038573 0.00170611 -0.00039341 0.99998978 0.00450383 -0.00170436 -0.00450450 0.99998840
0.99999890 -0.00119362 0.00088369 0.00119077 0.99999408 0.00322688 -0.00088754 -0.00322582 0.99999440
0.99999985 -0.00054295 -0.00003409 0.00054299 0.99999913 0.00120143 0.00003344 -0.00120145 0.99999928
0.99999883 -0.00082714 -0.00128905 0.00082715 0.99999966 0.00000621 0.00128904 -0.00000728 0.99999917
0.99999567 -0.00047884 -0.00290425 0.00047805 0.99999985 -0.00027335 0.00290438 0.00027196 0.99999575
0.99999199 -0.00111209 -0.00384389 0.00110616 0.99999820 -0.00154455 0.00384560 0.00154029 0.99999142
0.99998342 -0.00144539 -0.00557345 0.00144856 0.99999879 0.00056522 0.00557263 -0.00057328 0.99998431
0.99997889 -0.00003651 -0.00649694 0.00004979 0.99999791 0.00204398 0.00649686 -0.00204426 0.99997681
0.99997286 0.00241422 -0.00696009 -0.00237657 0.99998253 0.00541204 0.00697303 -0.00539535 0.99996113
0.99996828 0.00133074 -0.00785247 -0.00129883 0.99999088 0.00406766 0.00785781 -0.00405734 0.99996090
0.99994819 -0.00308046 -0.00970174 0.00308846 0.99999490 0.00080949 0.00969920 -0.00083941 0.99995261
0.99993049 -0.00184072 -0.01164618 0.00182741 0.99999766 -0.00115381 0.01164827 0.00113245 0.99993152
0.99991509 -0.00017744 -0.01303002 0.00012557 0.99999207 -0.00398114 0.01303062 0.00397917 0.99990718
0.99988922 0.00224709 -0.01471405 -0.00226432 0.99999677 -0.00115442 0.01471141 0.00118761 0.99989108
0.99987574 -0.00001925 -0.01576399 0.00002753 0.99999986 0.00052489 0.01576398 -0.00052526 0.99987560
0.99987264 -0.00032490 -0.01595586 0.00039712 0.99998969 0.00452348 0.01595423 -0.00452924 0.99986246
0.99987290 0.00165033 -0.01585749 -0.00157251 0.99998667 0.00491845 0.01586539 -0.00489289 0.99986216
0.99986027 0.00380803 -0.01627691 -0.00374024 0.99998421 0.00419317 0.01629262 -0.00413170 0.99985873
0.99984587 0.00212899 -0.01742695 -0.00211312 0.99999734 0.00092866 0.01742888 -0.00089170 0.99984771
0.99983374 -0.00221155 -0.01809986 0.00216355 0.99999409 -0.00267152 0.01810566 0.00263192 0.99983261
0.99985037 0.00128429 -0.01725068 -0.00136493 0.99998819 -0.00466384 0.01724449 0.00468669 0.99984032
0.99988489 0.00247287 -0.01496978 -0.00253461 0.99998835 -0.00410681 0.01495945 0.00414427 0.99987951
0.99991178 0.00530009 -0.01217991 -0.00530786 0.99998573 -0.00060572 0.01217653 0.00067031 0.99992564
0.99995092 0.00412806 -0.00900615 -0.00408928 0.99998231 0.00432030 0.00902383 -0.00428326 0.99995011
0.99997501 0.00564968 -0.00425004 -0.00561161 0.99994450 0.00891675 0.00430018 -0.00889268 0.99995121
0.99999976 0.00031872 0.00061816 -0.00032282 0.99997781 0.00665361 -0.00061603 -0.00665380 0.99997767
0.99999281 0.00159954 0.00343805 -0.00160082 0.99999865 0.00036995 -0.00343745 -0.00037545 0.99999402
0.99997507 0.00120934 0.00695693 -0.00117491 0.99998706 -0.00495005 -0.00696282 0.00494175 0.99996355
0.99994995 0.00037844 0.00999790 -0.00033405 0.99999008 -0.00444079 -0.00999949 0.00443723 0.99994016
0.99991892 0.00069524 0.01271492 -0.00068532 0.99999946 -0.00078451 -0.01271546 0.00077573 0.99991885
0.99988026 -0.00041441 0.01546927 0.00038067 0.99999754 0.00218399 -0.01547013 -0.00217784 0.99987796
0.99987277 -0.00148521 0.01588221 0.00142674 0.99999216 0.00369249 -0.01588757 -0.00366936 0.99986705
0.99987240 -0.00303987 0.01568251 0.00300646 0.99999316 0.00215307 -0.01568895 -0.00210565 0.99987470
0.99987681 -0.00141689 0.01563209 0.00136326 0.99999315 0.00344104 -0.01563686 -0.00341931 0.99987189
0.99986382 -0.00009869 0.01650239 0.00000071 0.99998237 0.00593734 -0.01650269 -0.00593652 0.99984620
0.99988094 0.00263048 0.01520453 -0.00276001 0.99996003 0.00850400 -0.01518156 -0.00854496 0.99984824
0.99989662 -0.00414570 0.01376845 0.00406310 0.99997361 0.00602235 -0.01379306 -0.00596579 0.99988707
0.99994127 -0.00264914 0.01050886 0.00260929 0.99998936 0.00380444 -0.01051883 -0.00377679 0.99993754
0.99995756 -0.00481159 0.00785692 0.00481861 0.99998801 -0.00087409 -0.00785262 0.00091191 0.99996875
0.99998271 0.00036058 0.00586979 -0.00035524 0.99999952 -0.00091051 -0.00587012 0.00090841 0.99998236
0.99998807 0.00112119 0.00475425 -0.00114458 0.99998725 0.00491916 -0.00474868 -0.00492454 0.99997660
0.99999256 0.00197525 0.00331342 -0.00200498 0.99995756 0.00899266 -0.00329551 -0.00899924 0.99995408
0.99998628 -0.00358452 0.00381999 0.00355873 0.99997097 0.00673730 -0.00384403 -0.00672361 0.99997001
0.99999219 -0.00188942 0.00347196 0.00189036 0.99999818 -0.00026778 -0.00347145 0.00027434 0.99999394
0.99998945 -0.00150003 0.00434052 0.00150813 0.99999712 -0.00186450 -0.00433771 0.00187102 0.99998884
0.99999240 0.00037837 0.00388090 -0.00038945 0.99999585 0.00285494 -0.00387980 -0.00285643 0.99998839
0.99999017 0.00042636 0.00441327 -0.00046119 0.99996874 0.00789391 -0.00440977 -0.00789587 0.99995910
0.99998526 0.00136591 0.00525493 -0.00142034 0.99994524 0.01036843 -0.00524048 -0.01037574 0.99993244
0.99997861 0.00248090 0.00605126 -0.00250445 0.99998931 0.00388703 -0.00604155 -0.00390210 0.99997414
0.99997880 -0.00089866 0.00644844 0.00089271 0.99999917 0.00092603 -0.00644927 -0.00092025 0.99997878
0.99997945 0.00140953 0.00625375 -0.00142038 0.99999749 0.00173105 -0.00625129 -0.00173989 0.99997895
0.99997665 0.00104142 0.00675332 -0.00107220 0.99998905 0.00455472 -0.00674850 -0.00456186 0.99996682
0.99998253 -0.00237954 0.00541100 0.00234629 0.99997837 0.00614381 -0.00542550 -0.00613100 0.99996649
0.99997641 -0.00397775 0.00560060 0.00396921 0.99999095 0.00153437 -0.00560665 -0.00151211 0.99998314
0.99997601 -0.00373029 0.00583726 0.00373932 0.99999183 -0.00153686 -0.00583148 0.00155865 0.99998178
0.99998946 -0.00118900 0.00443480 0.00118979 0.99999928 -0.00017522 -0.00443459 0.00018049 0.99999015
0.99999451 0.00025162 0.00330421 -0.00025930 0.99999727 0.00232405 -0.00330362 -0.00232489 0.99999184
0.99999692 0.00062945 0.00240104 -0.00064382 0.99998185 0.00598962 -0.00239723 -0.00599114 0.99997918
0.99999770 0.00085814 0.00196664 -0.00086787 0.99998736 0.00495195 -0.00196237 -0.00495365 0.99998581
0.99999419 -0.00320853 0.00114935 0.00320748 0.99999444 0.00091290 -0.00115228 -0.00090920 0.99999892
0.99999927 -0.00120515 -0.00008136 0.00120506 0.99999866 -0.00110886 0.00008269 0.00110877 0.99999938
0.99999941 0.00084328 -0.00068014 -0.00084456 0.99999785 -0.00189200 0.00067855 0.00189257 0.99999798
0.99999497 -0.00283557 -0.00142104 0.00283965 0.99999183 0.00287805 0.00141287 -0.00288207 0.99999485
0.99998936 -0.00383639 -0.00256002 0.00384953 0.99997934 0.00514743 0.00254022 -0.00515723 0.99998347
0.99999105 -0.00236172 -0.00350928 0.00237786 0.99998659 0.00460161 0.00349837 -0.00460992 0.99998325
0.99998861 -0.00189458 -0.00438137 0.00190278 0.99999644 0.00186814 0.00437781 -0.00187646 0.99998866
0.99998579 -0.00178972 -0.00502181 0.00178893 0.99999839 -0.00016127 0.00502210 0.00015229 0.99998738
0.99997317 -0.00261559 -0.00684206 0.00261906 0.99999645 0.00049894 0.00684073 -0.00051684 0.99997647
0.99996721 0.00154113 -0.00795018 -0.00151117 0.99999174 0.00377316 0.00795593 -0.00376102 0.99996128
0.99996845 -0.00131988 -0.00783265 0.00132968 0.99999834 0.00124556 0.00783099 -0.00125594 0.99996855
0.99997011 -0.00215426 -0.00742552 0.00216078 0.99999729 0.00087046 0.00742363 -0.00088648 0.99997205
0.99997465 0.00202523 -0.00682603 -0.00201502 0.99999684 0.00150314 0.00682905 -0.00148934 0.99997557
0.99997858 -0.00051886 -0.00652398 0.00053702 0.99999599 0.00278207 0.00652251 -0.00278551 0.99997485
0.99996648 -0.00423065 -0.00701039 0.00423055 0.99999105 -0.00002968 0.00701046 0.00000002 0.99997543
0.99997639 -0.00167767 -0.00666378 0.00165597 0.99999331 -0.00326123 0.00666920 0.00325012 0.99997248
0.99998708 -0.00120734 -0.00493777 0.00119275 0.99999492 -0.00295738 0.00494132 0.00295146 0.99998344
0.99999247 -0.00034591 -0.00386572 0.00033860 0.99999816 -0.00189050 0.00386636 0.00188918 0.99999074
0.99998779 -0.00381694 -0.00313711 0.00382176 0.99999152 0.00153416 0.00313123 -0.00154613 0.99999390
0.99997769 -0.00571816 -0.00345286 0.00573315 0.99997412 0.00434520 0.00342792 -0.00436490 0.99998460
0.99998901 -0.00300871 -0.00359605 0.00301054 0.99999534 0.00050281 0.00359452 -0.00051363 0.99999341
0.99999432 0.00186234 -0.00280828 -0.00187954 0.99997942 -0.00613461 0.00279680 0.00613985 0.99997724
0.99999481 0.00306274 -0.00100429 -0.00306860 0.99997793 -0.00589187 0.00098622 0.00589492 0.99998214
0.99999042 0.00432954 0.00064898 -0.00432978 0.99999056 0.00037042 -0.00064737 -0.00037322 0.99999972
0.99998174 0.00598386 0.00085021 -0.00598672 0.99997629 0.00340400 -0.00082982 -0.00340902 0.99999384
0.99999894 0.00069709 0.00128031 -0.00069982 0.99999748 0.00213359 -0.00127882 -0.00213448 0.99999690
0.99999447 -0.00276837 0.00184476 0.00277078 0.99999531 -0.00130485 -0.00184114 0.00130996 0.99999745
0.99999806 0.00116663 0.00158718 -0.00115224 0.99995847 -0.00904104 -0.00159766 0.00903920 0.99995787
0.99998682 0.00485544 0.00166588 -0.00483880 0.99993976 -0.00985202 -0.00171361 0.00984383 0.99995008
0.99999809 0.00022947 0.00194350 -0.00021816 0.99998304 -0.00581918 -0.00194480 0.00581875 0.99998118
0.99999739 -0.00045398 0.00223787 0.00045473 0.99999984 -0.00033529 -0.00223772 0.00033630 0.99999744
0.99998982 -0.00406295 0.00196034 0.00406123 0.99999137 0.00087998 -0.00196390 -0.00087201 0.99999769
0.99998950 -0.00446999 0.00101367 0.00446843 0.99998883 0.00154044 -0.00102055 -0.00153590 0.99999830
0.99999263 -0.00349826 0.00157905 0.00350590 0.99998203 -0.00486250 -0.00156201 0.00486800 0.99998693
0.99999907 -0.00064724 0.00120229 0.00065314 0.99998773 -0.00491110 -0.00119910 0.00491188 0.99998722
0.99999429 0.00311049 0.00131918 -0.00311082 0.99999513 0.00024758 -0.00131840 -0.00025168 0.99999910
0.99999341 0.00340086 0.00127280 -0.00340484 0.99998927 0.00314106 -0.00126211 -0.00314537 0.99999426
0.99999741 0.00215183 0.00074436 -0.00215183 0.99999768 0.00000296 -0.00074435 -0.00000456 0.99999972
0.99998904 0.00456632 0.00102931 -0.00456862 0.99998704 0.00224487 -0.00101904 -0.00224955 0.99999695
0.99999976 0.00015873 0.00068002 -0.00016024 0.99999753 0.00221817 -0.00067967 -0.00221828 0.99999731
0.99999981 -0.00049113 0.00037020 0.00049256 0.99999238 -0.00387348 -0.00036829 0.00387366 0.99999243
0.99999989 -0.00018845 0.00043337 0.00019180 0.99996990 -0.00775683 -0.00043190 0.00775691 0.99996982
0.99999942 -0.00107302 0.00013263 0.00107377 0.99998268 -0.00578618 -0.00012642 0.00578632 0.99998325
0.99999898 -0.00142869 -0.00008581 0.00142875 0.99999873 0.00070575 0.00008480 -0.00070587 0.99999975
0.99999399 0.00341164 0.00061093 -0.00341077 0.99999316 -0.00143166 -0.00061581 0.00142956 0.99999879
0.99999703 0.00221944 0.00100464 -0.00221199 0.99997050 -0.00735626 -0.00102093 0.00735402 0.99997244
0.99999678 0.00223700 0.00119854 -0.00222370 0.99993718 -0.01098615 -0.00122304 0.01098345 0.99993893
0.99999782 0.00015123 0.00208227 -0.00013700 0.99997665 -0.00683270 -0.00208325 0.00683240 0.99997449
0.99999538 -0.00235452 0.00192005 0.00235234 0.99999659 0.00113301 -0.00192271 -0.00112849 0.99999751
0.99998290 -0.00547785 0.00204769 0.00547194 0.99998088 0.00288130 -0.00206343 -0.00287005 0.99999375
0.99999566 -0.00278455 0.00096057 0.00278270 0.99999427 0.00192582 -0.00096593 -0.00192313 0.99999768
0.99999435 -0.00328541 0.00071083 0.00328685 0.99999251 -0.00204330 -0.00070411 0.00204562 0.99999766
0.99999418 0.00326463 0.00098601 -0.00326147 0.99998960 -0.00318709 -0.00099640 0.00318385 0.99999444
0.99999040 0.00421769 0.00118455 -0.00421423 0.99998689 -0.00290990 -0.00119681 0.00290488 0.99999506
0.99999259 0.00373108 0.00094720 -0.00373255 0.99999183 0.00155274 -0.00094139 -0.00155626 0.99999835
0.99999726 0.00196299 0.00127695 -0.00197002 0.99998276 0.00553251 -0.00126607 -0.00553501 0.99998388
0.99999525 -0.00002021 0.00308200 0.00001123 0.99999576 0.00291346 -0.00308204 -0.00291341 0.99999101
0.99999479 0.00069941 0.00314983 -0.00069163 0.99999670 -0.00247257 -0.00315155 0.00247038 0.99999198
0.99999084 -0.00350008 0.00246218 0.00351018 0.99998538 -0.00411277 -0.00244775 0.00412137 0.99998851
0.99999565 -0.00206481 0.00210847 0.00207053 0.99999417 -0.00271498 -0.00210285 0.00271934 0.99999409
0.99999632 -0.00158215 0.00220398 0.00158271 0.99999872 -0.00024900 -0.00220358 0.00025249 0.99999754
0.99999750 0.00034285 0.00220811 -0.00034414 0.99999977 0.00058508 -0.00220791 -0.00058584 0.99999739
0.99998706 0.00332397 0.00385226 -0.00332539 0.99999441 0.00036076 -0.00385104 -0.00037357 0.99999251
0.99998995 0.00207732 0.00397413 -0.00208881 0.99999364 0.00289061 -0.00396810 -0.00289888 0.99998793
0.99999344 0.00205865 0.00297880 -0.00206398 0.99999627 0.00178983 -0.00297511 -0.00179596 0.99999396
0.99999226 -0.00290779 0.00265063 0.00291344 0.99999349 -0.00212876 -0.00264442 0.00213647 0.99999422
0.99999587 0.00196328 0.00209898 -0.00195296 0.99998606 -0.00490590 -0.00210858 0.00490178 0.99998576
0.99999776 -0.00129902 0.00166812 0.00130598 0.99999044 -0.00417396 -0.00166268 0.00417612 0.99998990
0.99999999 0.00008622 0.00005308 -0.00008622 0.99999999 0.00009492 -0.00005307 -0.00009493 0.99999999
0.99999835 0.00179709 0.00028097 -0.00179742 0.99999769 0.00118248 -0.00027884 -0.00118298 0.99999926
0.99999936 0.00111515 0.00017856 -0.00111498 0.99999888 -0.00099433 -0.00017967 0.00099413 0.99999949
0.99999640 0.00249352 -0.00099151 -0.00249180 0.99999541 0.00172610 0.00099581 -0.00172362 0.99999802
0.99999937 0.00015067 -0.00111648 -0.00015007 0.99999985 0.00053514 0.00111656 -0.00053497 0.99999923
0.99999840 0.00039709 -0.00174200 -0.00039400 0.99999835 0.00177470 0.00174270 -0.00177401 0.99999691
0.99999690 0.00014095 -0.00248771 -0.00014787 0.99999612 -0.00278266 0.00248731 0.00278302 0.99999303
0.99999700 -0.00053984 -0.00239032 0.00053116 0.99999326 -0.00363238 0.00239227 0.00363110 0.99999055
0.99999743 0.00039702 -0.00223396 -0.00040565 0.99999245 -0.00386593 0.00223241 0.00386682 0.99999003
0.99999657 0.00158573 -0.00208661 -0.00158704 0.99999854 -0.00062704 0.00208561 0.00063034 0.99999763
0.99999074 0.00340892 -0.00262761 -0.00340986 0.99999412 -0.00035378 0.00262639 0.00036274 0.99999649
0.99999555 0.00241950 -0.00174723 -0.00242102 0.99999669 -0.00086869 0.00174512 0.00087291 0.99999810
0.99999990 0.00043843 -0.00009809 -0.00043858 0.99999868 -0.00156561 0.00009741 0.00156566 0.99999877
0.99999950 -0.00050897 -0.00086312 0.00050932 0.99999979 0.00040443 0.00086291 -0.00040487 0.99999955
0.99999810 0.00195080 -0.00000136 -0.00195079 0.99999774 0.00084408 0.00000301 -0.00084407 0.99999964
0.99999872 0.00002888 0.00159723 -0.00003024 0.99999964 0.00085336 -0.00159720 -0.00085341 0.99999836
0.99999307 0.00237760 0.00286418 -0.00237869 0.99999710 0.00037698 -0.00286327 -0.00038379 0.99999583
0.99999333 0.00129774 0.00341395 -0.00130192 0.99999841 0.00122217 -0.00341236 -0.00122661 0.99999343
0.99999619 -0.00063283 0.00268706 0.00064025 0.99999598 -0.00276209 -0.00268530 0.00276380 0.99999258
0.99997788 -0.00572818 0.00338123 0.00574643 0.99996884 -0.00541359 -0.00335011 0.00543290 0.99997963
0.99998635 -0.00450677 0.00264440 0.00452302 0.99997072 -0.00617328 -0.00261651 0.00618515 0.99997745
0.99998631 -0.00422461 0.00308884 0.00423063 0.99998915 -0.00194763 -0.00308058 0.00196067 0.99999333
0.99999146 -0.00289412 0.00295135 0.00288809 0.99999374 0.00204593 -0.00295726 -0.00203739 0.99999355
0.99999163 -0.00018699 0.00408753 0.00016083 0.99997951 0.00639970 -0.00408865 -0.00639899 0.99997117
0.99998689 0.00181524 0.00478798 -0.00183524 0.99998960 0.00417571 -0.00478035 -0.00418444 0.99997982
0.99998925 0.00116064 0.00448818 -0.00117000 0.99999715 0.00208347 -0.00448575 -0.00208870 0.99998776
0.99998358 0.00314497 0.00479029 -0.00315143 0.99999413 0.00134242 -0.00478604 -0.00135750 0.99998763
0.99997752 0.00085404 0.00665119 -0.00085503 0.99999962 0.00014690 -0.00665107 -0.00015259 0.99997787
0.99996285 -0.00167934 0.00845409 0.00166859 0.99999779 0.00127793 -0.00845622 -0.00126378 0.99996345
0.99994045 0.00511039 0.00964301 -0.00508526 0.99998361 -0.00262887 -0.00965628 0.00257967 0.99995005
0.99992442 0.00620380 0.01061426 -0.00616863 0.99997539 -0.00334305 -0.01063474 0.00327732 0.99993808
0.99992103 -0.00597969 0.01105354 0.00602667 0.99997293 -0.00422201 -0.01102800 0.00428829 0.99992999
0.99993045 -0.00700067 0.00949164 0.00705628 0.99995806 -0.00583773 -0.00945038 0.00590430 0.99993791
0.99995583 0.00101451 0.00934353 -0.00094878 0.99997479 -0.00703691 -0.00935044 0.00702773 0.99993159
0.99995646 0.00361259 0.00860385 -0.00354866 0.99996607 -0.00743382 -0.00863041 0.00740296 0.99993535
0.99995861 0.00430616 0.00801525 -0.00431465 0.99999015 0.00104318 -0.00801068 -0.00107772 0.99996733
0.99994229 -0.00040755 0.01073523 0.00035537 0.99998812 0.00486225 -0.01073708 -0.00485815 0.99993055
0.99996140 0.00083866 0.00874617 -0.00086842 0.99999384 0.00340015 -0.00874327 -0.00340762 0.99995597
0.99996645 0.00362773 0.00734433 -0.00363132 0.99999329 0.00047433 -0.00734256 -0.00050099 0.99997292
0.99997830 0.00075819 0.00654359 -0.00075281 0.99999938 -0.00082608 -0.00654422 0.00082113 0.99997825
0.99998763 0.00249700 0.00430105 -0.00251273 0.99999015 0.00365741 -0.00429188 -0.00366818 0.99998406
0.99998409 -0.00083068 0.00557940 0.00079292 0.99997680 0.00676550 -0.00558489 -0.00676097 0.99996155
0.99998495 0.00020365 0.00548335 -0.00023896 0.99997923 0.00644036 -0.00548193 -0.00644157 0.99996423
0.99998511 -0.00185622 0.00513122 0.00183022 0.99998549 0.00506669 -0.00514055 -0.00505722 0.99997400
0.99997977 -0.00407744 0.00488158 0.00407428 0.99999148 0.00065714 -0.00488422 -0.00063724 0.99998787
0.99997166 -0.00695842 0.00287562 0.00696529 0.99997289 -0.00238811 -0.00285893 0.00240807 0.99999301
0.99999365 -0.00300514 0.00191683 0.00302041 0.99996331 -0.00801658 -0.00189267 0.00802232 0.99996603
0.99999288 -0.00314503 0.00208565 0.00316538 0.99994670 -0.00982737 -0.00205463 0.00983390 0.99994954
0.99999745 -0.00185861 0.00128201 0.00186397 0.99998947 -0.00419346 -0.00127420 0.00419584 0.99999039
0.99999881 -0.00027676 0.00151704 0.00027824 0.99999949 -0.00097557 -0.00151676 0.00097599 0.99999837
0.99998969 0.00433188 0.00136257 -0.00433770 0.99998136 0.00429813 -0.00134393 -0.00430399 0.99998983
0.99999816 -0.00084906 0.00171947 0.00084546 0.99999745 0.00209232 -0.00172124 -0.00209087 0.99999633
0.99999534 0.00263389 0.00154257 -0.00263686 0.99999466 0.00192870 -0.00153748 -0.00193276 0.99999695
0.99999407 0.00283138 0.00195797 -0.00283103 0.99999598 -0.00018076 -0.00195847 0.00017522 0.99999807
0.99999958 -0.00031868 0.00085452 0.00031781 0.99999944 0.00101272 -0.00085484 -0.00101245 0.99999912
0.99999265 -0.00382916 0.00019955 0.00382907 0.99999257 0.00044214 -0.00020124 -0.00044137 0.99999988
0.99999914 0.00129185 0.00020621 -0.00129216 0.99999806 0.00148906 -0.00020429 -0.00148933 0.99999887
0.99999820 0.00182952 0.00050902 -0.00182916 0.99999808 -0.00069592 -0.00051029 0.00069499 0.99999963
0.99999462 -0.00326217 -0.00034845 0.00326153 0.99999298 -0.00184270 0.00035446 0.00184155 0.99999824
0.99999871 -0.00085868 -0.00135948 0.00085334 0.99999193 -0.00392619 0.00136284 0.00392502 0.99999137
0.99999924 0.00115901 -0.00042590 -0.00116069 0.99999151 -0.00395453 0.00042131 0.00395502 0.99999209
0.99999860 -0.00110004 -0.00125766 0.00109909 0.99999911 -0.00075492 0.00125849 0.00075353 0.99999892
0.99999928 0.00029858 -0.00116254 -0.00029743 0.99999946 0.00099316 0.00116284 -0.00099282 0.99999883
0.99999948 0.00018187 -0.00100528 -0.00017884 0.99999546 0.00300785 0.00100583 -0.00300767 0.99999497
0.99999742 0.00185227 -0.00131848 -0.00184600 0.99998706 0.00474047 0.00132724 -0.00473803 0.99998789
0.99999526 0.00258497 -0.00167063 -0.00257806 0.99998818 0.00412301 0.00168127 -0.00411868 0.99999010
0.99999796 0.00099380 -0.00175795 -0.00099208 0.99999902 0.00098296 0.00175892 -0.00098121 0.99999797
0.99999799 -0.00025247 -0.00198773 0.00024809 0.99999755 -0.00220076 0.00198828 0.00220026 0.99999560
0.99999867 0.00102349 -0.00126735 -0.00103039 0.99998460 -0.00545416 0.00126175 0.00545546 0.99998432
0.99999808 0.00139754 -0.00137284 -0.00140086 0.99999610 -0.00241464 0.00136946 0.00241656 0.99999614
0.99999892 0.00009807 -0.00146482 -0.00009584 0.99999884 0.00152218 0.00146497 -0.00152204 0.99999777
0.99999903 -0.00138765 -0.00013813 0.00138805 0.99999483 0.00290173 0.00013410 -0.00290192 0.99999578
0.99999156 0.00406757 0.00058430 -0.00406696 0.99999119 -0.00104267 -0.00058853 0.00104028 0.99999929
0.99999712 -0.00016727 0.00239208 0.00017100 0.99999877 -0.00155875 -0.00239181 0.00155915 0.99999592
0.99999672 0.00062793 0.00248145 -0.00062927 0.99999966 0.00053897 -0.00248112 -0.00054053 0.99999678
0.99998873 0.00022873 0.00474304 -0.00024128 0.99999647 0.00264600 -0.00474242 -0.00264711 0.99998525
0.99998598 0.00062578 0.00525796 -0.00062111 0.99999941 -0.00089137 -0.00525851 0.00088809 0.99998578
0.99998633 0.00125458 0.00507686 -0.00124104 0.99999567 -0.00266931 -0.00508019 0.00266297 0.99998355
0.99998424 0.00029205 0.00560684 -0.00028905 0.99999981 -0.00053593 -0.00560700 0.00053430 0.99998414
0.99998260 0.00099237 0.00581505 -0.00099586 0.99999933 0.00059665 -0.00581446 -0.00060243 0.99998291
0.99998079 0.00051580 0.00617684 -0.00050544 0.99999846 -0.00167823 -0.00617770 0.00167508 0.99997951
0.99998421 -0.00243461 0.00506471 0.00244265 0.99999577 -0.00158102 -0.00506084 0.00159336 0.99998592
0.99999657 -0.00042213 0.00258540 0.00041889 0.99999913 0.00125132 -0.00258593 -0.00125024 0.99999587
0.99999328 0.00176163 0.00321447 -0.00177757 0.99998611 0.00496224 -0.00320568 -0.00496792 0.99998252
0.99999256 -0.00074002 0.00378559 0.00072968 0.99999600 0.00273301 -0.00378759 -0.00273022 0.99998910
0.99999190 0.00093198 0.00391624 -0.00091904 0.99999411 -0.00330680 -0.00391930 0.00330318 0.99998686
0.99999108 -0.00112643 0.00407147 0.00114594 0.99998786 -0.00479277 -0.00406602 0.00479739 0.99998023
0.99999286 0.00186300 0.00328641 -0.00185817 0.99999719 -0.00147101 -0.00328914 0.00146489 0.99999352
0.99998895 -0.00172606 0.00437194 0.00171409 0.99999478 0.00274038 -0.00437665 -0.00273286 0.99998669
0.99998088 -0.00388644 0.00481005 0.00387700 0.99999054 0.00197061 -0.00481767 -0.00195193 0.99998649
0.99999116 0.00043373 0.00418306 -0.00042730 0.99999872 -0.00153919 -0.00418372 0.00153738 0.99999007
0.99998988 -0.00086501 0.00441540 0.00087589 0.99999659 -0.00246216 -0.00441326 0.00246601 0.99998722
0.99999205 -0.00013585 0.00398552 0.00013407 0.99999989 0.00044656 -0.00398558 -0.00044602 0.99999196
0.99997951 -0.00410167 0.00491583 0.00409331 0.99999016 0.00171029 -0.00492280 -0.00169013 0.99998645
0.99999066 -0.00112597 0.00417327 0.00112619 0.99999936 -0.00005104 -0.00417321 0.00005574 0.99999129
0.99998480 0.00029849 0.00550599 -0.00029435 0.99999967 -0.00075314 -0.00550621 0.00075150 0.99998456
0.99998445 0.00062332 0.00554117 -0.00061327 0.99999817 -0.00181484 -0.00554229 0.00181141 0.99998300
0.99998117 0.00071298 0.00609567 -0.00071293 0.99999975 -0.00001052 -0.00609568 0.00000618 0.99998142
0.99998031 0.00007966 0.00627539 -0.00008997 0.99999865 0.00164227 -0.00627525 -0.00164280 0.99997896
0.99997794 0.00236126 0.00620877 -0.00237001 0.99999621 0.00140107 -0.00620544 -0.00141575 0.99997974
0.99997577 0.00028367 0.00695521 -0.00029575 0.99999845 0.00173616 -0.00695471 -0.00173817 0.99997431
0.99998248 0.00028807 0.00591231 -0.00028000 0.99999903 -0.00136575 -0.00591270 0.00136407 0.99998159
0.99997764 0.00304879 0.00595118 -0.00303581 0.99999300 -0.00218889 -0.00595781 0.00217078 0.99997990
0.99997655 -0.00137571 0.00670841 0.00140285 0.99999085 -0.00404250 -0.00670279 0.00405182 0.99996933
0.99998588 -0.00220914 0.00483279 0.00222471 0.99999234 -0.00321977 -0.00482564 0.00323048 0.99998314
0.99998381 0.00111258 0.00557988 -0.00109436 0.99999406 -0.00326737 -0.00558348 0.00326121 0.99997909
0.99998155 0.00102373 0.00598834 -0.00103023 0.99999888 0.00108155 -0.00598722 -0.00108770 0.99998148
0.99998374 -0.00052796 0.00567763 0.00051422 0.99999694 0.00242065 -0.00567889 -0.00241769 0.99998095
0.99998330 -0.00006602 0.00577836 0.00006570 1.00000000 0.00005563 -0.00577837 -0.00005525 0.99998330
0.99998190 0.00367915 0.00476153 -0.00366140 0.99998634 -0.00373086 -0.00477519 0.00371335 0.99998170
0.99997148 0.00495784 0.00569651 -0.00492848 0.99997455 -0.00515800 -0.00572194 0.00512977 0.99997047
0.99993601 0.00667301 0.00913443 -0.00663557 0.99996949 -0.00412279 -0.00916166 0.00406191 0.99994978
0.99990535 0.00377530 0.01323047 -0.00373208 0.99998762 -0.00329013 -0.01324273 0.00324044 0.99990706
0.99991033 0.00043441 0.01338426 -0.00043427 0.99999991 -0.00001383 -0.01338426 0.00000802 0.99991043
0.99994772 0.00223275 0.00997811 -0.00222702 0.99999735 -0.00058552 -0.00997939 0.00056327 0.99995005
0.99998855 -0.00204664 0.00432542 0.00205192 0.99999715 -0.00121669 -0.00432292 0.00122555 0.99998991
0.99999315 -0.00134796 -0.00344636 0.00135300 0.99999802 0.00146028 0.00344438 -0.00146493 0.99999300
0.99995102 -0.00009923 -0.00989681 0.00014576 0.99998894 0.00470111 0.00989623 -0.00470232 0.99993997
0.99991985 0.00479285 -0.01171838 -0.00473660 0.99997715 0.00482303 0.01174122 -0.00476713 0.99991971
0.99990850 0.00867957 -0.01037557 -0.00865183 0.99995888 0.00271587 0.01039872 -0.00262586 0.99994248
0.99992059 0.00470209 -0.01169246 -0.00467761 0.99998681 0.00212045 0.01170228 -0.00206559 0.99992939
0.99990984 -0.00069858 -0.01340971 0.00072476 0.99999784 0.00194755 0.01340833 -0.00195709 0.99990819
0.99990115 -0.00400748 -0.01347716 0.00400175 0.99999189 -0.00045230 0.01347886 0.00039833 0.99990908
0.99989830 0.00007861 -0.01426103 -0.00006056 0.99999920 0.00126593 0.01426112 -0.00126494 0.99989750
0.99987957 0.00175322 -0.01541996 -0.00170280 0.99999316 0.00328229 0.01542561 -0.00325564 0.99987572
0.99986282 0.00242741 -0.01638427 -0.00237528 0.99999206 0.00320015 0.01639190 -0.00316080 0.99986065
0.99987117 0.00252620 -0.01585150 -0.00248585 0.99999362 0.00256458 0.01585788 -0.00252484 0.99987107
0.99986705 0.00547808 -0.01535824 -0.00544775 0.99998313 0.00201593 0.01536903 -0.00193199 0.99988002
0.99987650 0.00314929 -0.01539697 -0.00316436 0.99999454 -0.00095465 0.01539388 0.00100326 0.99988100
0.99987456 0.00163830 -0.01575401 -0.00167807 0.99999544 -0.00251118 0.01574982 0.00253730 0.99987274
0.99987699 0.00309582 -0.01537630 -0.00311671 0.99999425 -0.00133454 0.01537208 0.00138230 0.99988089
0.99987432 0.00344957 -0.01547374 -0.00344213 0.99999395 0.00050728 0.01547539 -0.00045396 0.99988015
0.99986247 0.00646610 -0.01527171 -0.00638716 0.99996602 0.00521158 0.01530489 -0.00511333 0.99986980
0.99986596 0.00601478 -0.01522801 -0.00592921 0.99996642 0.00565768 0.01526153 -0.00556663 0.99986804
0.99987456 0.00446577 -0.01519605 -0.00439737 0.99998006 0.00453186 0.01521598 -0.00446447 0.99987426
0.99988636 0.00301831 -0.01477023 -0.00298072 0.99999227 0.00256601 0.01477786 -0.00252169 0.99988762
0.99989230 0.00246468 -0.01446749 -0.00245257 0.99999663 0.00085480 0.01446954 -0.00081922 0.99989498
0.99988420 0.00201936 -0.01508319 -0.00201572 0.99999794 0.00025642 0.01508368 -0.00022599 0.99988621
0.99986961 0.00493865 -0.01537423 -0.00492383 0.99998738 0.00100167 0.01537898 -0.00092584 0.99988131
0.99987202 0.00616811 -0.01476144 -0.00614047 0.99997931 0.00191736 0.01477296 -0.00182647 0.99988921
0.99987721 0.00326693 -0.01532605 -0.00325265 0.99999425 0.00095692 0.01532909 -0.00090695 0.99988209
0.99987270 0.00468191 -0.01525309 -0.00469680 0.99998853 -0.00094046 0.01524852 0.00101198 0.99988322
0.99988264 0.00415510 -0.01474576 -0.00417537 0.99999038 -0.00134368 0.01474004 0.00140510 0.99989037
0.99989915 0.00322566 -0.01383023 -0.00323821 0.99999437 -0.00088475 0.01382730 0.00092944 0.99990397
0.99991195 0.00460030 -0.01244724 -0.00461704 0.99998847 -0.00131667 0.01244104 0.00137402 0.99992166
0.99991684 0.00514476 -0.01182528 -0.00517551 0.99998330 -0.00257155 0.01181186 0.00263254 0.99992677
0.99992579 0.00516296 -0.01103482 -0.00522713 0.99996955 -0.00579454 0.01100456 0.00585179 0.99992233
0.99996215 0.00159369 -0.00855326 -0.00164303 0.99998203 -0.00576553 0.00854391 0.00577936 0.99994680
0.99997286 0.00098976 -0.00730094 -0.00102292 0.99998917 -0.00453998 0.00729637 0.00454733 0.99996304
0.99998341 0.00063584 -0.00572582 -0.00064967 0.99999687 -0.00241456 0.00572426 0.00241824 0.99998069
0.99998098 0.00455831 -0.00415463 -0.00456303 0.99998895 -0.00112654 0.00414945 0.00114548 0.99999073
0.99999047 0.00149183 -0.00410320 -0.00150813 0.99999097 -0.00397213 0.00409723 0.00397828 0.99998369
0.99998938 -0.00211243 -0.00409498 0.00209376 0.99998742 -0.00455734 0.00410455 0.00454872 0.99998123
0.99997186 -0.00729930 -0.00173137 0.00728812 0.99995311 -0.00637652 0.00177783 0.00636373 0.99997817
0.99996674 -0.00799286 -0.00162207 0.00798203 0.99994651 -0.00657794 0.00167456 0.00656478 0.99997705
0.99994976 -0.00989569 -0.00159494 0.00989529 0.99995101 -0.00025631 0.00159740 0.00024051 0.99999870
0.99998141 -0.00598202 -0.00118250 0.00598446 0.99997995 0.00207109 0.00117008 -0.00207813 0.99999716
0.99999387 -0.00344403 0.00063642 0.00344612 0.99998861 -0.00330322 -0.00062503 0.00330539 0.99999434
0.99999765 0.00010370 0.00216575 -0.00009476 0.99999148 -0.00412726 -0.00216616 0.00412704 0.99998914
0.99999184 0.00044286 0.00401525 -0.00042440 0.99998934 -0.00459708 -0.00401725 0.00459534 0.99998137
0.99997403 -0.00368001 0.00619682 0.00371658 0.99997569 -0.00590023 -0.00617496 0.00592311 0.99996339
0.99993169 -0.00449469 0.01078961 0.00456175 0.99997039 -0.00619809 -0.01076143 0.00624688 0.99992258
0.99989293 -0.00505786 0.01373123 0.00509820 0.99998279 -0.00290455 -0.01371630 0.00297424 0.99990150
0.99987090 -0.00167632 0.01598042 0.00172031 0.99999477 -0.00273926 -0.01597574 0.00276640 0.99986855
0.99975396 0.00280990 0.02200265 -0.00279196 0.99999574 -0.00084622 -0.02200493 0.00078459 0.99975755
0.99967095 0.00564356 0.02502289 -0.00565609 0.99998391 0.00042998 -0.02502006 -0.00057137 0.99968679
0.99966595 0.00341163 0.02561942 -0.00345044 0.99999297 0.00147063 -0.02561423 -0.00155854 0.99967069
0.99962245 -0.00398587 0.02718584 0.00397266 0.99999196 0.00053969 -0.02718777 -0.00043148 0.99963025
0.99958285 -0.01071667 0.02681924 0.01078670 0.99993878 -0.00246759 -0.02679116 0.00275586 0.99963725
0.99957475 -0.00796400 0.02805166 0.00801652 0.99996632 -0.00176031 -0.02803670 0.00198444 0.99960492
0.99961504 0.00052354 0.02773986 -0.00047231 0.99999817 -0.00185332 -0.02774078 0.00183951 0.99961346
0.99960758 0.00445489 0.02765590 -0.00431175 0.99997701 -0.00523315 -0.02767857 0.00511185 0.99960380
0.99958665 0.00182684 0.02869121 -0.00164796 0.99997906 -0.00625736 -0.02870204 0.00620749 0.99956874
0.99954851 -0.00216692 0.02996796 0.00231095 0.99998594 -0.00477243 -0.02995720 0.00483953 0.99953947
0.99951283 -0.00180341 0.03115855 0.00186433 0.99999641 -0.00192624 -0.03115496 0.00198339 0.99951260
0.99943889 -0.00180933 0.03344585 0.00181426 0.99999835 -0.00011687 -0.03344558 0.00017748 0.99944052
0.99937308 0.00096978 0.03539077 -0.00088717 0.99999685 -0.00234972 -0.03539293 0.00231685 0.99937079
0.99932288 0.00756255 0.03600813 -0.00738095 0.99995938 -0.00517362 -0.03604579 0.00490434 0.99933811
0.99932384 0.00559074 0.03634008 -0.00547000 0.99997919 -0.00342089 -0.03635845 0.00321980 0.99933363
0.99934343 0.00000185 0.03623143 -0.00003486 0.99999958 0.00091061 -0.03623141 -0.00091127 0.99934301
0.99931550 -0.00422826 0.03675135 0.00412753 0.99998752 0.00281626 -0.03676280 -0.00266264 0.99932047
0.99931788 -0.00070379 0.03692263 0.00067121 0.99999937 0.00089483 -0.03692324 -0.00086944 0.99931773
0.99933420 0.00189819 0.03643547 -0.00194127 0.99999746 0.00114724 -0.03643320 -0.00121721 0.99933535
0.99934478 0.00314558 0.03605726 -0.00319572 0.99999401 0.00133293 -0.03605285 -0.00144729 0.99934884
0.99936776 -0.00025601 0.03555307 0.00022917 0.99999969 0.00075905 -0.03555326 -0.00075042 0.99936750
0.99940053 -0.00165865 0.03458072 0.00166316 0.99999861 -0.00010146 -0.03458050 0.00015891 0.99940190
0.99943311 -0.00225243 0.03359158 0.00229393 0.99999665 -0.00119696 -0.03358878 0.00127334 0.99943493
0.99945947 -0.00016040 0.03287458 0.00022280 0.99999818 -0.00189448 -0.03287421 0.00190078 0.99945769
0.99947531 0.00086898 0.03237837 -0.00081919 0.99999846 -0.00155094 -0.03237967 0.00152360 0.99947448
0.99952066 -0.00198291 0.03089527 0.00200603 0.99999773 -0.00071726 -0.03089378 0.00077889 0.99952237
0.99956649 -0.00523321 0.02897309 0.00527611 0.99998509 -0.00140448 -0.02896531 0.00155674 0.99957921
0.99963287 -0.00333817 0.02688841 0.00340252 0.99999146 -0.00234764 -0.02688035 0.00243827 0.99963568
0.99968515 -0.00088341 0.02507617 0.00091589 0.99999876 -0.00128395 -0.02507500 0.00130652 0.99968472
0.99973884 0.00141461 0.02280893 -0.00143259 0.99999868 0.00077213 -0.02280781 -0.00080461 0.99973954
0.99977939 -0.00387694 0.02064323 0.00388017 0.99999247 -0.00011607 -0.02064262 0.00019614 0.99978690
0.99977346 -0.00739347 0.01995927 0.00741791 0.99997182 -0.00115086 -0.01995020 0.00129866 0.99980013
0.99981038 -0.00303985 0.01923453 0.00304333 0.99999536 -0.00015145 -0.01923398 0.00020996 0.99981499
0.99986102 -0.00166372 0.01658822 0.00165716 0.99999854 0.00040913 -0.01658887 -0.00038158 0.99986232
0.99990663 -0.00179130 0.01354711 0.00179794 0.99999827 -0.00047833 -0.01354623 0.00050265 0.99990812
0.99993534 -0.00289535 0.01099677 0.00290576 0.99999535 -0.00093079 -0.01099402 0.00096269 0.99993910
0.99996939 0.00052937 0.00780683 -0.00052254 0.99999948 -0.00087684 -0.00780729 0.00087273 0.99996914
0.99999005 -0.00014510 0.00445893 0.00015089 0.99999914 -0.00129940 -0.00445873 0.00130006 0.99998921
0.99999887 0.00002584 0.00150467 -0.00002453 0.99999962 -0.00087039 -0.00150469 0.00087035 0.99999849
0.99999975 -0.00059868 -0.00036319 0.00059868 0.99999982 -0.00001287 0.00036319 0.00001265 0.99999993
0.99999973 -0.00013506 -0.00071925 0.00013565 0.99999965 0.00081995 0.00071914 -0.00082005 0.99999941
0.99999898 0.00126466 -0.00066439 -0.00126370 0.99999815 0.00144918 0.00066622 -0.00144834 0.99999873
0.99999919 0.00102709 -0.00075004 -0.00102707 0.99999947 0.00001926 0.00075006 -0.00001849 0.99999972
0.99999963 -0.00000701 -0.00085499 0.00000554 0.99999851 -0.00172684 0.00085500 0.00172683 0.99999814
0.99999860 -0.00159704 -0.00049544 0.00159600 0.99999655 -0.00208702 0.00049877 0.00208622 0.99999770
0.99999333 -0.00325677 -0.00165489 0.00325376 0.99999305 -0.00181904 0.00166080 0.00181364 0.99999698
0.99999745 0.00061473 -0.00217128 -0.00062000 0.99999686 -0.00242651 0.00216978 0.00242785 0.99999470
0.99999455 0.00194835 -0.00266427 -0.00195112 0.99999756 -0.00103754 0.00266224 0.00104274 0.99999591
0.99999617 -0.00186293 -0.00204509 0.00186080 0.99999772 -0.00104293 0.00204703 0.00103912 0.99999736
0.99999257 -0.00189904 -0.00335378 0.00189420 0.99999716 -0.00144474 0.00335651 0.00143837 0.99999333
0.99999009 -0.00262221 -0.00359646 0.00262633 0.99999590 0.00114183 0.00359345 -0.00115127 0.99999288
0.99998286 0.00170476 -0.00560050 -0.00169909 0.99999804 0.00101637 0.00560222 -0.00100684 0.99998380
0.99998245 0.00156324 -0.00571449 -0.00155654 0.99999809 0.00117806 0.00571632 -0.00116914 0.99998298
0.99998065 -0.00043892 -0.00620609 0.00045184 0.99999773 0.00208034 0.00620516 -0.00208310 0.99997858
0.99997641 -0.00014154 -0.00686741 0.00016141 0.99999580 0.00289421 0.00686697 -0.00289525 0.99997223
0.99998095 -0.00249851 -0.00564408 0.00251340 0.99999337 0.00263341 0.00563746 -0.00264754 0.99998060
0.99998022 -0.00037855 -0.00627883 0.00037441 0.99999971 -0.00066079 0.00627908 0.00065843 0.99998007
0.99998104 0.00298458 -0.00538693 -0.00300101 0.99999086 -0.00304503 0.00537779 0.00306113 0.99998085
0.99999088 0.00228496 -0.00360787 -0.00230418 0.99998313 -0.00533261 0.00359562 0.00534087 0.99997927
0.99999721 0.00099304 -0.00214132 -0.00099459 0.99999924 -0.00072184 0.00214060 0.00072397 0.99999745
0.99999627 0.00262717 -0.00074196 -0.00262504 0.99999248 0.00285408 0.00074945 -0.00285212 0.99999565
0.99999856 0.00139797 0.00096291 -0.00140357 0.99998197 0.00583792 -0.00095474 -0.00583927 0.99998250
0.99999996 -0.00010986 -0.00025822 0.00010995 0.99999994 0.00033920 0.00025818 -0.00033923 0.99999991
0.99999877 -0.00157070 0.00000692 0.00157071 0.99999633 -0.00220733 -0.00000345 0.00220734 0.99999756
0.99999876 -0.00124923 0.00096318 0.00125397 0.99998706 -0.00493080 -0.00095701 0.00493200 0.99998738
0.99999769 0.00019377 0.00214016 -0.00018718 0.99999524 -0.00308081 -0.00214075 0.00308040 0.99999296
0.99999444 0.00041419 0.00330750 -0.00041050 0.99999929 -0.00111555 -0.00330796 0.00111418 0.99999391
0.99997786 -0.00532863 0.00398617 0.00532120 0.99998409 0.00187122 -0.00399607 -0.00184997 0.99999030
0.99998855 -0.00310348 0.00364154 0.00309899 0.99999443 0.00123642 -0.00364536 -0.00122512 0.99999261
0.99998108 -0.00489141 0.00373094 0.00487084 0.99997300 0.00550196 -0.00375775 -0.00548369 0.99997790
0.99999839 -0.00079591 0.00160967 0.00078793 0.99998744 0.00494968 -0.00161359 -0.00494841 0.99998645
0.99999492 0.00225495 0.00225154 -0.00225643 0.99999724 0.00065115 -0.00225007 -0.00065623 0.99999725
0.99999496 0.00226479 0.00222494 -0.00225122 0.99997896 -0.00608396 -0.00223867 0.00607892 0.99997902
0.99997782 0.00645184 0.00165199 -0.00644457 0.99996970 -0.00436548 -0.00168011 0.00435474 0.99998911
0.99999988 -0.00039799 -0.00027346 0.00039797 0.99999992 -0.00007018 0.00027349 0.00007007 0.99999996
0.99999456 -0.00258409 -0.00204852 0.00258589 0.99999627 0.00087698 0.00204625 -0.00088227 0.99999752
0.99999495 -0.00190834 -0.00254142 0.00190362 0.99999646 -0.00185984 0.00254496 0.00185499 0.99999504
0.99999698 0.00123463 -0.00212274 -0.00124259 0.99999219 -0.00375209 0.00211809 0.00375472 0.99999071
0.99999913 0.00015060 -0.00131253 -0.00015078 0.99999998 -0.00013722 0.00131251 0.00013742 0.99999913
0.99999085 0.00382337 -0.00192008 -0.00381772 0.99998840 0.00293625 0.00193129 -0.00292889 0.99999385
0.99999848 0.00009681 -0.00173959 -0.00009293 0.99999752 0.00222598 0.00173981 -0.00222581 0.99999601
0.99999875 -0.00044443 -0.00151954 0.00044234 0.99999895 -0.00137669 0.00152015 0.00137601 0.99999790
0.99999855 0.00146093 -0.00087209 -0.00146170 0.99999855 -0.00087388 0.00087081 0.00087515 0.99999924
0.99999996 -0.00005235 0.00027373 0.00005197 0.99999906 0.00137222 -0.00027380 -0.00137220 0.99999902
0.99999880 0.00120748 0.00096551 -0.00120706 0.99999918 -0.00043541 -0.00096604 0.00043425 0.99999944
0.99999979 0.00006539 0.00065222 -0.00006446 0.99999896 -0.00143870 -0.00065231 0.00143866 0.99999875
0.99999382 -0.00315719 0.00154677 0.00315773 0.99999495 -0.00034503 -0.00154567 0.00034991 0.99999874
0.99999939 -0.00054868 0.00095599 0.00054541 0.99999400 0.00342055 -0.00095786 -0.00342003 0.99999369
0.99999926 -0.00121278 -0.00008866 0.00121310 0.99999278 0.00360072 0.00008429 -0.00360083 0.99999351
0.99999757 -0.00208226 -0.00072772 0.00208356 0.99999624 0.00178361 0.00072401 -0.00178512 0.99999814
0.99999967 0.00080739 0.00009482 -0.00080738 0.99999966 -0.00013698 -0.00009493 0.00013690 0.99999999
0.99999981 0.00052520 0.00032927 -0.00052606 0.99999646 0.00260828 -0.00032790 -0.00260845 0.99999654
0.99999990 0.00023951 -0.00036768 -0.00023848 0.99999606 0.00279632 0.00036835 -0.00279624 0.99999602
0.99999377 -0.00352308 -0.00020378 0.00352329 0.99999329 0.00100549 0.00020023 -0.00100620 0.99999947
0.99999972 -0.00042737 0.00060963 0.00042811 0.99999917 -0.00121445 -0.00060911 0.00121471 0.99999908
0.99999787 -0.00205842 -0.00015478 0.00205786 0.99999156 -0.00355734 0.00016210 0.00355702 0.99999366
0.99999653 -0.00251082 0.00079288 0.00251258 0.99999437 -0.00222608 -0.00078728 0.00222807 0.99999721
0.99999913 0.00034511 0.00127511 -0.00034728 0.99999850 0.00169921 -0.00127452 -0.00169965 0.99999774
0.99999882 -0.00093868 0.00121386 0.00093494 0.99999483 0.00307795 -0.00121675 -0.00307681 0.99999453
0.99999764 -0.00215815 0.00025584 0.00215787 0.99999710 0.00107318 -0.00025815 -0.00107262 0.99999939
0.99999668 -0.00256759 -0.00019536 0.00256776 0.99999635 0.00084172 0.00019320 -0.00084222 0.99999963
0.99999917 -0.00101523 -0.00078704 0.00101553 0.99999941 0.00038354 0.00078665 -0.00038434 0.99999962
0.99999846 -0.00157825 -0.00076825 0.00157691 0.99999724 -0.00174201 0.00077100 0.00174080 0.99999819
0.99999963 0.00083992 -0.00017983 -0.00084007 0.99999927 -0.00086419 0.00017910 0.00086434 0.99999961
0.99999723 -0.00234448 0.00021430 0.00234381 0.99999254 0.00307077 -0.00022150 -0.00307026 0.99999526
0.99999282 0.00358967 -0.00121297 -0.00358964 0.99999356 0.00003065 0.00121307 -0.00002630 0.99999926
0.99999792 -0.00125306 -0.00160806 0.00124633 0.99999051 -0.00417566 0.00161328 0.00417364 0.99998999
0.99999907 0.00093785 -0.00098783 -0.00094148 0.99999277 -0.00368552 0.00098437 0.00368644 0.99999272
0.99999307 0.00371076 0.00030236 -0.00371060 0.99999297 -0.00053976 -0.00030436 0.00053863 0.99999981
0.99999796 0.00201804 -0.00011533 -0.00201792 0.99999747 0.00099307 0.00011733 -0.00099283 0.99999950
0.99999932 -0.00043770 -0.00108460 0.00043785 0.99999989 0.00013767 0.00108454 -0.00013815 0.99999940
0.99999843 -0.00173833 -0.00035457 0.00173824 0.99999846 -0.00024821 0.00035500 0.00024760 0.99999991
0.99999927 -0.00072884 -0.00096317 0.00072881 0.99999973 -0.00003762 0.00096320 0.00003692 0.99999954
0.99999654 -0.00231258 -0.00124992 0.00231314 0.99999722 0.00045083 0.00124888 -0.00045372 0.99999912
0.99999767 -0.00196976 -0.00088685 0.00197038 0.99999782 0.00069272 0.00088548 -0.00069447 0.99999937
0.99999914 0.00025516 -0.00128640 -0.00025607 0.99999972 -0.00070119 0.00128622 0.00070152 0.99999893
0.99999956 -0.00028794 -0.00089602 0.00028765 0.99999991 -0.00031936 0.00089611 0.00031910 0.99999955
0.99999921 -0.00087841 -0.00090054 0.00088025 0.99999752 0.00204402 0.00089874 -0.00204481 0.99999751
0.99999899 0.00111122 -0.00088299 -0.00110979 0.99999808 0.00161288 0.00088478 -0.00161190 0.99999831
0.99999963 0.00002188 -0.00086348 -0.00002195 1.00000000 -0.00008554 0.00086348 0.00008556 0.99999962
0.99999950 0.00037986 -0.00092904 -0.00038082 0.99999940 -0.00103099 0.00092864 0.00103134 0.99999904
0.99999979 0.00057238 -0.00031239 -0.00057218 0.99999964 0.00063308 0.00031275 -0.00063290 0.99999975
0.99999988 0.00005015 0.00047850 -0.00004998 0.99999994 -0.00035308 -0.00047852 0.00035306 0.99999982
0.99999425 0.00339062 -0.00000479 -0.00339062 0.99999339 -0.00131307 0.00000034 0.00131308 0.99999914
0.99999852 0.00162991 0.00055678 -0.00162851 0.99999552 -0.00251042 -0.00056087 0.00250951 0.99999669
0.99999980 -0.00012573 0.00061853 0.00012717 0.99999727 -0.00233533 -0.00061824 0.00233541 0.99999708
0.99999302 0.00363252 0.00087083 -0.00363310 0.99999318 0.00066448 -0.00086841 -0.00066764 0.99999940
0.99999744 0.00222645 0.00040984 -0.00222719 0.99999589 0.00180656 -0.00040581 -0.00180747 0.99999828
0.99999993 0.00037562 -0.00003786 -0.00037561 0.99999991 0.00021576 0.00003794 -0.00021575 0.99999998
0.99999907 -0.00114218 0.00074218 0.00114264 0.99999916 -0.00061385 -0.00074148 0.00061470 0.99999954
0.99999836 -0.00174730 0.00047534 0.00174856 0.99999491 -0.00267002 -0.00047067 0.00267084 0.99999632
0.99999943 -0.00099121 0.00039744 0.00099116 0.99999950 0.00012483 -0.00039756 -0.00012444 0.99999991
0.99999622 0.00196937 0.00191694 -0.00197383 0.99999535 0.00232670 -0.00191235 -0.00233048 0.99999546
0.99998845 0.00013453 0.00480417 -0.00013996 0.99999935 0.00112907 -0.00480401 -0.00112973 0.99998782
0.99996321 -0.00083407 0.00853670 0.00084406 0.99999896 -0.00116663 -0.00853572 0.00117379 0.99996288
0.99991186 0.00397209 0.01266885 -0.00394435 0.99998977 -0.00221418 -0.01267752 0.00216401 0.99991730
0.99988600 0.00319227 0.01475783 -0.00316983 0.99999378 -0.00154362 -0.01476267 0.00149666 0.99988991
0.99985111 -0.00012077 0.01725539 0.00013181 0.99999979 -0.00063822 -0.01725531 0.00064040 0.99985091
0.99978492 0.00129734 0.02069838 -0.00127190 0.99999842 -0.00124196 -0.02069996 0.00121536 0.99978499
0.99965034 0.00524923 0.02591600 -0.00520246 0.99998472 -0.00187185 -0.02592543 0.00173637 0.99966237
0.99957645 0.00501381 0.02866658 -0.00502445 0.99998733 0.00029894 -0.02866472 -0.00044285 0.99958898
0.99956456 0.00194957 0.02944312 -0.00203247 0.99999405 0.00278601 -0.02943751 -0.00284464 0.99956257
0.99948500 0.00198627 0.03202804 -0.00201886 0.99999748 0.00098501 -0.03202600 -0.00104917 0.99948649
0.99939565 0.00090518 0.03474929 -0.00087974 0.99999933 -0.00074737 -0.03474995 0.00071635 0.99939578
0.99929451 0.00233311 0.03748385 -0.00230385 0.99999701 -0.00082374 -0.03748566 0.00073680 0.99929689
0.99913228 0.00500094 0.04134815 -0.00501577 0.99998739 0.00025483 -0.04134636 -0.00046200 0.99914477
0.99899678 0.00162100 0.04475264 -0.00160435 0.99999863 -0.00040799 -0.04475324 0.00033578 0.99899802
0.99881085 0.00148448 0.04873061 -0.00134272 0.99999477 -0.00294176 -0.04873472 0.00287283 0.99880763
0.99870757 -0.00082923 0.05081831 0.00101284 0.99999305 -0.00358740 -0.05081499 0.00363423 0.99870147
0.99875098 -0.00040217 0.04996313 0.00050903 0.99999761 -0.00212607 -0.04996216 0.00214885 0.99874880
0.99878165 -0.00122998 0.04933255 0.00118528 0.99999886 0.00093547 -0.04933365 -0.00087585 0.99878197
0.99884601 -0.00101101 0.04801686 0.00075061 0.99998492 0.00544074 -0.04802164 -0.00539842 0.99883171
0.99890458 0.00310137 0.04669071 -0.00324840 0.99999000 0.00307353 -0.04668071 -0.00322183 0.99890467
0.99893594 0.00502425 0.04584470 -0.00513368 0.99998425 0.00226966 -0.04583257 -0.00250260 0.99894600
0.99883307 0.00659634 0.04784334 -0.00648752 0.99997600 -0.00242937 -0.04785821 0.00211615 0.99885190
0.99880811 0.00396328 0.04864816 -0.00379200 0.99998628 -0.00361273 -0.04866181 0.00342395 0.99880944
0.99877581 0.00135682 0.04944742 -0.00127702 0.99999783 -0.00164529 -0.04944954 0.00158013 0.99877537
0.99866903 0.00290506 0.05149486 -0.00290792 0.99999577 -0.00001940 -0.05149470 -0.00013037 0.99867326
0.99861708 0.00477990 0.05235532 -0.00475130 0.99998849 -0.00067065 -0.05235792 0.00042097 0.99862829
0.99864793 0.00632087 0.05159810 -0.00644093 0.99997692 0.00216081 -0.05158325 -0.00249023 0.99866559
0.99849552 0.00576896 0.05452906 -0.00595572 0.99997694 0.00326310 -0.05450897 -0.00358295 0.99850685
0.99840030 0.00310458 0.05645529 -0.00326142 0.99999107 0.00268613 -0.05644644 -0.00286595 0.99840152
0.99822520 0.00182746 0.05952410 -0.00206733 0.99998999 0.00396836 -0.05951626 -0.00408437 0.99821898
0.99827182 0.00080777 0.05875987 -0.00098847 0.99999487 0.00304626 -0.05875711 -0.00309907 0.99826750
0.99830839 0.00184567 0.05811161 -0.00175525 0.99999717 -0.00160695 -0.05811441 0.00150223 0.99830880
0.99830002 0.00201033 0.05824973 -0.00182282 0.99999299 -0.00327205 -0.05825590 0.00316031 0.99829668
0.99831988 0.00103699 0.05793391 -0.00094523 0.99999826 -0.00161123 -0.05793548 0.00155377 0.99831912
0.99844809 -0.00167239 0.05566513 0.00173774 0.99999786 -0.00112565 -0.05566313 0.00122063 0.99844886
0.99857475 -0.00400083 0.05322096 0.00413810 0.99998839 -0.00246934 -0.05321046 0.00268606 0.99857971
0.99872456 -0.00214464 0.05044456 0.00217292 0.99999751 -0.00050574 -0.05044335 0.00061471 0.99872673
0.99893580 -0.00107414 0.04610974 0.00104570 0.99999925 0.00064076 -0.04611039 -0.00059186 0.99893617
0.99914723 -0.00172796 0.04125325 0.00168187 0.99999792 0.00115196 -0.04125516 -0.00108160 0.99914806
0.99933196 -0.00275371 0.03644254 0.00278654 0.99999576 -0.00085012 -0.03644004 0.00095110 0.99933539
0.99948479 -0.00062985 0.03208999 0.00064651 0.99999966 -0.00050881 -0.03208965 0.00052930 0.99948485
0.99958138 0.00113019 0.02891010 -0.00114031 0.99999929 0.00033360 -0.02890971 -0.00036642 0.99958196
0.99967333 0.00029443 0.02555660 -0.00024894 0.99999838 -0.00178306 -0.02555708 0.00177612 0.99967179
0.99976116 -0.00163220 0.02179362 0.00167008 0.99999713 -0.00172003 -0.02179075 0.00175601 0.99976101
0.99982685 -0.00151039 0.01854698 0.00150412 0.99999881 0.00035162 -0.01854749 -0.00032366 0.99982793
0.99989643 -0.00109981 0.01435003 0.00110029 0.99999939 -0.00002520 -0.01434999 0.00004099 0.99989703
0.99994973 -0.00005682 0.01002686 0.00005322 0.99999993 0.00035958 -0.01002688 -0.00035903 0.99994967
0.99997637 -0.00142245 0.00672540 0.00141756 0.99999873 0.00073168 -0.00672643 -0.00072213 0.99997712
0.99999111 -0.00107492 0.00407804 0.00107438 0.99999941 0.00013462 -0.00407819 -0.00013024 0.99999168
0.99999915 -0.00067510 0.00111366 0.00067406 0.99999934 0.00092899 -0.00111428 -0.00092824 0.99999895
0.99999998 -0.00010253 -0.00016924 0.00010273 0.99999932 0.00115856 0.00016912 -0.00115858 0.99999931
0.99999667 -0.00106878 -0.00235086 0.00106936 0.99999940 0.00024291 0.00235060 -0.00024542 0.99999721
0.99998895 -0.00126494 -0.00452730 0.00126064 0.99999875 -0.00095343 0.00452850 0.00094772 0.99998930
0.99997789 -0.00066266 -0.00661640 0.00065394 0.99999891 -0.00132048 0.00661727 0.00131612 0.99997724
0.99996105 0.00052623 -0.00881031 -0.00053405 0.99999947 -0.00088518 0.00880984 0.00088985 0.99996080
0.99994997 0.00173670 -0.00985089 -0.00173171 0.99999837 0.00051519 0.00985177 -0.00049811 0.99995135
0.99995169 0.00103074 -0.00977560 -0.00100663 0.99999644 0.00247130 0.00977811 -0.00246134 0.99994916
0.99995056 0.00127782 -0.00986155 -0.00126049 0.99999765 0.00176342 0.00986378 -0.00175090 0.99994982
0.99994835 0.00013578 -0.01016300 -0.00012448 0.99999937 0.00111335 0.01016314 -0.00111203 0.99994774
0.99994296 0.00044018 -0.01067159 -0.00044140 0.99999990 -0.00011237 0.01067153 0.00011708 0.99994305
0.99993705 0.00099276 -0.01117615 -0.00100548 0.99999885 -0.00113295 0.01117502 0.00114411 0.99993690
0.99993269 0.00130363 -0.01152881 -0.00130887 0.99999904 -0.00044681 0.01152822 0.00046187 0.99993344
0.99992682 0.00068222 -0.01207839 -0.00067905 0.99999973 0.00026648 0.01207857 -0.00025826 0.99992702
0.99991595 -0.00026161 -0.01296272 0.00026069 0.99999996 -0.00007289 0.01296273 0.00006950 0.99991598
0.99991720 -0.00028086 -0.01286528 0.00025291 0.99999760 -0.00217440 0.01286586 0.00217097 0.99991487
0.99989989 0.00215902 -0.01398381 -0.00218444 0.99999599 -0.00180331 0.01397986 0.00183367 0.99990060
0.99988870 0.00162451 -0.01483069 -0.00165324 0.99999678 -0.00192536 0.01482752 0.00194966 0.99988817
0.99987332 -0.00185163 -0.01580848 0.00188825 0.99999557 0.00230136 0.01580415 -0.00233092 0.99987239
0.99983800 -0.00257120 -0.01781487 0.00272229 0.99996049 0.00846240 0.01779241 -0.00850952 0.99980549
0.99979179 0.00202312 -0.02030493 -0.00187008 0.99996972 0.00755329 0.02031960 -0.00751374 0.99976530
0.99972313 -0.00090174 -0.02351265 0.00094315 0.99999802 0.00175012 0.02351102 -0.00177181 0.99972201
0.99956434 -0.00529946 -0.02903534 0.00516205 0.99997513 -0.00480542 0.02906008 0.00465344 0.99956683
0.99937699 -0.00561623 -0.03484391 0.00538276 0.99996246 -0.00679071 0.03488074 0.00659892 0.99936970
0.99933717 0.00708743 -0.03570687 -0.00722874 0.99996654 -0.00383000 0.03567853 0.00408558 0.99935497
0.99944791 0.01173497 -0.03108333 -0.01167618 0.99992968 0.00207203 0.03110546 -0.00170795 0.99951465
0.99969594 0.00590335 -0.02394119 -0.00580173 0.99997387 0.00431178 0.02396602 -0.00417157 0.99970407
0.99980614 0.00060351 -0.01968059 -0.00056286 0.99999770 0.00207118 0.01968179 -0.00205970 0.99980417
0.99978502 -0.00087810 -0.02071577 0.00087453 0.99999960 -0.00018122 0.02071592 0.00016307 0.99978539
0.99966028 -0.00151176 -0.02602009 0.00149073 0.99999855 -0.00082782 0.02602130 0.00078875 0.99966108
0.99956126 -0.00256807 -0.02950752 0.00250124 0.99999422 -0.00230132 0.02951326 0.00222651 0.99956191
0.99946341 -0.00435441 -0.03246425 0.00432854 0.99999026 -0.00086707 0.03246771 0.00072608 0.99947252
0.99930487 -0.00354014 -0.03711123 0.00348033 0.99999254 -0.00167622 0.03711688 0.00154590 0.99930974
0.99918200 0.00115946 -0.04042259 -0.00135935 0.99998698 -0.00491788 0.04041636 0.00496881 0.99917057
0.99911147 0.00339270 -0.04200909 -0.00356146 0.99998588 -0.00394290 0.04199512 0.00408901 0.99910945
0.99909786 -0.00016855 -0.04246701 0.00006404 0.99999697 -0.00246244 0.04246729 0.00245750 0.99909484
0.99909208 -0.00224703 -0.04254381 0.00225258 0.99999746 0.00008261 0.04254351 -0.00017837 0.99909460
0.99915675 0.00139728 -0.04103462 -0.00127322 0.99999454 0.00304949 0.04103866 -0.00299467 0.99915307
0.99917669 0.00212095 -0.04051469 -0.00202231 0.99999489 0.00247559 0.04051973 -0.00239162 0.99917588
0.99920070 -0.00057636 -0.03997027 0.00058747 0.99999979 0.00026611 0.03997010 -0.00028938 0.99920083
0.99917602 0.00029815 -0.04058555 -0.00027015 0.99999972 0.00069537 0.04058575 -0.00068384 0.99917583
0.99920510 0.00024590 -0.03986366 -0.00013065 0.99999580 0.00289366 0.03986421 -0.00288615 0.99920094
0.99918385 0.00418050 -0.04017662 -0.00417514 0.99999126 0.00021734 0.04017718 -0.00004942 0.99919257
0.99921992 0.00222491 -0.03942838 -0.00233857 0.99999324 -0.00283687 0.03942180 0.00292687 0.99921837
0.99929990 -0.00315646 -0.03727938 0.00296882 0.99998265 -0.00508769 0.03729479 0.00497345 0.99929193
0.99929575 -0.00034433 -0.03752180 0.00021035 0.99999359 -0.00357467 0.03752279 0.00356425 0.99928942
0.99936700 0.00333502 -0.03541864 -0.00325616 0.99999209 0.00228390 0.03542598 -0.00216713 0.99936995
0.99942208 0.00672024 -0.03332170 -0.00657172 0.99996799 0.00456474 0.03335131 -0.00434312 0.99943425
0.99953338 0.00043870 -0.03054233 -0.00035798 0.99999643 0.00264805 0.03054338 -0.00263588 0.99952997
0.99958944 0.00054983 -0.02864688 -0.00061782 0.99999701 -0.00236447 0.02864550 0.00238120 0.99958680
0.99963630 -0.00261291 -0.02684102 0.00252490 0.99999133 -0.00331214 0.02684944 0.00324316 0.99963423
0.99966740 0.00101446 -0.02576950 -0.00102246 0.99999943 -0.00029750 0.02576918 0.00032375 0.99966787
0.99970440 0.00391837 -0.02399490 -0.00384078 0.99998725 0.00327896 0.02400744 -0.00318583 0.99970670
0.99974620 0.00138508 -0.02248575 -0.00134354 0.99999736 0.00186249 0.02248827 -0.00183181 0.99974543
0.99979040 0.00026963 -0.02047163 -0.00027780 0.99999988 -0.00039620 0.02047152 0.00040181 0.99979036
0.99984026 -0.00006509 -0.01787310 -0.00000776 0.99999169 -0.00407604 0.01787321 0.00407552 0.99983196
0.99984335 0.00015137 -0.01769881 -0.00023763 0.99998810 -0.00487173 0.01769786 0.00487517 0.99983150
0.99987927 -0.00067335 -0.01552404 0.00063159 0.99999617 -0.00269466 0.01552580 0.00268453 0.99987586
0.99991927 -0.00036732 -0.01270077 0.00037907 0.99999950 0.00092267 0.01270043 -0.00092741 0.99991892
0.99995497 0.00314569 -0.00895389 -0.00313386 0.99999420 0.00133548 0.00895804 -0.00130736 0.99995902
0.99998729 0.00229852 -0.00448836 -0.00229539 0.99999712 0.00070305 0.00448996 -0.00069273 0.99998968
0.99999902 0.00136021 -0.00033503 -0.00136028 0.99999905 -0.00021597 0.00033473 0.00021643 0.99999992
0.99999619 0.00188055 0.00202188 -0.00187911 0.99999798 -0.00071043 -0.00202322 0.00070663 0.99999770
0.99999653 -0.00058297 0.00256755 0.00058549 0.99999935 -0.00097978 -0.00256698 0.00098128 0.99999622
0.99999223 -0.00153660 0.00363002 0.00154005 0.99999836 -0.00094909 -0.00362856 0.00095468 0.99999296
0.99999346 -0.00012096 0.00361368 0.00012080 0.99999999 0.00004613 -0.00361368 -0.00004569 0.99999347
0.99999108 0.00176276 0.00383732 -0.00176861 0.99999727 0.00152386 -0.00383463 -0.00153063 0.99999148
0.99998817 0.00129450 0.00468957 -0.00130187 0.99999792 0.00156716 -0.00468753 -0.00157325 0.99998778
0.99998479 0.00219195 0.00506073 -0.00219759 0.99999697 0.00110765 -0.00505828 -0.00111875 0.99998658
0.99998517 0.00008944 0.00544466 -0.00009337 0.99999974 0.00072189 -0.00544459 -0.00072239 0.99998492
0.99998541 -0.00013437 0.00540021 0.00013630 0.99999993 -0.00035765 -0.00540016 0.00035838 0.99998535
0.99998578 -0.00041558 0.00531751 0.00042301 0.99999894 -0.00139558 -0.00531692 0.00139781 0.99998489
0.99998539 -0.00106366 0.00529954 0.00106877 0.99999897 -0.00096146 -0.00529851 0.00096711 0.99998550
0.99998179 -0.00322690 0.00510066 0.00322957 0.99999465 -0.00051496 -0.00509897 0.00053142 0.99998686
0.99998626 -0.00195333 0.00486427 0.00196448 0.99999545 -0.00228944 -0.00485978 0.00229897 0.99998555
0.99998078 -0.00385437 0.00485545 0.00387079 0.99998681 -0.00337735 -0.00484236 0.00339608 0.99998251
0.99998412 -0.00173249 0.00536187 0.00174318 0.99999650 -0.00199082 -0.00535840 0.00200014 0.99998364
0.99998613 -0.00117320 0.00513386 0.00118147 0.99999801 -0.00160868 -0.00513196 0.00161473 0.99998553
0.99997591 -0.00428519 0.00546059 0.00428226 0.99999068 0.00054747 -0.00546288 -0.00052407 0.99998494
0.99998232 -0.00347108 0.00482741 0.00345867 0.99999070 0.00257649 -0.00483631 -0.00255974 0.99998503
0.99998055 -0.00379938 0.00494635 0.00378426 0.99998815 0.00306217 -0.00495793 -0.00304340 0.99998308
0.99997228 -0.00619170 0.00413457 0.00619711 0.99997996 -0.00129730 -0.00412646 0.00132288 0.99999061
0.99997920 -0.00428601 0.00481966 0.00429690 0.99998824 -0.00225064 -0.00480996 0.00227131 0.99998585
0.99998135 0.00179764 0.00583751 -0.00181773 0.99999244 0.00343881 -0.00583129 -0.00344936 0.99997705
0.99997808 0.00093448 0.00655526 -0.00097366 0.99998167 0.00597578 -0.00654956 -0.00598203 0.99996066
0.99997379 0.00190884 0.00698362 -0.00191104 0.99999813 0.00030866 -0.00698302 -0.00032200 0.99997557
0.99996142 0.00251573 0.00841628 -0.00247452 0.99998492 -0.00490249 -0.00842849 0.00488147 0.99995256
0.99995545 0.00260333 0.00907356 -0.00256275 0.99998668 -0.00448111 -0.00908511 0.00445765 0.99994879
0.99994321 0.00291544 0.01025083 -0.00288763 0.99999211 -0.00272657 -0.01025870 0.00269682 0.99994374
0.99995103 0.00087979 0.00985689 -0.00085379 0.99999615 -0.00264206 -0.00985918 0.00263351 0.99994793
0.99994900 0.00170944 0.00995385 -0.00169697 0.99999776 -0.00126176 -0.00995599 0.00124481 0.99994966
0.99995439 0.00317780 0.00900687 -0.00316441 0.99999387 -0.00150002 -0.00901158 0.00147145 0.99995831
0.99995497 0.00347891 0.00882928 -0.00343723 0.99998290 -0.00473104 -0.00884559 0.00470048 0.99994983
0.99995404 0.00203856 0.00936862 -0.00198696 0.99998282 -0.00551387 -0.00937970 0.00549500 0.99994091
0.99996090 0.00401022 0.00788102 -0.00400047 0.99999121 -0.00125320 -0.00788598 0.00122162 0.99996816
0.99995009 0.00683544 0.00728726 -0.00683706 0.99997661 0.00019667 -0.00728575 -0.00024648 0.99997343
0.99997009 0.00091232 0.00768029 -0.00089432 0.99999685 -0.00234669 -0.00768241 0.00233975 0.99996775
0.99997424 0.00367538 0.00616601 -0.00368419 0.99999221 0.00141854 -0.00616075 -0.00144122 0.99997998
0.99997953 0.00377821 0.00516421 -0.00381533 0.99996683 0.00719658 -0.00513685 -0.00721614 0.99996077
0.99999052 0.00114691 0.00420019 -0.00116938 0.99998501 0.00534966 -0.00419399 -0.00535452 0.99997687
0.99999377 0.00206701 0.00285992 -0.00206483 0.99999757 -0.00076757 -0.00286149 0.00076166 0.99999562
0.99999459 0.00222392 0.00242341 -0.00222476 0.99999747 0.00034696 -0.00242263 -0.00035235 0.99999700
0.99999785 -0.00135275 0.00156979 0.00134879 0.99999592 0.00251895 -0.00157319 -0.00251683 0.99999560
0.99999839 -0.00179097 0.00008659 0.00179059 0.99998917 0.00429660 -0.00009428 -0.00429644 0.99999077
0.99999045 -0.00434017 -0.00052129 0.00434094 0.99998949 0.00147396 0.00051489 -0.00147620 0.99999878
0.99999747 -0.00203035 -0.00096367 0.00203053 0.99999792 0.00018202 0.00096330 -0.00018398 0.99999952
0.99999807 -0.00181804 -0.00074879 0.00181794 0.99999834 -0.00012774 0.00074902 0.00012637 0.99999971
0.99999938 -0.00094895 -0.00057427 0.00095022 0.99999707 0.00222645 0.00057216 -0.00222700 0.99999736
0.99999692 -0.00244247 -0.00043554 0.00244303 0.99999617 0.00129678 0.00043237 -0.00129784 0.99999906
0.99999144 -0.00409533 -0.00058276 0.00409440 0.99999034 -0.00159584 0.00058929 0.00159344 0.99999856
0.99997573 -0.00694587 -0.00053549 0.00694190 0.99995075 -0.00709310 0.00058473 0.00708921 0.99997470
0.99997320 -0.00731577 -0.00028168 0.00731450 0.99996409 -0.00427872 0.00031298 0.00427655 0.99999081
0.99998406 -0.00555249 -0.00102097 0.00555432 0.99998295 0.00180123 0.00101095 -0.00180687 0.99999786
0.99998871 -0.00464694 -0.00099542 0.00464903 0.99998696 0.00211180 0.00098559 -0.00211640 0.99999727
0.99999912 -0.00122882 -0.00049711 0.00122931 0.99999876 0.00098859 0.00049590 -0.00098920 0.99999939
0.99999713 0.00224405 0.00083361 -0.00224411 0.99999748 0.00006924 -0.00083345 -0.00007111 0.99999965
0.99999280 0.00342310 0.00163572 -0.00342131 0.99999355 -0.00109555 -0.00163946 0.00108994 0.99999806
0.99999738 0.00136335 0.00183774 -0.00135890 0.99999615 -0.00241971 -0.00184103 0.00241721 0.99999538
0.99999777 0.00070770 0.00198986 -0.00070290 0.99999684 -0.00241457 -0.00199156 0.00241317 0.99999511
0.99999963 -0.00004127 0.00086453 0.00004154 0.99999995 -0.00030855 -0.00086452 0.00030859 0.99999958
0.99999921 -0.00091996 0.00086206 0.00091977 0.99999955 0.00022191 -0.00086227 -0.00022112 0.99999960
0.99999980 0.00006311 0.00062726 -0.00006235 0.99999927 -0.00120703 -0.00062733 0.00120699 0.99999907
0.99999922 -0.00046790 0.00115839 0.00046676 0.99999941 0.00098177 -0.00115885 -0.00098123 0.99999885
0.99999965 0.00052070 0.00065672 -0.00052185 0.99999833 0.00174964 -0.00065581 -0.00174998 0.99999825
0.99999975 0.00011029 0.00069442 -0.00010929 0.99999896 -0.00143628 -0.00069457 0.00143620 0.99999873
0.99999949 0.00099037 0.00019989 -0.00099023 0.99999925 -0.00071519 -0.00020060 0.00071499 0.99999972
0.99999928 0.00112954 0.00040226 -0.00113028 0.99999765 0.00184849 -0.00040017 -0.00184894 0.99999821
0.99999576 0.00287338 0.00047735 -0.00287345 0.99999586 0.00014207 -0.00047694 -0.00014344 0.99999988
0.99999770 0.00214549 0.00001616 -0.00214548 0.99999766 -0.00027414 -0.00001675 0.00027410 0.99999996
0.99999959 -0.00090024 -0.00005751 0.00090043 0.99999342 0.00351463 0.00005435 -0.00351468 0.99999382
0.99999990 -0.00043180 -0.00012233 0.00043186 0.99999979 0.00049187 0.00012212 -0.00049193 0.99999987
0.99999212 0.00390467 -0.00071901 -0.00390670 0.99998833 -0.00284183 0.00070790 0.00284462 0.99999570
0.99999980 0.00063262 -0.00005215 -0.00063284 0.99999090 -0.00421988 0.00004948 0.00421992 0.99999109
0.99998402 0.00562667 0.00054094 -0.00562654 0.99998414 -0.00025078 -0.00054234 0.00024774 0.99999982
0.99999519 0.00308224 0.00035121 -0.00308261 0.99999471 0.00104256 -0.00034799 -0.00104364 0.99999939
0.99999998 0.00020073 0.00001022 -0.00020076 0.99999428 0.00337719 -0.00000954 -0.00337719 0.99999430
0.99999979 -0.00004583 0.00065259 0.00004454 0.99999804 0.00197977 -0.00065267 -0.00197974 0.99999783
0.99999965 -0.00053612 0.00064585 0.00053699 0.99999894 -0.00135656 -0.00064513 0.00135690 0.99999887
0.99999974 0.00027138 0.00066404 -0.00027041 0.99999891 -0.00145282 -0.00066443 0.00145264 0.99999872
0.99999849 0.00172149 0.00022651 -0.00172139 0.99999842 -0.00043347 -0.00022726 0.00043308 0.99999988
0.99999976 0.00062970 0.00028510 -0.00062918 0.99999813 -0.00182875 -0.00028625 0.00182857 0.99999829
0.99999955 0.00089751 0.00030838 -0.00089694 0.99999785 -0.00186934 -0.00031006 0.00186907 0.99999821
0.99999968 0.00059206 0.00053622 -0.00059195 0.99999980 -0.00020699 -0.00053635 0.00020668 0.99999983
0.99999973 0.00069181 -0.00023116 -0.00069157 0.99999925 0.00100914 0.00023186 -0.00100898 0.99999946
0.99999773 0.00208440 -0.00044463 -0.00208356 0.99999605 0.00188547 0.00044856 -0.00188454 0.99999812
0.99999975 0.00060632 -0.00035769 -0.00060568 0.99999825 0.00176967 0.00035876 -0.00176946 0.99999837
0.99999679 0.00253241 -0.00003351 -0.00253243 0.99999673 -0.00034733 0.00003263 0.00034741 0.99999994
0.99999808 -0.00192210 -0.00038040 0.00192198 0.99999810 -0.00031064 0.00038100 0.00030990 0.99999988
0.99999805 0.00179447 -0.00082926 -0.00179498 0.99999820 -0.00061073 0.00082816 0.00061222 0.99999947
0.99999578 -0.00281711 -0.00071615 0.00281242 0.99997518 -0.00646046 0.00073433 0.00645842 0.99997887
0.99999473 -0.00306231 -0.00107837 0.00305716 0.99998408 -0.00474273 0.00109287 0.00473941 0.99998817
0.99999173 -0.00392277 -0.00107231 0.00392476 0.99999057 0.00185972 0.00106500 -0.00186391 0.99999770
0.99999746 0.00175759 -0.00141022 -0.00175112 0.99998799 0.00457695 0.00141825 -0.00457447 0.99998853
0.99999923 -0.00067469 -0.00104041 0.00067444 0.99999975 -0.00023319 0.00104056 0.00023249 0.99999943
0.99997891 0.00647790 -0.00046027 -0.00647921 0.99997478 -0.00290814 0.00044142 0.00291106 0.99999567
0.99999390 0.00348367 -0.00023715 -0.00348351 0.99999368 0.00070449 0.00023961 -0.00070366 0.99999972
0.99999964 0.00023771 -0.00081812 -0.00023814 0.99999983 -0.00052543 0.00081799 0.00052562 0.99999953
0.99999972 -0.00065654 -0.00036797 0.00065468 0.99998710 -0.00503757 0.00037128 0.00503733 0.99998724
0.99999993 -0.00026487 0.00026802 0.00026584 0.99999342 -0.00361722 -0.00026706 0.00361729 0.99999342
0.99999858 0.00167021 0.00024374 -0.00167068 0.99999673 0.00193519 -0.00024051 -0.00193560 0.99999810
0.99999550 0.00299585 0.00014127 -0.00299626 0.99999117 0.00294738 -0.00013244 -0.00294779 0.99999565
0.99999745 0.00225331 0.00011552 -0.00225336 0.99999736 0.00044658 -0.00011451 -0.00044684 0.99999989
0.99999956 0.00093724 0.00009296 -0.00093722 0.99999954 -0.00022067 -0.00009316 0.00022058 0.99999997
0.99999996 -0.00018209 -0.00023455 0.00018163 0.99999803 -0.00197490 0.00023491 0.00197486 0.99999802
0.99999907 0.00130986 -0.00037893 -0.00131143 0.99999042 -0.00417566 0.00037346 0.00417615 0.99999121
0.99999988 -0.00049227 -0.00002373 0.00049221 0.99999729 -0.00227513 0.00002485 0.00227512 0.99999741
0.99999534 0.00302999 0.00037920 -0.00303092 0.99999237 0.00246645 -0.00037173 -0.00246758 0.99999689
0.99999969 0.00069307 0.00038027 -0.00069410 0.99999604 0.00272558 -0.00037838 -0.00272585 0.99999621
0.99999954 0.00095786 -0.00002010 -0.00095781 0.99999758 0.00198243 0.00002200 -0.00198241 0.99999803
0.99999960 -0.00084561 0.00027615 0.00084578 0.99999946 -0.00059999 -0.00027564 0.00060022 0.99999978
0.99999954 -0.00079783 0.00052676 0.00079969 0.99999345 -0.00352853 -0.00052394 0.00352895 0.99999364
0.99999973 -0.00072690 0.00005280 0.00072713 0.99998957 -0.00450816 -0.00004952 0.00450820 0.99998984
0.99999999 -0.00007928 0.00013110 0.00007956 0.99999776 -0.00211343 -0.00013094 0.00211344 0.99999776
0.99999980 0.00044743 0.00045172 -0.00044783 0.99999952 0.00087063 -0.00045133 -0.00087083 0.99999952
0.99999871 0.00138777 0.00081476 -0.00138880 0.99999825 0.00125459 -0.00081302 -0.00125572 0.99999888
0.99999922 0.00120535 0.00032637 -0.00120505 0.99999883 -0.00093709 -0.00032750 0.00093669 0.99999951
0.99999994 0.00009527 0.00033558 -0.00009506 0.99999980 -0.00062803 -0.00033564 0.00062800 0.99999975
0.99999952 -0.00086842 0.00044713 0.00086762 0.99999803 0.00178616 -0.00044868 -0.00178577 0.99999830
0.99999952 0.00018333 0.00096179 -0.00018542 0.99999762 0.00217375 -0.00096139 -0.00217392 0.99999717
0.99999973 0.00010986 0.00073008 -0.00010993 0.99999999 0.00009536 -0.00073007 -0.00009544 0.99999973
0.99999959 0.00040438 0.00081232 -0.00040330 0.99999904 -0.00132395 -0.00081285 0.00132362 0.99999879
0.99999960 -0.00002884 0.00089648 0.00003119 0.99999657 -0.00261944 -0.00089640 0.00261947 0.99999617
0.99999974 -0.00064866 0.00032897 0.00064961 0.99999557 -0.00290316 -0.00032709 0.00290338 0.99999573
0.99999960 -0.00043253 0.00078859 0.00043244 0.99999990 0.00011443 -0.00078864 -0.00011409 0.99999968
0.99999958 0.00082001 0.00040017 -0.00081948 0.99999879 -0.00131883 -0.00040125 0.00131850 0.99999905
0.99999960 -0.00086544 -0.00021785 0.00086458 0.99999192 -0.00392640 0.00022125 0.00392621 0.99999227
0.99999842 -0.00155263 -0.00086327 0.00155019 0.99999482 -0.00282205 0.00086764 0.00282071 0.99999565
0.99999321 0.00358619 -0.00084890 -0.00358439 0.99999133 0.00211859 0.00085649 -0.00211553 0.99999740
0.99999434 0.00309912 -0.00131322 -0.00309719 0.99999412 0.00147233 0.00131777 -0.00146826 0.99999805
0.99998674 0.00514366 -0.00024296 -0.00514401 0.99998568 -0.00147423 0.00023538 0.00147546 0.99999888
0.99998497 0.00548085 -0.00011033 -0.00548084 0.99998498 0.00008072 0.00011077 -0.00008011 0.99999999
0.99999837 0.00129499 -0.00126181 -0.00129628 0.99999864 -0.00102220 0.00126048 0.00102384 0.99999868
0.99999819 0.00051382 -0.00183061 -0.00051430 0.99999983 -0.00026417 0.00183048 0.00026511 0.99999829
0.99999767 0.00064036 -0.00205972 -0.00064366 0.99999851 -0.00160050 0.00205869 0.00160182 0.99999660
0.99999539 0.00249222 -0.00173328 -0.00249287 0.99999682 -0.00037107 0.00173235 0.00037539 0.99999843
0.99998760 0.00448057 -0.00217380 -0.00447498 0.99998668 0.00257102 0.00218529 -0.00256126 0.99999433
0.99999018 0.00382559 -0.00223891 -0.00381936 0.99998885 0.00277824 0.00224951 -0.00276966 0.99999363
0.99999279 0.00300767 -0.00231912 -0.00301240 0.99999338 -0.00204156 0.00231296 0.00204853 0.99999523
0.99999279 0.00321965 -0.00201532 -0.00322540 0.99999071 -0.00286078 0.00200609 0.00286726 0.99999388
0.99999713 0.00095400 -0.00219629 -0.00095734 0.99999839 -0.00152002 0.00219484 0.00152212 0.99999643
0.99999536 0.00132576 -0.00274356 -0.00131989 0.99999684 0.00213890 0.00274638 -0.00213527 0.99999395
0.99999535 0.00164172 -0.00257040 -0.00163937 0.99999824 0.00091719 0.00257190 -0.00091297 0.99999628
0.99999624 0.00182988 -0.00204337 -0.00183234 0.99999760 -0.00119915 0.00204117 0.00120289 0.99999719
0.99999594 0.00174928 -0.00224912 -0.00175218 0.99999764 -0.00128675 0.00224686 0.00129069 0.99999664
0.99999568 0.00237091 -0.00173620 -0.00237001 0.99999706 0.00052204 0.00173743 -0.00051792 0.99999836
0.99999670 0.00085967 -0.00242024 -0.00085974 0.99999963 -0.00002673 0.00242022 0.00002881 0.99999707
0.99999506 0.00217039 -0.00227240 -0.00217097 0.99999761 -0.00025221 0.00227184 0.00025715 0.99999739
0.99999563 0.00126598 -0.00267230 -0.00127170 0.99999689 -0.00214309 0.00266957 0.00214648 0.99999413
0.99999468 0.00200896 -0.00256994 -0.00201139 0.99999753 -0.00094338 0.00256804 0.00094854 0.99999625
0.99999548 0.00213398 -0.00211843 -0.00213421 0.99999772 -0.00010313 0.00211820 0.00010765 0.99999775
0.99999249 0.00339321 -0.00187265 -0.00339409 0.99999413 -0.00046674 0.00187106 0.00047309 0.99999814
0.99999502 0.00232487 -0.00213578 -0.00232905 0.99999538 -0.00195376 0.00213123 0.00195873 0.99999581
0.99999557 0.00160667 -0.00250385 -0.00160595 0.99999867 0.00029049 0.00250431 -0.00028647 0.99999682
0.99999704 0.00041464 -0.00239911 -0.00041528 0.99999988 -0.00026357 0.00239900 0.00026456 0.99999709
0.99999584 0.00113590 -0.00264981 -0.00113830 0.99999894 -0.00090340 0.00264878 0.00090641 0.99999608
0.99999659 0.00031955 -0.00259031 -0.00032444 0.99999817 -0.00188713 0.00258970 0.00188797 0.99999486
0.99999587 0.00122614 -0.00260113 -0.00122849 0.99999884 -0.00090512 0.00260002 0.00090831 0.99999621
0.99999834 0.00043774 -0.00177044 -0.00044058 0.99999862 -0.00160212 0.00176974 0.00160289 0.99999715
0.99999098 0.00363669 -0.00219239 -0.00363926 0.99999270 -0.00116854 0.00218812 0.00117651 0.99999691
0.99999573 0.00291725 0.00018240 -0.00291713 0.99999550 -0.00069675 -0.00018443 0.00069621 0.99999974
0.99997769 0.00662658 0.00084654 -0.00662802 0.99997658 0.00170591 -0.00083521 -0.00171148 0.99999819
0.99999899 0.00141868 0.00009716 -0.00141881 0.99999801 0.00140459 -0.00009517 -0.00140473 0.99999901
0.99999301 -0.00373920 0.00003904 0.00373922 0.99999287 -0.00053340 -0.00003705 0.00053354 0.99999986
0.99999206 0.00398355 0.00013770 -0.00398327 0.99999014 -0.00196487 -0.00014552 0.00196431 0.99999806
0.99999573 -0.00238682 0.00168624 0.00238783 0.99999697 -0.00059324 -0.00168482 0.00059726 0.99999840
0.99998249 0.00511810 0.00297110 -0.00511746 0.99998688 -0.00022299 -0.00297220 0.00020778 0.99999556
0.99997591 0.00531182 0.00446904 -0.00531029 0.99998584 -0.00035415 -0.00447086 0.00033041 0.99998995
0.99997660 0.00502332 0.00464425 -0.00502327 0.99998738 -0.00002284 -0.00464431 -0.00000049 0.99998922
0.99999304 0.00262675 0.00265142 -0.00262400 0.99999602 -0.00103924 -0.00265414 0.00103228 0.99999594
0.99999088 -0.00148243 0.00400454 0.00149114 0.99999653 -0.00217164 -0.00400131 0.00217759 0.99998962
0.99998983 -0.00090939 0.00441718 0.00091335 0.99999918 -0.00089438 -0.00441636 0.00089841 0.99998984
0.99998496 0.00080984 0.00542496 -0.00080920 0.99999967 -0.00011975 -0.00542505 0.00011536 0.99998528
0.99998461 0.00080513 0.00548980 -0.00079724 0.99999865 -0.00143957 -0.00549095 0.00143517 0.99998389
0.99998155 0.00007916 0.00607404 -0.00004394 0.99998319 -0.00579764 -0.00607439 0.00579726 0.99996475
0.99997473 0.00352658 0.00617344 -0.00350807 0.99998932 -0.00300732 -0.00618398 0.00298559 0.99997642
0.99998097 0.00195414 0.00585145 -0.00197444 0.99999205 0.00346552 -0.00584463 -0.00347700 0.99997688
0.99997721 -0.00159196 0.00656047 0.00156664 0.99999131 0.00386319 -0.00656656 -0.00385282 0.99997102
0.99998034 0.00003378 0.00627089 -0.00002556 0.99999914 -0.00131012 -0.00627093 0.00130993 0.99997948
0.99998083 -0.00062986 0.00616011 0.00065159 0.99999357 -0.00352570 -0.00615785 0.00352964 0.99997481
0.99998737 0.00051011 0.00500052 -0.00051340 0.99999965 0.00065648 -0.00500018 -0.00065904 0.99998728
0.99999002 -0.00152928 0.00419735 0.00152597 0.99999852 0.00079334 -0.00419856 -0.00078693 0.99999088
0.99999544 -0.00013439 0.00301563 0.00014651 0.99999191 -0.00401950 -0.00301506 0.00401993 0.99998737
0.99999406 0.00137146 0.00316063 -0.00135335 0.99998270 -0.00572511 -0.00316843 0.00572080 0.99997862
0.99999364 -0.00236862 0.00266574 0.00236479 0.99999617 0.00143986 -0.00266914 -0.00143355 0.99999541
0.99999868 -0.00118568 0.00111180 0.00118106 0.99999069 0.00415126 -0.00111671 -0.00414994 0.99999077
0.99999859 -0.00166729 -0.00022238 0.00166760 0.99999766 0.00137896 0.00022008 -0.00137933 0.99999902
0.99999907 -0.00129312 -0.00043972 0.00129241 0.99999789 -0.00159492 0.00044179 0.00159435 0.99999863
0.99999881 -0.00150162 -0.00034378 0.00149986 0.99998604 -0.00506636 0.00035139 0.00506583 0.99998711
0.99999907 -0.00125453 -0.00053914 0.00125120 0.99998035 -0.00614239 0.00054684 0.00614171 0.99998099
0.99999733 -0.00182700 -0.00141723 0.00182202 0.99999217 -0.00351349 0.00142364 0.00351090 0.99999282
0.99999333 -0.00292399 -0.00218760 0.00292344 0.99999569 -0.00025559 0.00218833 0.00024919 0.99999757
0.99998828 -0.00413283 -0.00252307 0.00413338 0.99999143 0.00021531 0.00252216 -0.00022573 0.99999679
0.99998936 -0.00385600 -0.00253296 0.00385972 0.99999148 0.00146377 0.00252729 -0.00147353 0.99999572
0.99999211 -0.00170978 -0.00358563 0.00171813 0.99999581 0.00232793 0.00358163 -0.00233407 0.99999086
0.99998594 -0.00404281 -0.00343153 0.00405326 0.99998715 0.00304484 0.00341918 -0.00305871 0.99998948
0.99999031 -0.00175675 -0.00403695 0.00176775 0.99999474 0.00272070 0.00403215 -0.00272781 0.99998815
0.99998803 -0.00203093 -0.00445203 0.00201736 0.99999331 -0.00305089 0.00445819 0.00304188 0.99998544
0.99998185 -0.00281531 -0.00532711 0.00277126 0.99996207 -0.00825751 0.00535015 0.00824259 0.99995172
0.99997161 -0.00486922 -0.00575054 0.00482728 0.99996180 -0.00728618 0.00578580 0.00725821 0.99995692
0.99997852 -0.00116140 -0.00645055 0.00115665 0.99999906 -0.00073892 0.00645140 0.00073144 0.99997892
0.99998781 -0.00100609 -0.00483373 0.00103012 0.99998711 0.00497116 0.00482867 -0.00497608 0.99997596
0.99999446 0.00161254 -0.00291318 -0.00160189 0.99999204 0.00365295 0.00291905 -0.00364826 0.99998908
0.99999780 0.00162850 -0.00132104 -0.00162417 0.99999331 0.00327764 0.00132637 -0.00327549 0.99999376
0.99999961 -0.00001068 -0.00088294 0.00001044 0.99999996 -0.00027392 0.00088294 0.00027391 0.99999957
0.99999659 -0.00220007 -0.00140797 0.00219370 0.99998743 -0.00450955 0.00141787 0.00450645 0.99998884
0.99999619 -0.00244250 -0.00128248 0.00243570 0.99998312 -0.00527422 0.00129534 0.00527107 0.99998527
0.99999776 -0.00157060 -0.00141783 0.00156735 0.99999614 -0.00229217 0.00142143 0.00228994 0.99999637
0.99999873 -0.00058085 -0.00148433 0.00058082 0.99999983 -0.00001936 0.00148434 0.00001850 0.99999890
0.99999830 0.00027636 -0.00182237 -0.00027319 0.99999845 0.00173730 0.00182285 -0.00173680 0.99999683
0.99999854 -0.00154785 -0.00072390 0.00154830 0.99999861 0.00061883 0.00072295 -0.00061995 0.99999955
0.99999761 -0.00195595 -0.00097817 0.00195598 0.99999809 0.00002595 0.00097812 -0.00002786 0.99999952
0.99999894 -0.00120038 -0.00082153 0.00120094 0.99999904 0.00068488 0.00082071 -0.00068587 0.99999943
0.99999786 -0.00197945 -0.00059381 0.00198046 0.99999660 0.00169904 0.00059045 -0.00170021 0.99999838
0.99999761 -0.00211898 -0.00053027 0.00211948 0.99999732 0.00093205 0.00052829 -0.00093318 0.99999943
0.99999979 -0.00041990 -0.00049679 0.00041929 0.99999918 -0.00120846 0.00049729 0.00120825 0.99999915
0.99999668 -0.00256115 -0.00028062 0.00256131 0.99999656 0.00057387 0.00027915 -0.00057459 0.99999980
0.99999900 -0.00132574 -0.00049949 0.00132627 0.99999855 0.00106398 0.00049808 -0.00106464 0.99999931
0.99999781 -0.00193851 -0.00079413 0.00193611 0.99999359 -0.00301339 0.00079997 0.00301185 0.99999514
0.99999941 0.00023427 -0.00105900 -0.00024045 0.99998290 -0.00584310 0.00105762 0.00584335 0.99998237
0.99999798 -0.00193535 -0.00053920 0.00193356 0.99999267 -0.00330336 0.00054559 0.00330231 0.99999440
1.00000000 0.00001044 -0.00005433 -0.00001045 0.99999999 -0.00012559 0.00005433 0.00012559 0.99999999
0.99999932 -0.00096143 -0.00065975 0.00096191 0.99999928 0.00071856 0.00065906 -0.00071920 0.99999952
0.99999936 -0.00103488 -0.00044659 0.00103455 0.99999919 -0.00074475 0.00044736 0.00074428 0.99999962
0.99999785 -0.00207238 -0.00006865 0.00207228 0.99999681 -0.00144624 0.00007165 0.00144609 0.99999895
0.99999983 0.00058510 -0.00007338 -0.00058497 0.99999822 0.00179420 0.00007443 -0.00179416 0.99999839
0.99999973 -0.00072846 -0.00013355 0.00072858 0.99999934 0.00088715 0.00013290 -0.00088725 0.99999960
0.99999969 -0.00048056 -0.00062835 0.00048143 0.99999893 0.00138482 0.00062768 -0.00138512 0.99999884
0.99999482 -0.00320955 -0.00025530 0.00320964 0.99999479 0.00034186 0.00025421 -0.00034268 0.99999991
0.99999996 0.00024717 -0.00012461 -0.00024734 0.99999909 -0.00132785 0.00012428 0.00132788 0.99999911
0.99999977 0.00053949 -0.00040651 -0.00054185 0.99998297 -0.00581118 0.00040337 0.00581140 0.99998303
0.99999883 0.00139017 -0.00063923 -0.00139378 0.99998286 -0.00568700 0.00063131 0.00568789 0.99998362
0.99999990 0.00045024 -0.00001115 -0.00045025 0.99999935 -0.00104689 0.00001067 0.00104690 0.99999945
0.99999980 0.00057041 -0.00028159 -0.00056998 0.99999868 0.00152308 0.00028245 -0.00152292 0.99999880
0.99999927 -0.00092445 -0.00077477 0.00092454 0.99999957 0.00011918 0.00077466 -0.00011989 0.99999969
0.99999863 -0.00156552 -0.00054126 0.00156352 0.99999200 -0.00368091 0.00054702 0.00368006 0.99999308
0.99999999 0.00010361 -0.00005954 -0.00010371 0.99999865 -0.00163874 0.00005937 0.00163875 0.99999866
0.99999939 0.00000653 -0.00110622 -0.00000537 0.99999945 0.00104757 0.00110622 -0.00104756 0.99999884
0.99999439 -0.00334778 -0.00010203 0.00334808 0.99998951 0.00312456 0.00009157 -0.00312489 0.99999511
0.99999532 -0.00305888 -0.00011186 0.00305914 0.99999228 0.00246556 0.00010432 -0.00246589 0.99999695
0.99999149 -0.00409057 -0.00053558 0.00408947 0.99998955 -0.00204568 0.00054394 0.00204348 0.99999776
0.99999526 -0.00281895 -0.00123884 0.00281352 0.99998654 -0.00435912 0.00125111 0.00435561 0.99998973
0.99999969 0.00077474 -0.00012180 -0.00077498 0.99999778 -0.00196092 0.00012028 0.00196101 0.99999807
0.99999784 0.00206551 0.00023253 -0.00206501 0.99999560 -0.00213111 -0.00023693 0.00213062 0.99999770
0.99999486 0.00320328 -0.00014017 -0.00320350 0.99999348 -0.00166749 0.00013482 0.00166793 0.99999860
0.99999782 0.00207446 -0.00022363 -0.00207526 0.99999125 -0.00363264 0.00021609 0.00363310 0.99999338
0.99999853 0.00166508 0.00039837 -0.00166453 0.99999768 -0.00136565 -0.00040064 0.00136498 0.99999899
0.99999911 0.00086196 0.00102038 -0.00086300 0.99999911 0.00101822 -0.00101950 -0.00101910 0.99999896
0.99999523 0.00283419 0.00122675 -0.00283675 0.99999380 0.00208685 -0.00122083 -0.00209032 0.99999707
0.99999476 0.00302015 0.00116262 -0.00302092 0.99999522 0.00065966 -0.00116062 -0.00066317 0.99999911
0.99999829 0.00096859 0.00157542 -0.00096534 0.99999740 -0.00206607 -0.00157742 0.00206455 0.99999662
0.99999831 0.00096378 0.00156412 -0.00096031 0.99999708 -0.00221585 -0.00156625 0.00221435 0.99999632
0.99999779 -0.00154131 0.00142837 0.00153871 0.99999716 0.00181793 -0.00143117 -0.00181573 0.99999733
0.99999804 -0.00133972 0.00145517 0.00133481 0.99999343 0.00337156 -0.00145968 -0.00336961 0.99999326
0.99999880 -0.00135512 0.00075134 0.00135478 0.99999898 0.00045835 -0.00075196 -0.00045733 0.99999961
0.99999957 -0.00087031 -0.00030429 0.00086984 0.99999840 -0.00156212 0.00030565 0.00156185 0.99999873
0.99999842 0.00128448 -0.00123187 -0.00128683 0.99999735 -0.00190881 0.00122941 0.00191039 0.99999742
0.99999892 0.00080547 -0.00123058 -0.00079826 0.99998259 0.00584592 0.00123526 -0.00584493 0.99998216
0.99999597 0.00220000 -0.00179652 -0.00218715 0.99997223 0.00712490 0.00181214 -0.00712095 0.99997300
0.99999785 0.00175335 -0.00110767 -0.00175464 0.99999778 -0.00116401 0.00110563 0.00116595 0.99999871
0.99999926 0.00104358 -0.00062398 -0.00104486 0.99999732 -0.00206477 0.00062182 0.00206542 0.99999767
0.99999921 0.00081054 -0.00096224 -0.00080989 0.99999944 0.00068362 0.00096280 -0.00068284 0.99999930
0.99999935 -0.00009309 -0.00113416 0.00009285 0.99999997 -0.00021152 0.00113418 0.00021142 0.99999933
0.99999727 0.00178775 -0.00150358 -0.00179097 0.99999610 -0.00214080 0.00149975 0.00214349 0.99999658
0.99999892 0.00097974 -0.00109849 -0.00098315 0.99999469 -0.00310744 0.00109544 0.00310852 0.99999457
0.99999106 0.00403936 -0.00124982 -0.00404187 0.99998980 -0.00201341 0.00124167 0.00201845 0.99999719
0.99999987 0.00040404 -0.00031281 -0.00040235 0.99998532 0.00540388 0.00031499 -0.00540375 0.99998535
0.99999366 0.00340976 -0.00102877 -0.00340613 0.99998804 0.00350993 0.00104072 -0.00350640 0.99999331
0.99999506 0.00305510 -0.00073257 -0.00305693 0.99999218 -0.00251063 0.00072489 0.00251286 0.99999658
0.99999947 0.00068365 -0.00076557 -0.00068175 0.99999669 0.00247920 0.00076726 -0.00247867 0.99999663
0.99999971 0.00050934 -0.00057082 -0.00050743 0.99999429 0.00334199 0.00057252 -0.00334170 0.99999425
0.99999656 -0.00262369 -0.00004728 0.00262367 0.99999643 -0.00050551 0.00004860 0.00050538 0.99999987
0.99999536 -0.00302839 -0.00032274 0.00302781 0.99999385 -0.00176815 0.00032809 0.00176717 0.99999838
0.99999983 -0.00049582 0.00031908 0.00049521 0.99999807 0.00190175 -0.00032003 -0.00190159 0.99999814
0.99999943 -0.00059021 0.00088765 0.00058773 0.99999592 0.00279625 -0.00088930 -0.00279572 0.99999570
