0.99999537 0.00066176 0.00296971 -0.00066463 0.99999931 0.00096719 -0.00296907 -0.00096916 0.99999512
0.99999845 0.00175766 0.00013487 -0.00175732 0.99999539 -0.00247483 -0.00013922 0.00247459 0.99999693
0.99999964 0.00040301 -0.00074325 -0.00040405 0.99999895 -0.00139208 0.00074269 0.00139238 0.99999875
0.99998337 -0.00218354 -0.00533832 0.00218123 0.99999753 -0.00043828 0.00533926 0.00042663 0.99998566
0.99998435 -0.00331681 -0.00450624 0.00331788 0.99999447 0.00023071 0.00450545 -0.00024566 0.99998982
0.99999266 -0.00292891 -0.00246916 0.00293114 0.99999530 0.00090062 0.00246652 -0.00090785 0.99999655
0.99998548 -0.00211864 -0.00495506 0.00212292 0.99999738 0.00085876 0.00495323 -0.00086926 0.99998735
0.99999384 0.00124356 -0.00328293 -0.00124520 0.99999910 -0.00049568 0.00328231 0.00049977 0.99999449
0.99997008 0.00113704 -0.00765197 -0.00115626 0.99999619 -0.00250809 0.00764909 0.00251686 0.99996758
0.99998949 0.00282453 -0.00361099 -0.00282622 0.99999590 -0.00046217 0.00360967 0.00047237 0.99999337
0.99999009 0.00209914 -0.00392540 -0.00209385 0.99999690 0.00135084 0.00392823 -0.00134261 0.99999138
0.99998629 -0.00194480 -0.00486253 0.00194518 0.99999811 0.00007371 0.00486238 -0.00008316 0.99998818
0.99998729 0.00065567 -0.00499809 -0.00066391 0.99999843 -0.00164532 0.00499700 0.00164862 0.99998616
0.99998856 -0.00180928 -0.00442749 0.00180585 0.99999807 -0.00077858 0.00442889 0.00077058 0.99998990
0.99999251 0.00104158 -0.00372818 -0.00103994 0.99999936 0.00044145 0.00372863 -0.00043756 0.99999295
0.99999437 0.00194807 -0.00273101 -0.00194917 0.99999802 -0.00039967 0.00273023 0.00040499 0.99999619
0.99999682 0.00138909 -0.00210662 -0.00138951 0.99999901 -0.00020116 0.00210633 0.00020408 0.99999776
0.99999693 0.00098260 -0.00227554 -0.00098302 0.99999950 -0.00018415 0.00227536 0.00018639 0.99999739
0.99999424 0.00289379 -0.00177185 -0.00289471 0.99999568 -0.00051478 0.00177035 0.00051991 0.99999830
0.99999799 0.00175983 -0.00095862 -0.00176121 0.99999740 -0.00144517 0.00095607 0.00144686 0.99999850
0.99999811 0.00063769 -0.00183565 -0.00063960 0.99999925 -0.00104009 0.00183498 0.00104127 0.99999777
0.99999941 -0.00007621 0.00108654 0.00007813 0.99999844 -0.00176666 -0.00108640 0.00176675 0.99999785
0.99999832 0.00114756 -0.00142910 -0.00114881 0.99999895 -0.00088021 0.00142809 0.00088185 0.99999859
0.99999920 0.00126200 -0.00007930 -0.00126209 0.99999863 -0.00107082 0.00007795 0.00107092 0.99999942
0.99999974 -0.00070958 -0.00009291 0.00070947 0.99999910 -0.00113899 0.00009372 0.00113893 0.99999935
0.99999872 0.00159498 0.00011472 -0.00159488 0.99999838 -0.00082958 -0.00011604 0.00082939 0.99999965
0.99999359 -0.00339309 -0.00114081 0.00339130 0.99999303 -0.00156409 0.00114611 0.00156021 0.99999813
0.99999802 0.00152048 -0.00128389 -0.00152170 0.99999839 -0.00094742 0.00128245 0.00094938 0.99999873
0.99999138 0.00065523 -0.00409906 -0.00065688 0.99999970 -0.00039994 0.00409880 0.00040263 0.99999152
0.99999437 0.00326986 -0.00075349 -0.00326788 0.99999125 0.00261155 0.00076202 -0.00260907 0.99999631
0.99999895 -0.00131113 -0.00061625 0.00131326 0.99999313 0.00346570 0.00061171 -0.00346650 0.99999380
0.99999986 0.00053389 0.00004359 -0.00053398 0.99999784 0.00200872 -0.00004251 -0.00200875 0.99999798
0.99379964 -0.00104368 -0.11118091 -0.00821908 0.99653050 -0.08282151 0.11088160 0.08322179 0.99034307
0.99999809 0.00109176 -0.00162342 -0.00109643 0.99999526 -0.00287672 0.00162027 0.00287849 0.99999454
0.99999664 0.00140723 0.00217827 -0.00140693 0.99999900 -0.00013868 -0.00217847 0.00013561 0.99999762
0.99998196 0.00593205 0.00094676 -0.00593180 0.99998237 -0.00026928 -0.00094834 0.00026366 0.99999952
0.99999857 0.00157026 0.00063191 -0.00156953 0.99999812 -0.00114235 -0.00063370 0.00114136 0.99999915
0.99999585 -0.00276198 -0.00082156 0.00276199 0.99999619 0.00000933 0.00082153 -0.00001160 0.99999966
0.99999526 -0.00302603 -0.00056796 0.00302628 0.99999532 0.00044115 0.00056663 -0.00044287 0.99999974
0.99999676 0.00232219 0.00104421 -0.00231880 0.99999209 -0.00323123 -0.00105171 0.00322880 0.99999423
0.99999634 0.00131655 -0.00236417 -0.00133458 0.99996992 -0.00764034 0.00235404 0.00764347 0.99996802
0.99999613 0.00226386 0.00161834 -0.00225098 0.99996615 -0.00791427 -0.00163620 0.00791060 0.99996737
0.99999396 -0.00327026 0.00117990 0.00327351 0.99999082 -0.00276534 -0.00117085 0.00276919 0.99999548
0.99999764 -0.00154390 0.00153071 0.00153999 0.99999556 0.00255219 -0.00153464 -0.00254983 0.99999557
0.99999876 -0.00092814 0.00126958 0.00092560 0.99999758 0.00199360 -0.00127143 -0.00199242 0.99999721
0.99999762 0.00155979 0.00152357 -0.00156306 0.99999647 0.00214768 -0.00152021 -0.00215005 0.99999653
0.99999840 0.00036224 0.00175447 -0.00036343 0.99999971 0.00067501 -0.00175422 -0.00067565 0.99999823
0.99999857 -0.00094192 0.00140661 0.00094449 0.99999788 -0.00182786 -0.00140489 0.00182919 0.99999734
0.99999697 -0.00101856 0.00224199 0.00102249 0.99999794 -0.00175478 -0.00224020 0.00175707 0.99999595
0.99999819 0.00003230 0.00190128 -0.00003255 0.99999999 0.00012962 -0.00190128 -0.00012968 0.99999818
0.99999822 0.00073929 0.00173877 -0.00074093 0.99999928 0.00094445 -0.00173807 -0.00094574 0.99999804
0.99999948 0.00025359 0.00098442 -0.00025563 0.99999783 0.00206713 -0.00098390 -0.00206738 0.99999738
0.99999922 0.00031587 0.00121005 -0.00031738 0.99999917 0.00124470 -0.00120965 -0.00124508 0.99999849
0.99999931 0.00083134 0.00082546 -0.00083185 0.99999946 0.00061765 -0.00082494 -0.00061833 0.99999947
0.99999918 0.00007991 -0.00127531 -0.00007967 0.99999998 0.00018253 0.00127532 -0.00018243 0.99999917
0.99999788 0.00168488 -0.00118108 -0.00168285 0.99999710 0.00172360 0.00118398 -0.00172160 0.99999782
0.99999490 -0.00195538 -0.00252502 0.00196012 0.99999632 0.00187676 0.00252134 -0.00188170 0.99999505
0.99999108 0.00413379 -0.00086731 -0.00413346 0.99999138 0.00038568 0.00086890 -0.00038209 0.99999955
0.99999836 0.00180589 0.00014531 -0.00180558 0.99999604 -0.00215664 -0.00014920 0.00215637 0.99999766
0.99999916 0.00127514 -0.00023763 -0.00127516 0.99999918 -0.00007732 0.00023753 0.00007762 0.99999997
0.99999714 0.00198370 -0.00133513 -0.00197985 0.99999390 0.00287723 0.00134083 -0.00287458 0.99999497
0.99999390 -0.00324299 0.00129722 0.00323792 0.99998719 0.00389103 -0.00130982 -0.00388681 0.99999159
0.99999811 0.00117061 -0.00155209 -0.00116391 0.99999005 0.00430706 0.00155712 -0.00430524 0.99998952
0.99999740 0.00227018 -0.00023117 -0.00226976 0.99999579 0.00180999 0.00023528 -0.00180947 0.99999834
0.99999436 0.00335201 0.00022357 -0.00335224 0.99999385 0.00103177 -0.00022011 -0.00103252 0.99999944
0.99999654 0.00116536 -0.00235646 -0.00116673 0.99999915 -0.00057865 0.00235579 0.00058140 0.99999706
0.99999898 -0.00120793 -0.00076434 0.00120666 0.99999791 -0.00165307 0.00076633 0.00165215 0.99999834
0.99999660 -0.00240220 -0.00101498 0.00239971 0.99999414 -0.00244185 0.00102084 0.00243940 0.99999650
0.99999961 0.00084894 -0.00025574 -0.00084912 0.99999938 -0.00071885 0.00025513 0.00071907 0.99999971
0.99999863 0.00157821 0.00049839 -0.00157833 0.99999872 0.00025364 -0.00049799 -0.00025443 0.99999984
0.99999606 0.00267784 0.00084242 -0.00267844 0.99999616 0.00071349 -0.00084051 -0.00071575 0.99999939
0.99999753 0.00121643 0.00185764 -0.00121518 0.99999904 -0.00067189 -0.00185845 0.00066963 0.99999805
0.99999920 -0.00028541 0.00123151 0.00028536 0.99999996 0.00004775 -0.00123152 -0.00004739 0.99999924
0.99999696 -0.00094243 0.00227986 0.00094483 0.99999900 -0.00104981 -0.00227887 0.00105196 0.99999685
0.99999806 -0.00192513 0.00042776 0.00192535 0.99999801 -0.00052983 -0.00042674 0.00053066 0.99999977
0.99999673 -0.00246677 -0.00067529 0.00246677 0.99999696 -0.00000201 0.00067530 0.00000035 0.99999977
0.99999835 -0.00137804 0.00118522 0.00137997 0.99999772 -0.00162854 -0.00118297 0.00163017 0.99999797
0.99999918 0.00052626 0.00116910 -0.00052572 0.99999976 -0.00045961 -0.00116935 0.00045899 0.99999921
0.99999880 -0.00059995 0.00142900 0.00060053 0.99999974 -0.00040775 -0.00142875 0.00040860 0.99999890
0.99999963 -0.00046599 0.00072803 0.00046627 0.99999982 -0.00037341 -0.00072786 0.00037375 0.99999967
0.99999825 -0.00178366 0.00056276 0.00178402 0.99999820 -0.00063922 -0.00056161 0.00064022 0.99999964
0.99999975 0.00046683 0.00052311 -0.00046660 0.99999979 -0.00044265 -0.00052332 0.00044241 0.99999977
0.99999948 -0.00057212 0.00084147 0.00057230 0.99999981 -0.00021766 -0.00084134 0.00021814 0.99999962
0.99999983 -0.00029659 -0.00049278 0.00029603 0.99999931 -0.00113606 0.00049312 0.00113591 0.99999923
0.99999959 -0.00070095 0.00057217 0.00070137 0.99999948 -0.00074662 -0.00057165 0.00074702 0.99999956
0.99999909 0.00043563 0.00127589 -0.00043270 0.99999727 -0.00229443 -0.00127689 0.00229388 0.99999655
0.99999899 -0.00076471 -0.00120035 0.00076401 0.99999954 -0.00058383 0.00120080 0.00058291 0.99999911
0.99999993 -0.00001431 0.00037359 0.00001406 0.99999978 0.00066451 -0.00037360 -0.00066450 0.99999971
0.99999888 -0.00031251 -0.00146527 0.00031149 0.99999971 -0.00069596 0.00146548 0.00069550 0.99999868
0.99999998 -0.00017195 0.00013012 0.00017187 0.99999981 0.00059993 -0.00013022 -0.00059991 0.99999981
0.99999986 0.00045133 0.00027833 -0.00045100 0.99999919 -0.00118608 -0.00027886 0.00118596 0.99999926
0.99999985 -0.00027678 -0.00048065 0.00027726 0.99999946 0.00099781 0.00048038 -0.00099795 0.99999939
0.99999983 -0.00042442 0.00038891 0.00042396 0.99999919 0.00120425 -0.00038942 -0.00120409 0.99999920
0.99999968 0.00079677 0.00007607 -0.00079676 0.99999967 -0.00016844 -0.00007621 0.00016838 0.99999998
0.99999849 -0.00151278 -0.00085468 0.00151345 0.99999855 0.00078131 0.00085350 -0.00078260 0.99999933
0.99999799 -0.00069494 -0.00187880 0.00069355 0.99999949 -0.00073608 0.00187931 0.00073477 0.99999796
0.99999971 0.00075981 0.00009492 -0.00075969 0.99999887 -0.00129882 -0.00009590 0.00129875 0.99999915
0.99999832 0.00182967 0.00011864 -0.00182941 0.99999587 -0.00221844 -0.00012270 0.00221822 0.99999753
0.99999874 0.00131078 0.00089339 -0.00131041 0.99999905 -0.00041884 -0.00089394 0.00041767 0.99999951
0.99999947 -0.00015110 -0.00101788 0.00015028 0.99999966 -0.00080679 0.00101800 0.00080664 0.99999916
0.99999906 0.00080214 -0.00111431 -0.00080132 0.99999941 0.00073778 0.00111490 -0.00073689 0.99999911
0.99999891 -0.00137216 0.00053878 0.00137211 0.99999905 0.00008716 -0.00053890 -0.00008642 0.99999985
0.99999802 -0.00156841 -0.00122343 0.00156903 0.99999864 0.00050244 0.00122264 -0.00050436 0.99999913
0.99996902 0.00121210 -0.00777789 -0.00120151 0.99999835 0.00136594 0.00777953 -0.00135656 0.99996882
0.99999813 0.00103589 -0.00163464 -0.00103816 0.99999850 -0.00138584 0.00163320 0.00138753 0.99999770
0.99999722 -0.00064820 -0.00226559 0.00064183 0.99999584 -0.00281050 0.00226740 0.00280904 0.99999348
0.99999633 -0.00214962 -0.00164904 0.00214466 0.99999320 -0.00300158 0.00165548 0.00299803 0.99999414
0.99999654 -0.00260914 -0.00034654 0.00260850 0.99999492 -0.00183333 0.00035132 0.00183242 0.99999826
0.99999831 0.00096278 -0.00156576 -0.00096482 0.99999868 -0.00130557 0.00156450 0.00130708 0.99999792
0.99999584 0.00148540 0.00247186 -0.00149035 0.99999688 0.00200373 -0.00246888 -0.00200741 0.99999494
0.99999974 -0.00050607 -0.00051467 0.00050858 0.99998795 0.00488190 0.00051219 -0.00488216 0.99998795
0.99999830 -0.00168214 -0.00075311 0.00168696 0.99997785 0.00643869 0.00074226 -0.00643995 0.99997899
0.99999944 -0.00080622 -0.00068077 0.00081123 0.99997235 0.00739204 0.00067480 -0.00739259 0.99997245
0.99999901 0.00140381 0.00000325 -0.00140381 0.99998293 0.00567226 0.00000471 -0.00567226 0.99998391
0.99999770 0.00016144 0.00213906 -0.00016866 0.99999429 0.00337633 -0.00213850 -0.00337668 0.99999201
0.99999870 0.00088586 0.00134641 -0.00088557 0.99999958 -0.00021813 -0.00134660 0.00021694 0.99999907
0.99999560 0.00205917 0.00213603 -0.00205265 0.99999324 -0.00305080 -0.00214229 0.00304641 0.99999306
0.99999985 -0.00031318 0.00044742 0.00031471 0.99999413 -0.00341273 -0.00044635 0.00341287 0.99999408
0.99999546 -0.00253978 0.00162023 0.00254541 0.99999069 -0.00348486 -0.00161136 0.00348896 0.99999262
0.99999784 -0.00010924 0.00207755 0.00011648 0.99999393 -0.00348289 -0.00207715 0.00348312 0.99999178
0.99999989 -0.00047750 0.00000078 0.00047750 0.99999963 -0.00072026 -0.00000044 0.00072026 0.99999974
0.99998746 0.00290524 0.00407947 -0.00290480 0.99999577 -0.00011366 -0.00407979 0.00010180 0.99999167
0.99999846 0.00139945 -0.00105806 -0.00139981 0.99999896 -0.00033806 0.00105759 0.00033954 0.99999938
0.99999900 0.00063081 -0.00126473 -0.00063190 0.99999943 -0.00085913 0.00126419 0.00085993 0.99999883
0.99999891 0.00022098 0.00145654 -0.00022234 0.99999954 0.00093194 -0.00145634 -0.00093227 0.99999850
0.99999918 0.00113871 0.00059219 -0.00113760 0.99999759 -0.00188007 -0.00059433 0.00187939 0.99999806
0.99999947 0.00071371 -0.00073900 -0.00071529 0.99999743 -0.00214925 0.00073747 0.00214978 0.99999742
0.99999834 0.00106071 0.00148314 -0.00106232 0.99999885 0.00108263 -0.00148199 -0.00108420 0.99999831
0.99999782 0.00208682 -0.00003775 -0.00208682 0.99999782 -0.00005947 0.00003763 0.00005955 1.00000000
0.99999843 -0.00064552 0.00164989 0.00064571 0.99999979 -0.00011204 -0.00164982 0.00011310 0.99999863
0.99999980 0.00051118 -0.00036333 -0.00051053 0.99999825 0.00180214 0.00036426 -0.00180196 0.99999831
0.99999992 0.00011616 -0.00038941 -0.00011611 0.99999999 0.00012685 0.00038943 -0.00012681 0.99999992
0.99999820 -0.00156430 -0.00107391 0.00156533 0.99999831 0.00096381 0.00107240 -0.00096549 0.99999896
0.99999780 0.00030684 -0.00207631 -0.00030700 0.99999995 -0.00007722 0.00207628 0.00007786 0.99999784
0.99999902 0.00045051 -0.00132570 -0.00045030 0.99999989 0.00016140 0.00132577 -0.00016080 0.99999911
0.99999956 0.00005154 -0.00093314 -0.00005189 0.99999993 -0.00037400 0.00093312 0.00037405 0.99999949
0.99999885 0.00048995 -0.00143617 -0.00049004 0.99999988 -0.00006211 0.00143614 0.00006282 0.99999897
0.99999721 0.00155156 -0.00177984 -0.00155246 0.99999867 -0.00050709 0.00177906 0.00050985 0.99999829
0.99999963 -0.00077942 0.00036097 0.00077903 0.99999910 0.00109129 -0.00036182 -0.00109101 0.99999934
0.99999497 0.00120106 -0.00293593 -0.00120069 0.99999927 0.00012766 0.00293608 -0.00012414 0.99999568
0.99999709 0.00087887 -0.00224707 -0.00087731 0.99999937 0.00069459 0.00224767 -0.00069262 0.99999723
0.99999911 0.00071389 -0.00112591 -0.00071365 0.99999972 0.00021794 0.00112606 -0.00021713 0.99999934
0.99999670 0.00065443 -0.00248592 -0.00065284 0.99999958 0.00064037 0.00248634 -0.00063875 0.99999671
0.99998825 0.00196121 -0.00443309 -0.00195971 0.99999802 0.00034176 0.00443376 -0.00033306 0.99999012
0.99999017 -0.00058253 -0.00439484 0.00057985 0.99999965 -0.00061028 0.00439519 0.00060773 0.99999016
0.99999446 0.00021591 -0.00332293 -0.00021774 0.99999983 -0.00054781 0.00332281 0.00054853 0.99999433
0.99999531 0.00019830 -0.00305776 -0.00020185 0.99999931 -0.00116113 0.00305753 0.00116174 0.99999465
0.99999255 0.00002117 -0.00385874 -0.00002556 0.99999935 -0.00113753 0.00385872 0.00113762 0.99999191
0.99998756 -0.00196224 -0.00458498 0.00195875 0.99999779 -0.00076639 0.00458647 0.00075740 0.99998920
0.99999370 -0.00105321 -0.00339068 0.00105114 0.99999926 -0.00061324 0.00339132 0.00060968 0.99999406
0.99999406 0.00005682 -0.00344682 -0.00005838 0.99999990 -0.00045344 0.00344679 0.00045364 0.99999396
0.99998807 -0.00040924 -0.00486850 0.00041031 0.99999989 0.00021812 0.00486841 -0.00022011 0.99998812
0.99999588 0.00283188 0.00046239 -0.00283236 0.99999545 0.00103616 -0.00045946 -0.00103747 0.99999936
0.99999980 0.00063585 -0.00002422 -0.00063577 0.99999509 0.00306931 0.00002617 -0.00306929 0.99999529
0.99998546 0.00261178 0.00471720 -0.00261734 0.99999589 0.00117200 -0.00471412 -0.00118433 0.99998819
0.99998707 0.00103935 0.00497788 -0.00104088 0.99999941 0.00030558 -0.00497756 -0.00031076 0.99998756
0.99996294 0.00172608 0.00843468 -0.00171499 0.99999766 -0.00132204 -0.00843695 0.00130752 0.99996355
0.99990198 0.00336328 0.01359141 -0.00336632 0.99999431 0.00020083 -0.01359066 -0.00024657 0.99990761
0.99981635 0.00262077 0.01898397 -0.00263758 0.99999615 0.00086026 -0.01898164 -0.00091017 0.99981942
0.99967433 0.00102439 0.02549891 -0.00104221 0.99999922 0.00068564 -0.02549818 -0.00071199 0.99967461
0.99939478 -0.00030825 0.03478479 0.00026255 0.99999910 0.00131830 -0.03478517 -0.00130837 0.99939396
0.99934070 -0.00206316 0.03624778 0.00207214 0.99999783 -0.00021041 -0.03624727 0.00028538 0.99934281
0.99912007 -0.00201030 0.04189321 0.00198905 0.99999787 0.00054913 -0.04189423 -0.00046532 0.99912194
0.99888354 -0.00213358 0.04719238 0.00218772 0.99999701 -0.00109566 -0.04718990 0.00119768 0.99888522
0.99842398 -0.00256088 0.05606238 0.00255545 0.99999672 0.00016849 -0.05606263 -0.00002496 0.99842725
0.99808857 -0.00485370 0.06160885 0.00479451 0.99998789 0.00110852 -0.06161349 -0.00081102 0.99809975
0.99810908 -0.00349918 0.06136790 0.00349968 0.99999387 0.00009921 -0.06136787 0.00011574 0.99811521
0.99779406 -0.00537606 0.06616732 0.00518369 0.99998183 0.00307872 -0.06618267 -0.00272893 0.99780379
0.99803767 -0.00290320 0.06254907 0.00280206 0.99999462 0.00170467 -0.06255368 -0.00152606 0.99804043
0.99793167 -0.00512556 0.06407895 0.00500387 0.99998536 0.00205938 -0.06408856 -0.00173448 0.99794271
0.99809008 -0.00285921 0.06170907 0.00275806 0.99999471 0.00172419 -0.06171367 -0.00155070 0.99809269
0.99794266 -0.00027953 0.06411210 0.00034940 0.99999936 -0.00107855 -0.06411175 0.00109873 0.99794212
0.99794162 0.00245640 0.06408187 -0.00240237 0.99999669 -0.00092015 -0.06408392 0.00076430 0.99794422
0.99777605 0.00625702 0.06636120 -0.00631373 0.99997986 0.00064487 -0.06635583 -0.00106242 0.99779546
0.99785516 0.00296873 0.06539320 -0.00305458 0.99999460 0.00121294 -0.06538925 -0.00141009 0.99785884
0.99761712 -0.00201463 0.06896391 0.00196123 0.99999772 0.00084197 -0.06896544 -0.00070471 0.99761880
0.99754100 -0.00128379 0.07007363 0.00123501 0.99999896 0.00073950 -0.07007450 -0.00065114 0.99754155
0.99750654 0.00439416 0.07043720 -0.00440795 0.99999028 0.00004029 -0.07043634 -0.00035068 0.99751622
0.99764286 0.00173835 0.06859806 -0.00173843 0.99999849 -0.00005845 -0.06859806 -0.00006094 0.99764438
0.99811747 -0.00133885 0.06131662 0.00131561 0.99999905 0.00041938 -0.06131712 -0.00033792 0.99811828
0.99838898 -0.00589895 0.05643276 0.00594648 0.99998209 -0.00067435 -0.05642777 0.00100884 0.99840617
0.99865668 -0.00370827 0.05168253 0.00377737 0.99999210 -0.00123923 -0.05167753 0.00143279 0.99866280
0.99881497 -0.00103795 0.04865774 0.00111399 0.99999820 -0.00153569 -0.04865605 0.00158807 0.99881433
0.99917851 0.00065193 0.04052005 -0.00060137 0.99999903 -0.00125998 -0.04052084 0.00123458 0.99917793
0.99932142 -0.00045827 0.03683059 0.00047070 0.99999984 -0.00032871 -0.03683043 0.00034582 0.99932147
0.99951904 -0.00181699 0.03095788 0.00183977 0.99999806 -0.00070754 -0.03095654 0.00076415 0.99952044
0.99964996 -0.00149458 0.02641465 0.00150738 0.99999876 -0.00046447 -0.02641392 0.00050413 0.99965096
0.99970604 -0.00113569 0.02421886 0.00114604 0.99999926 -0.00041349 -0.02421837 0.00044113 0.99970659
0.99976345 -0.00115692 0.02171858 0.00116920 0.99999916 -0.00055269 -0.02171793 0.00057795 0.99976397
0.99983120 -0.00219554 0.01824168 0.00221666 0.99999690 -0.00113777 -0.01823913 0.00117802 0.99983296
0.99989898 -0.00297340 0.01389928 0.00298601 0.99999515 -0.00088714 -0.01389658 0.00092856 0.99990301
0.99988480 -0.00139936 0.01511364 0.00142165 0.99999792 -0.00146421 -0.01511156 0.00148553 0.99988471
0.99994723 -0.00023162 0.01027045 0.00023799 0.99999978 -0.00061878 -0.01027030 0.00062120 0.99994707
0.99998072 -0.00148149 0.00603068 0.00147712 0.99999864 0.00072868 -0.00603175 -0.00071976 0.99998155
0.99999353 -0.00153424 0.00325315 0.00153514 0.99999878 -0.00027440 -0.00325273 0.00027939 0.99999467
0.99999001 0.00080169 0.00439675 -0.00079947 0.99999955 -0.00050666 -0.00439716 0.00050314 0.99999021
0.99999925 0.00093018 0.00079066 -0.00093092 0.99999913 0.00093064 -0.00078979 -0.00093138 0.99999925
0.99999968 0.00047064 -0.00065455 -0.00047006 0.99999949 0.00089843 0.00065497 -0.00089812 0.99999938
0.99999805 0.00102029 -0.00168821 -0.00101873 0.99999905 0.00092468 0.00168915 -0.00092296 0.99999815
0.99999864 -0.00023788 -0.00163118 0.00023856 0.99999988 0.00041606 0.00163109 -0.00041645 0.99999858
0.99999438 0.00103189 -0.00318871 -0.00103102 0.99999943 0.00027343 0.00318899 -0.00027014 0.99999488
0.99999097 -0.00013222 -0.00424818 0.00013114 0.99999996 -0.00025352 0.00424822 0.00025296 0.99999094
0.99999144 0.00043992 -0.00411297 -0.00043422 0.99999894 0.00138771 0.00411357 -0.00138591 0.99999058
0.99998604 -0.00010109 -0.00528215 0.00010545 0.99999965 0.00082573 0.00528207 -0.00082628 0.99998571
0.99999433 -0.00075463 -0.00328136 0.00075569 0.99999966 0.00032150 0.00328112 -0.00032398 0.99999456
0.99999396 -0.00156128 -0.00310366 0.00156730 0.99999689 0.00193870 0.00310062 -0.00194355 0.99999330
0.99999025 -0.00130584 -0.00421902 0.00130902 0.99999886 0.00075061 0.00421804 -0.00075613 0.99999082
0.99998814 0.00062509 -0.00483002 -0.00061841 0.99999885 0.00138536 0.00483088 -0.00138235 0.99998738
0.99998521 0.00132928 -0.00527383 -0.00132715 0.99999904 0.00040907 0.00527436 -0.00040207 0.99998601
0.99998809 -0.00066085 -0.00483564 0.00066151 0.99999977 0.00013436 0.00483555 -0.00013756 0.99998830
0.99999556 -0.00094236 -0.00282688 0.00094322 0.99999951 0.00030439 0.00282660 -0.00030706 0.99999596
0.99999349 0.00077338 -0.00352422 -0.00077770 0.99999895 -0.00122504 0.00352327 0.00122777 0.99999304
0.99999958 0.00091675 -0.00005321 -0.00091679 0.99999927 -0.00078753 0.00005249 0.00078758 0.99999969
0.99999878 -0.00128730 -0.00088432 0.00128671 0.99999896 -0.00065866 0.00088517 0.00065752 0.99999939
0.99999918 -0.00124295 -0.00030741 0.00124267 0.99999881 -0.00091942 0.00030855 0.00091904 0.99999953
0.99999935 -0.00089402 0.00070624 0.00089429 0.99999953 -0.00038542 -0.00070590 0.00038605 0.99999968
0.99999929 0.00066700 -0.00098461 -0.00066623 0.99999948 0.00077842 0.00098513 -0.00077776 0.99999921
0.99999956 -0.00023795 -0.00090656 0.00023872 0.99999961 0.00084912 0.00090636 -0.00084934 0.99999923
0.99999943 0.00055905 0.00091182 -0.00055927 0.99999981 0.00024681 -0.00091168 -0.00024732 0.99999955
0.99999981 -0.00060623 0.00005034 0.00060624 0.99999978 -0.00025209 -0.00005019 0.00025212 0.99999997
0.99999942 -0.00072597 -0.00079303 0.00072527 0.99999934 -0.00088722 0.00079367 0.00088665 0.99999929
0.99999829 0.00028871 -0.00182559 -0.00029228 0.99999805 -0.00195153 0.00182502 0.00195206 0.99999643
0.99999833 -0.00136639 -0.00121548 0.00136562 0.99999887 -0.00063317 0.00121634 0.00063151 0.99999906
0.99999846 -0.00161323 -0.00069242 0.00161297 0.99999863 -0.00036824 0.00069301 0.00036712 0.99999969
0.99999838 0.00014874 0.00179526 -0.00015103 0.99999918 0.00127462 -0.00179507 -0.00127488 0.99999758
0.99999985 0.00044849 -0.00031615 -0.00044774 0.99999710 0.00236430 0.00031721 -0.00236416 0.99999716
0.99999966 -0.00078243 -0.00027655 0.00078273 0.99999908 0.00110654 0.00027568 -0.00110675 0.99999935
0.99999884 -0.00080892 -0.00128834 0.00080965 0.99999951 0.00056700 0.00128788 -0.00056804 0.99999901
0.99999687 0.00133057 0.00211794 -0.00133019 0.99999910 -0.00018157 -0.00211818 0.00017875 0.99999774
0.99999692 0.00156967 0.00192005 -0.00156803 0.99999841 -0.00085378 -0.00192138 0.00085076 0.99999779
0.99999568 0.00169641 0.00240227 -0.00169753 0.99999845 0.00046218 -0.00240148 -0.00046626 0.99999701
0.99999780 0.00172699 0.00119100 -0.00172701 0.99999851 0.00001813 -0.00119096 -0.00002019 0.99999929
0.99999567 0.00066050 0.00286840 -0.00066139 0.99999973 0.00030809 -0.00286820 -0.00030999 0.99999584
0.99999903 0.00024105 0.00137264 -0.00024191 0.99999977 0.00063067 -0.00137248 -0.00063100 0.99999886
0.99999826 -0.00040494 0.00182219 0.00040559 0.99999985 -0.00035653 -0.00182204 0.00035727 0.99999828
0.99999181 -0.00107441 0.00390089 0.00107042 0.99999890 0.00102601 -0.00390199 -0.00102182 0.99999187
0.99999882 0.00077337 0.00132663 -0.00077391 0.99999962 0.00040017 -0.00132632 -0.00040119 0.99999904
0.99999932 -0.00113370 0.00027186 0.00113351 0.99999911 0.00069754 -0.00027265 -0.00069724 0.99999972
0.99999993 -0.00038201 -0.00002847 0.00038203 0.99999976 0.00058346 0.00002825 -0.00058347 0.99999983
0.99999721 -0.00156956 -0.00176299 0.00157036 0.99999866 0.00045733 0.00176227 -0.00046010 0.99999834
0.99999981 -0.00041998 -0.00044862 0.00041963 0.99999960 -0.00078596 0.00044895 0.00078577 0.99999959
0.99999994 -0.00034347 -0.00009152 0.00034344 0.99999987 -0.00038227 0.00009165 0.00038224 0.99999992
0.99999999 0.00010628 0.00010968 -0.00010623 0.99999989 -0.00046340 -0.00010973 0.00046339 0.99999989
0.99999974 0.00056408 -0.00044674 -0.00056416 0.99999983 -0.00016512 0.00044664 0.00016537 0.99999989
0.99999974 0.00053019 0.00048627 -0.00053012 0.99999985 -0.00013336 -0.00048634 0.00013311 0.99999987
0.99999907 0.00009688 0.00136340 -0.00009720 0.99999997 0.00023696 -0.00136337 -0.00023709 0.99999904
0.99999968 0.00056149 -0.00057594 -0.00056162 0.99999981 -0.00023707 0.00057581 0.00023740 0.99999981
0.99999982 -0.00033355 0.00049181 0.00033323 0.99999973 0.00064862 -0.00049203 -0.00064845 0.99999967
0.99999861 0.00018060 0.00165644 -0.00017941 0.99999973 -0.00071561 -0.00165657 0.00071531 0.99999837
0.99999994 -0.00024708 0.00025161 0.00024709 0.99999997 -0.00006422 -0.00025159 0.00006428 0.99999997
0.99999807 -0.00143936 -0.00133893 0.00144039 0.99999867 0.00076429 0.00133783 -0.00076622 0.99999881
0.99999798 0.00015591 0.00200164 -0.00015497 0.99999988 -0.00047169 -0.00200172 0.00047138 0.99999789
0.99999733 -0.00143483 0.00181121 0.00143368 0.99999877 0.00063322 -0.00181212 -0.00063062 0.99999816
0.99999933 0.00064011 0.00096255 -0.00063950 0.99999960 -0.00062843 -0.00096296 0.00062782 0.99999934
0.99999965 0.00012911 0.00082910 -0.00012865 0.99999984 -0.00055807 -0.00082917 0.00055796 0.99999950
0.99999896 0.00124353 -0.00072521 -0.00124341 0.99999921 0.00017191 0.00072542 -0.00017101 0.99999972
0.99999815 -0.00121847 -0.00149092 0.00122061 0.99999822 0.00143804 0.00148916 -0.00143985 0.99999785
0.99999908 0.00123861 0.00055722 -0.00123849 0.99999921 -0.00021105 -0.00055748 0.00021036 0.99999982
0.99999738 0.00055582 0.00221899 -0.00055728 0.99999963 0.00065674 -0.00221862 -0.00065798 0.99999732
0.99999761 0.00069587 -0.00207172 -0.00069682 0.99999965 -0.00045780 0.00207140 0.00045924 0.99999775
0.99999998 0.00017354 -0.00011292 -0.00017355 0.99999998 -0.00012040 0.00011290 0.00012042 0.99999999
0.99999991 -0.00017808 0.00037410 0.00017803 0.99999998 0.00013332 -0.00037413 -0.00013325 0.99999992
0.99999934 -0.00049394 -0.00103358 0.00049326 0.99999967 -0.00065308 0.00103391 0.00065257 0.99999925
0.99999986 0.00040947 0.00034727 -0.00040960 0.99999985 0.00036266 -0.00034712 -0.00036280 0.99999987
0.99999991 0.00019108 0.00038622 -0.00019119 0.99999994 0.00030187 -0.00038616 -0.00030194 0.99999988
0.99999598 -0.00186379 -0.00213867 0.00186472 0.99999817 0.00043020 0.00213787 -0.00043419 0.99999762
0.99999378 -0.00202692 0.00288791 0.00202234 0.99999669 0.00159009 -0.00289112 -0.00158424 0.99999457
0.99999912 0.00065206 0.00115273 -0.00065069 0.99999908 -0.00118898 -0.00115350 0.00118823 0.99999863
0.99999411 -0.00024066 -0.00342367 0.00023731 0.99999949 -0.00097924 0.00342390 0.00097843 0.99999366
0.99999679 0.00122965 0.00221603 -0.00122868 0.99999915 -0.00044071 -0.00221657 0.00043798 0.99999745
0.99999972 0.00002240 0.00074832 -0.00002167 0.99999952 -0.00098222 -0.00074834 0.00098220 0.99999924
0.99999971 0.00076192 0.00003611 -0.00076188 0.99999895 -0.00123123 -0.00003705 0.00123120 0.99999924
0.99999952 0.00076927 0.00060065 -0.00076918 0.99999969 -0.00015740 -0.00060077 0.00015694 0.99999981
0.99998988 0.00143947 0.00426187 -0.00144139 0.99999886 0.00044799 -0.00426122 -0.00045413 0.99999082
0.99999880 0.00049427 0.00146883 -0.00049508 0.99999973 0.00055068 -0.00146855 -0.00055141 0.99999877
0.99999965 0.00077776 -0.00030389 -0.00077793 0.99999955 -0.00054514 0.00030347 0.00054538 0.99999981
0.99999980 -0.00019011 -0.00060640 0.00019017 0.99999998 0.00009735 0.00060638 -0.00009747 0.99999981
0.99999918 0.00120442 0.00042673 -0.00120438 0.99999927 -0.00009707 -0.00042685 0.00009656 0.99999990
0.99999942 0.00107317 0.00010876 -0.00107317 0.99999942 0.00003960 -0.00010872 -0.00003972 0.99999999
0.99999314 -0.00020289 -0.00369922 0.00020645 0.99999951 0.00096338 0.00369903 -0.00096414 0.99999269
0.99999888 0.00039849 -0.00143990 -0.00039849 0.99999992 -0.00000555 0.00143990 0.00000613 0.99999896
0.99999979 0.00064277 -0.00009194 -0.00064281 0.99999970 -0.00042599 0.00009167 0.00042605 0.99999991
0.99999866 -0.00092588 -0.00135349 0.00092559 0.99999955 -0.00021343 0.00135369 0.00021218 0.99999906
0.99999950 0.00037362 -0.00093294 -0.00037217 0.99999872 0.00155533 0.00093352 -0.00155498 0.99999836
0.99998878 -0.00161770 0.00445152 0.00160807 0.99999636 0.00216678 -0.00445501 -0.00215959 0.99998774
0.99995680 0.00040191 0.00928638 -0.00041922 0.99999818 0.00186260 -0.00928561 -0.00186641 0.99995515
0.99999288 -0.00032230 -0.00375926 0.00032382 0.99999987 0.00040472 0.00375913 -0.00040594 0.99999285
0.99999787 0.00075373 0.00192273 -0.00075497 0.99999951 0.00064573 -0.00192225 -0.00064718 0.99999794
0.99999975 0.00033224 0.00062955 -0.00033182 0.99999972 -0.00066541 -0.00062977 0.00066520 0.99999958
0.99993842 0.00091314 -0.01106019 -0.00089385 0.99999807 0.00174904 0.01106177 -0.00173905 0.99993730
0.99999597 0.00004093 -0.00283886 -0.00004519 0.99999887 -0.00149998 0.00283880 0.00150010 0.99999485
0.99998139 0.00136656 -0.00594608 -0.00138048 0.99999631 -0.00233772 0.00594286 0.00234588 0.99997959
0.99999925 0.00018351 0.00121390 -0.00018197 0.99999918 -0.00126797 -0.00121413 0.00126774 0.99999846
0.99999798 0.00173544 0.00101711 -0.00173535 0.99999849 -0.00009525 -0.00101727 0.00009349 0.99999948
0.99993881 0.00198731 -0.01088214 -0.00198567 0.99999802 0.00016104 0.01088244 -0.00013943 0.99994077
0.99999864 0.00123433 -0.00109281 -0.00123652 0.99999723 -0.00200356 0.00109033 0.00200491 0.99999740
0.99985310 -0.00022517 -0.01713830 0.00016093 0.99999296 -0.00374969 0.01713902 0.00374638 0.99984610
0.99999990 -0.00015422 0.00040976 0.00015276 0.99999366 0.00355876 -0.00041031 -0.00355869 0.99999358
0.99997714 0.00115663 -0.00666181 -0.00120333 0.99997470 -0.00701034 0.00665353 0.00701820 0.99995324
0.99993854 0.00250982 0.01079858 -0.00250984 0.99999685 -0.00001173 -0.01079857 -0.00001537 0.99994169
0.99982090 0.00047046 0.01891953 -0.00058166 0.99998259 0.00587259 -0.01891644 -0.00588254 0.99980376
0.99997656 0.00329172 0.00600328 -0.00328203 0.99999330 -0.00162257 -0.00600858 0.00160282 0.99998066
0.99998684 0.00512939 -0.00007286 -0.00512918 0.99998341 0.00262272 0.00008632 -0.00262232 0.99999656
0.99955727 0.00144500 0.02971811 -0.00145206 0.99999892 0.00021614 -0.02971777 -0.00025919 0.99955830
0.99941806 0.00094500 0.03409753 -0.00098868 0.99999871 0.00126424 -0.03409629 -0.00129722 0.99941771
0.99920459 -0.00037631 0.03987525 0.00046853 0.99999724 -0.00230352 -0.03987428 0.00232037 0.99920201
0.99867293 -0.00160420 0.05147630 0.00122691 0.99997216 0.00736019 -0.05148667 -0.00728727 0.99864709
0.99874733 -0.00033407 0.05003651 -0.00010334 0.99996181 0.00873902 -0.05003752 -0.00873325 0.99870916
0.99797001 -0.00194562 0.06365593 0.00189534 0.99999784 0.00085033 -0.06365745 -0.00072795 0.99797154
0.99625909 -0.00351630 0.08634507 0.00319518 0.99998746 0.00385698 -0.08635755 -0.00356666 0.99625782
0.99773257 -0.00422507 0.06717040 0.00411245 0.99998990 0.00181481 -0.06717739 -0.00153446 0.99773987
0.99681680 -0.00619227 0.07948534 0.00627071 0.99998007 -0.00073730 -0.07947919 0.00123338 0.99683576
0.99699144 -0.00576174 0.07729729 0.00559368 0.99998150 0.00239055 -0.07730964 -0.00195098 0.99700522
0.99736688 -0.00306570 0.07245624 0.00278581 0.99998826 0.00396363 -0.07246755 -0.00375135 0.99736372
0.99422864 0.00278314 0.10724583 -0.00163607 0.99994053 -0.01078215 -0.10726946 0.01054446 0.99417407
0.99742851 0.01042241 0.07090655 -0.01105635 0.99990229 0.00855388 -0.07081047 -0.00931585 0.99744629
0.99747411 0.00394854 0.07092117 -0.00434715 0.99997561 0.00546694 -0.07089785 -0.00576143 0.99746694
0.99701471 0.00143550 0.07719850 -0.00168524 0.99999356 0.00316994 -0.07719346 -0.00329057 0.99701070
0.99684616 0.00091159 0.07935301 -0.00124662 0.99999052 0.00417267 -0.07934845 -0.00425844 0.99683784
0.99174543 -0.00630384 0.12806742 0.00563542 0.99996855 0.00558102 -0.12809858 -0.00481324 0.99174976
0.99781319 0.00147984 0.06608060 -0.00159108 0.99999740 0.00163078 -0.06607801 -0.00173236 0.99781296
0.99799907 -0.00938892 0.06252758 0.00983819 0.99992793 -0.00688121 -0.06245847 0.00748260 0.99801951
0.99832573 -0.00338502 0.05774322 0.00365146 0.99998317 -0.00450926 -0.05772698 0.00471256 0.99832128
0.99879414 -0.00286173 0.04901088 0.00288619 0.99999574 -0.00042828 -0.04900945 0.00056922 0.99879815
0.99903251 -0.00327524 0.04385554 0.00321264 0.99999372 0.00149793 -0.04386017 -0.00135559 0.99903676
0.99911078 0.00116905 0.04214587 -0.00127388 0.99999616 0.00246057 -0.04214284 -0.00251208 0.99910844
0.99920072 -0.00036114 0.03997249 0.00035368 0.99999992 0.00019376 -0.03997255 -0.00017947 0.99920076
0.99932399 -0.00115172 0.03674547 0.00115118 0.99999934 0.00003592 -0.03674549 0.00000640 0.99932466
0.99944763 0.00367801 0.03302877 -0.00371281 0.99999262 0.00099224 -0.03302488 -0.00111432 0.99945391
0.99954694 0.00063208 0.03009164 -0.00064590 0.99999969 0.00044943 -0.03009134 -0.00046866 0.99954704
0.99959203 -0.00018063 0.02856129 0.00021250 0.99999936 -0.00111286 -0.02856107 0.00111848 0.99959142
0.99976329 -0.00228163 0.02163697 0.00230765 0.99999664 -0.00117747 -0.02163421 0.00122713 0.99976520
0.99982817 -0.00534566 0.01774955 0.00537386 0.99998437 -0.00154122 -0.01774103 0.00163634 0.99984128
0.99988062 0.00072934 0.01543391 -0.00072995 0.99999973 0.00003360 -0.01543388 -0.00004486 0.99988089
0.99992664 -0.00123337 0.01204932 0.00124597 0.99999869 -0.00103802 -0.01204802 0.00105296 0.99992687
0.99995664 -0.00004253 0.00931236 0.00004731 0.99999987 -0.00051271 -0.00931234 0.00051313 0.99995651
0.99997965 -0.00405084 0.00492785 0.00405365 0.99999163 -0.00055919 -0.00492555 0.00057915 0.99998770
0.99999078 -0.00140832 0.00405701 0.00141175 0.99999865 -0.00084275 -0.00405582 0.00084847 0.99999142
0.99999696 0.00095802 0.00227242 -0.00095925 0.99999939 0.00054125 -0.00227190 -0.00054343 0.99999727
0.99999829 -0.00106553 0.00151478 0.00106632 0.99999929 -0.00052495 -0.00151422 0.00052657 0.99999871
0.99999818 0.00164768 -0.00096387 -0.00164713 0.99999848 0.00057490 0.00096482 -0.00057331 0.99999937
0.99999880 -0.00098883 -0.00119381 0.00098914 0.99999948 0.00026434 0.00119355 -0.00026552 0.99999925
0.99999763 -0.00203581 0.00077670 0.00203545 0.99999782 0.00046280 -0.00077764 -0.00046122 0.99999959
0.99999980 0.00062815 0.00007922 -0.00062837 0.99999584 0.00281429 -0.00007745 -0.00281434 0.99999604
0.99999451 -0.00240093 -0.00228362 0.00240161 0.99999707 0.00029584 0.00228291 -0.00030132 0.99999735
0.99999743 -0.00218913 -0.00059128 0.00218914 0.99999760 0.00002024 0.00059124 -0.00002154 0.99999982
0.99999978 -0.00050062 -0.00044038 0.00050093 0.99999963 0.00070459 0.00044003 -0.00070481 0.99999965
0.99999855 -0.00170215 -0.00002302 0.00170213 0.99999816 -0.00088085 0.00002452 0.00088081 0.99999961
0.99999809 0.00076102 -0.00179792 -0.00076012 0.99999959 0.00049790 0.00179830 -0.00049653 0.99999826
0.99999780 -0.00092727 -0.00188102 0.00092608 0.99999937 -0.00063583 0.00188161 0.00063409 0.99999803
0.99999772 -0.00099958 -0.00188600 0.00099777 0.99999904 -0.00096292 0.00188696 0.00096104 0.99999776
0.99999883 0.00093327 -0.00121354 -0.00093339 0.99999956 -0.00009766 0.00121345 0.00009879 0.99999926
0.99999831 0.00108739 -0.00148216 -0.00108837 0.99999919 -0.00065640 0.00148144 0.00065801 0.99999869
0.99999760 0.00085458 -0.00201837 -0.00085425 0.99999962 0.00016143 0.00201851 -0.00015971 0.99999795
0.99999792 -0.00035189 -0.00200780 0.00035206 0.99999993 0.00008355 0.00200777 -0.00008426 0.99999798
0.99999651 -0.00093790 -0.00247091 0.00093956 0.99999933 0.00067364 0.00247027 -0.00067595 0.99999672
0.99999541 -0.00284975 -0.00102897 0.00284784 0.99999422 -0.00185725 0.00103425 0.00185431 0.99999775
0.99999911 0.00129737 -0.00029674 -0.00129727 0.99999910 0.00033874 0.00029718 -0.00033836 0.99999990
0.99999354 0.00358521 0.00025301 -0.00358527 0.99999355 0.00020509 -0.00025227 -0.00020600 0.99999995
0.99999758 0.00160986 0.00149743 -0.00160972 0.99999870 -0.00009471 -0.00149758 0.00009230 0.99999887
0.99999663 0.00094193 0.00241978 -0.00094032 0.99999933 -0.00066782 -0.00242040 0.00066554 0.99999685
0.99999392 0.00225656 0.00265699 -0.00225529 0.99999734 -0.00047896 -0.00265807 0.00047296 0.99999636
0.99999951 -0.00005957 0.00098686 0.00006063 0.99999943 -0.00106773 -0.00098679 0.00106779 0.99999894
0.99999976 0.00039760 0.00056830 -0.00039716 0.99999962 -0.00077721 -0.00056861 0.00077699 0.99999954
0.99998471 0.00308609 0.00458769 -0.00308713 0.99999521 0.00022146 -0.00458698 -0.00023562 0.99998945
0.99996070 0.00261690 0.00847109 -0.00261708 0.99999658 0.00001082 -0.00847103 -0.00003298 0.99996412
0.99988508 0.00376590 0.01468510 -0.00378725 0.99999181 0.00142579 -0.01467961 -0.00148124 0.99989115
0.99984162 0.00040155 0.01779271 -0.00040549 0.99999989 0.00021809 -0.01779262 -0.00022527 0.99984167
0.99972615 0.00080180 0.02338771 -0.00080204 0.99999968 0.00000089 -0.02338770 -0.00001965 0.99972647
0.99961287 -0.00160039 0.02777685 0.00159408 0.99999870 0.00024947 -0.02777721 -0.00020510 0.99961412
0.99936159 0.00008322 0.03572671 -0.00010725 0.99999977 0.00067057 -0.03572664 -0.00067397 0.99936137
0.99913018 -0.00237509 0.04163212 0.00240897 0.99999681 -0.00076345 -0.04163017 0.00086308 0.99913272
0.99890781 -0.00367153 0.04658009 0.00369207 0.99999312 -0.00035491 -0.04657847 0.00052650 0.99891450
0.99863729 -0.00301421 0.05210061 0.00298696 0.99999536 0.00060092 -0.05210218 -0.00044448 0.99864166
0.99843678 -0.00375473 0.05576652 0.00376053 0.99999293 0.00000086 -0.05576613 0.00020886 0.99844384
0.99831115 -0.00490315 0.05788621 0.00492740 0.99998782 -0.00027624 -0.05788415 0.00056100 0.99832315
0.99831858 -0.00475326 0.05777040 0.00483448 0.99998751 -0.00126618 -0.05776366 0.00154334 0.99832909
0.99821139 -0.00344744 0.05968370 0.00342715 0.99999403 0.00044220 -0.05968487 -0.00023686 0.99821724
0.99817685 -0.00381483 0.06023640 0.00385882 0.99999237 -0.00061388 -0.06023359 0.00084520 0.99818395
0.99827417 -0.00228901 0.05868085 0.00237579 0.99999619 -0.00140907 -0.05867740 0.00154605 0.99827580
0.99818772 -0.00116845 0.06016573 0.00126892 0.99999786 -0.00163180 -0.06016370 0.00170519 0.99818707
0.99811479 0.00308063 0.06129743 -0.00286545 0.99998942 -0.00359812 -0.06130787 0.00341569 0.99811306
0.99811150 0.00151790 0.06140951 -0.00131060 0.99999331 -0.00341590 -0.06141429 0.00332897 0.99810681
0.99795808 0.00085736 0.06386662 -0.00085302 0.99999963 -0.00009524 -0.06386668 0.00004056 0.99795844
0.99788920 0.00201131 0.06490840 -0.00211584 0.99999657 0.00154163 -0.06490508 -0.00167572 0.99789004
0.99785955 0.00295770 0.06532666 -0.00316891 0.99999008 0.00312973 -0.06531675 -0.00333004 0.99785902
0.99793493 0.00039809 0.06423182 -0.00058678 0.99999557 0.00291883 -0.06423037 -0.00295049 0.99793074
0.99806302 -0.00139343 0.06219546 0.00116419 0.99999240 0.00372183 -0.06220018 -0.00364222 0.99805705
0.99835393 -0.00037105 0.05735235 0.00032860 0.99999967 0.00074957 -0.05735261 -0.00072949 0.99835372
0.99859728 0.00014235 0.05294766 -0.00013293 0.99999997 -0.00018148 -0.05294768 0.00017418 0.99859727
0.99886789 0.00145987 0.04754797 -0.00138425 0.99999772 -0.00162339 -0.04755023 0.00155573 0.99886764
0.99898835 0.00285690 0.04487892 -0.00274547 0.99999299 -0.00254438 -0.04488588 0.00241860 0.99898919
0.99909718 0.00235687 0.04241769 -0.00224898 0.99999411 -0.00259115 -0.04242355 0.00249341 0.99909660
0.99923591 0.00065817 0.03907883 -0.00057036 0.99999729 -0.00225826 -0.03908021 0.00223425 0.99923358
0.99935728 -0.00037059 0.03584540 0.00043997 0.99999805 -0.00192769 -0.03584462 0.00194222 0.99935549
0.99944588 -0.00073599 0.03327752 0.00076489 0.99999934 -0.00085583 -0.03327687 0.00088081 0.99944578
0.99956997 -0.00116180 0.02930051 0.00120203 0.99999836 -0.00135545 -0.02929888 0.00139009 0.99956973
0.99972383 -0.00235282 0.02338214 0.00238423 0.99999629 -0.00131539 -0.02337896 0.00137078 0.99972573
0.99978933 -0.00114578 0.02049338 0.00113899 0.99999929 0.00034303 -0.02049375 -0.00031961 0.99978993
0.99989802 -0.00139014 0.01421304 0.00137161 0.99999820 0.00131279 -0.01421484 -0.00129316 0.99989813
0.99989251 0.00023390 0.01466011 -0.00026759 0.99999733 0.00229629 -0.01465954 -0.00229997 0.99988990
0.99997670 -0.00044474 0.00681254 0.00043624 0.99999912 0.00124979 -0.00681309 -0.00124679 0.99997601
0.99998007 -0.00092721 0.00624522 0.00092370 0.99999941 0.00056541 -0.00624574 -0.00055963 0.99998034
0.99998927 -0.00225694 0.00404452 0.00224976 0.99999589 0.00177838 -0.00404852 -0.00176926 0.99999024
0.99998919 -0.00039299 0.00463369 0.00038731 0.99999917 0.00122694 -0.00463417 -0.00122513 0.99998851
0.99999961 -0.00079320 0.00039033 0.00079316 0.99999968 0.00010027 -0.00039040 -0.00009996 0.99999992
0.99999587 -0.00020838 -0.00286723 0.00020533 0.99999941 -0.00106592 0.00286745 0.00106533 0.99999532
0.99999820 -0.00047741 -0.00183491 0.00047554 0.99999936 -0.00102184 0.00183540 0.00102097 0.99999779
0.99999739 -0.00061395 -0.00220084 0.00061293 0.99999970 -0.00046355 0.00220112 0.00046220 0.99999747
0.99999829 -0.00085569 -0.00164144 0.00085383 0.99999900 -0.00113067 0.00164240 0.00112926 0.99999801
0.99999561 -0.00116013 -0.00272520 0.00115900 0.99999924 -0.00041676 0.00272568 0.00041360 0.99999620
0.99999896 0.00023719 -0.00142426 -0.00023819 0.99999972 -0.00070829 0.00142409 0.00070862 0.99999873
0.99998525 -0.00010294 -0.00543106 0.00009549 0.99999905 -0.00137255 0.00543120 0.00137201 0.99998431
0.99999481 -0.00129931 -0.00294922 0.00130050 0.99999907 0.00039913 0.00294870 -0.00040296 0.99999557
0.99999867 -0.00077675 -0.00143377 0.00077787 0.99999939 0.00078332 0.00143316 -0.00078443 0.99999867
0.99999576 -0.00212676 -0.00198679 0.00212528 0.99999746 -0.00074554 0.00198837 0.00074131 0.99999775
0.99999328 -0.00105392 -0.00351201 0.00105644 0.99999919 0.00071360 0.00351126 -0.00071730 0.99999358
0.99999417 0.00068686 -0.00334549 -0.00067805 0.99999631 0.00263221 0.00334729 -0.00262992 0.99999094
0.99999255 0.00149445 -0.00355907 -0.00148748 0.99999697 0.00195982 0.00356199 -0.00195451 0.99999175
0.99999879 -0.00028535 -0.00152963 0.00028546 0.99999996 0.00007176 0.00152961 -0.00007219 0.99999883
0.99999933 -0.00002913 -0.00115756 0.00003014 0.99999962 0.00087185 0.00115754 -0.00087189 0.99999895
0.99999825 0.00160363 -0.00096816 -0.00160428 0.99999849 -0.00067112 0.00096708 0.00067267 0.99999931
0.99999083 0.00358628 0.00234183 -0.00358208 0.99999197 -0.00179466 -0.00234825 0.00178625 0.99999565
0.99999968 0.00061830 0.00050119 -0.00061867 0.99999953 0.00074357 -0.00050073 -0.00074388 0.99999960
0.99999379 0.00304699 0.00177285 -0.00304372 0.99999367 -0.00184349 -0.00177846 0.00183808 0.99999673
0.99999973 0.00068784 -0.00025643 -0.00068790 0.99999974 -0.00021847 0.00025628 0.00021865 0.99999994
0.99999864 0.00129868 0.00101815 -0.00129858 0.99999915 -0.00009927 -0.00101828 0.00009795 0.99999948
0.99999922 0.00020031 0.00123076 -0.00020109 0.99999978 0.00063396 -0.00123064 -0.00063421 0.99999904
0.99999476 -0.00323056 0.00019901 0.00323051 0.99999476 0.00022671 -0.00019974 -0.00022607 0.99999995
0.99999628 -0.00223222 -0.00156920 0.00223265 0.99999747 0.00027674 0.00156858 -0.00028024 0.99999873
0.99997490 -0.00139532 0.00694666 0.00138121 0.99999698 0.00203488 -0.00694948 -0.00202524 0.99997380
0.99999956 -0.00094009 -0.00005968 0.00094005 0.99999932 -0.00068612 0.00006033 0.00068606 0.99999976
0.99999941 -0.00084604 0.00068593 0.00084645 0.99999946 -0.00059833 -0.00068542 0.00059891 0.99999959
0.99999955 -0.00094950 0.00001150 0.00094950 0.99999931 0.00069379 -0.00001216 -0.00069378 0.99999976
0.99999941 -0.00073624 -0.00079248 0.00073667 0.99999958 0.00054031 0.00079208 -0.00054090 0.99999954
0.99999901 -0.00007931 -0.00140504 0.00008137 0.99999892 0.00146500 0.00140492 -0.00146512 0.99999794
0.99999965 0.00065449 -0.00052909 -0.00065415 0.99999957 0.00065675 0.00052951 -0.00065640 0.99999964
0.99999968 -0.00019127 0.00077144 0.00019158 0.99999990 -0.00040047 -0.00077137 0.00040062 0.99999962
0.99999923 0.00084042 -0.00091322 -0.00084091 0.99999951 -0.00053051 0.00091277 0.00053128 0.99999944
0.99999953 -0.00049744 -0.00082747 0.00049654 0.99999928 -0.00108932 0.00082801 0.00108891 0.99999906
0.99999743 0.00098285 0.00204333 -0.00098391 0.99999938 0.00051356 -0.00204283 -0.00051557 0.99999778
0.99999848 0.00130975 0.00114796 -0.00131034 0.99999901 0.00051078 -0.00114729 -0.00051229 0.99999921
0.99999883 0.00035974 0.00148987 -0.00036120 0.99999945 0.00098027 -0.00148952 -0.00098080 0.99999841
0.99999729 0.00182604 -0.00144682 -0.00182519 0.99999816 0.00059097 0.00144790 -0.00058832 0.99999878
0.99999901 0.00139601 0.00016774 -0.00139583 0.99999848 -0.00104685 -0.00016920 0.00104661 0.99999944
0.99999536 0.00102155 0.00286912 -0.00102185 0.99999947 0.00010587 -0.00286901 -0.00010881 0.99999588
0.99999964 -0.00063791 0.00056583 0.00063775 0.99999976 0.00028166 -0.00056601 -0.00028130 0.99999980
0.99999758 -0.00190951 0.00109101 0.00190929 0.99999816 0.00019627 -0.00109139 -0.00019418 0.99999939
0.99999958 -0.00079903 0.00045915 0.00079902 0.99999968 0.00002409 -0.00045917 -0.00002372 0.99999989
0.99999994 0.00015516 0.00030329 -0.00015547 0.99999948 0.00101038 -0.00030314 -0.00101043 0.99999944
0.99999927 -0.00098555 -0.00069484 0.00098608 0.99999923 0.00075754 0.00069410 -0.00075822 0.99999947
0.99999817 -0.00069196 0.00178377 0.00069696 0.99999582 -0.00280597 -0.00178183 0.00280721 0.99999447
0.99999739 0.00029085 0.00226453 -0.00028685 0.99999840 -0.00176484 -0.00226504 0.00176419 0.99999588
0.99999960 -0.00008751 0.00089313 0.00008789 0.99999990 -0.00043005 -0.00089310 0.00043012 0.99999951
0.99999995 0.00029167 -0.00011397 -0.00029169 0.99999994 -0.00017036 0.00011392 0.00017040 0.99999998
0.99999952 -0.00069564 0.00068840 0.00069428 0.99999782 0.00196990 -0.00068977 -0.00196942 0.99999782
0.99999961 -0.00086042 0.00020446 0.00086040 0.99999962 0.00010942 -0.00020456 -0.00010925 0.99999997
0.99999780 -0.00170210 -0.00122638 0.00170144 0.99999841 -0.00053305 0.00122728 0.00053096 0.99999911
0.99999935 -0.00020393 -0.00112086 0.00020411 0.99999997 0.00015750 0.00112082 -0.00015773 0.99999936
0.99999467 -0.00108890 -0.00307951 0.00108409 0.99999819 -0.00156466 0.00308121 0.00156132 0.99999403
0.99999678 -0.00200450 -0.00155520 0.00200160 0.99999626 -0.00186252 0.00155892 0.00185940 0.99999706
0.99999881 -0.00032978 -0.00150590 0.00032924 0.99999988 -0.00035547 0.00150602 0.00035497 0.99999880
0.99999646 0.00116646 -0.00239326 -0.00116543 0.99999923 0.00043150 0.00239376 -0.00042871 0.99999704
0.99999627 0.00268459 -0.00050688 -0.00268475 0.99999634 -0.00032855 0.00050599 0.00032991 0.99999982
0.99999447 0.00312294 0.00114230 -0.00312271 0.99999510 -0.00020264 -0.00114292 0.00019907 0.99999933
0.99999852 0.00155576 0.00072784 -0.00155716 0.99999693 0.00192983 -0.00072483 -0.00193096 0.99999787
0.99999934 0.00071532 0.00090061 -0.00071766 0.99999637 0.00259860 -0.00089875 -0.00259925 0.99999622
0.99999908 -0.00019222 0.00134574 0.00018990 0.99999850 0.00171948 -0.00134607 -0.00171922 0.99999762
0.99999657 -0.00043535 0.00258232 0.00043627 0.99999984 -0.00035845 -0.00258217 0.00035957 0.99999660
0.99999810 -0.00061007 0.00185372 0.00061093 0.99999971 -0.00046156 -0.00185344 0.00046270 0.99999818
0.99999715 -0.00166108 0.00171340 0.00166208 0.99999845 -0.00057959 -0.00171243 0.00058244 0.99999836
0.99999658 -0.00187503 0.00182348 0.00187596 0.99999811 -0.00050842 -0.00182252 0.00051184 0.99999821
0.99999753 -0.00215987 0.00052281 0.00216023 0.99999742 -0.00070084 -0.00052129 0.00070197 0.99999962
0.99999852 -0.00015298 0.00171242 0.00015329 0.99999997 -0.00017733 -0.00171240 0.00017760 0.99999852
0.99999856 -0.00165408 -0.00037205 0.00165412 0.99999863 0.00010913 0.00037187 -0.00010975 0.99999992
0.99999625 0.00264252 0.00072214 -0.00264232 0.99999647 -0.00028324 -0.00072288 0.00028134 0.99999970
0.99999945 -0.00099041 0.00034713 0.00099057 0.99999940 -0.00046887 -0.00034666 0.00046921 0.99999983
0.99999987 0.00049804 0.00009431 -0.00049788 0.99999834 -0.00175002 -0.00009518 0.00174998 0.99999846
0.99999792 -0.00183157 -0.00090190 0.00183203 0.99999819 0.00050918 0.00090097 -0.00051084 0.99999946
0.99999618 -0.00270195 -0.00058885 0.00270168 0.99999624 -0.00047203 0.00059012 0.00047044 0.99999972
0.99999968 -0.00025306 0.00076186 0.00025284 0.99999992 0.00029391 -0.00076193 -0.00029371 0.99999967
0.99999878 -0.00002271 0.00156325 0.00002165 0.99999977 0.00067743 -0.00156327 -0.00067740 0.99999855
0.99999575 -0.00290685 -0.00024446 0.00290737 0.99999346 0.00215095 0.00023821 -0.00215165 0.99999766
0.99999865 -0.00158506 -0.00043431 0.00158550 0.99999823 0.00100957 0.00043271 -0.00101026 0.99999940
0.99999873 -0.00145205 0.00065720 0.00145143 0.99999851 0.00093498 -0.00065855 -0.00093403 0.99999935
0.99999957 -0.00063654 0.00067819 0.00063576 0.99999914 0.00114933 -0.00067892 -0.00114890 0.99999911
0.99999923 0.00031468 0.00119852 -0.00031484 0.99999994 0.00013916 -0.00119848 -0.00013954 0.99999927
0.99998778 0.00008483 0.00494342 -0.00007388 0.99999754 -0.00221566 -0.00494359 0.00221527 0.99998533
0.99999606 -0.00071206 0.00271658 0.00071887 0.99999660 -0.00250681 -0.00271479 0.00250876 0.99999317
0.99999114 0.00133030 0.00399297 -0.00132722 0.99999882 -0.00077494 -0.00399400 0.00076963 0.99999173
0.99999861 0.00018457 0.00165414 -0.00018328 0.99999968 -0.00077482 -0.00165428 0.00077452 0.99999833
0.99999592 -0.00065641 0.00277965 0.00065476 0.99999961 0.00059568 -0.00278004 -0.00059386 0.99999596
0.99999655 -0.00236988 -0.00113684 0.00237083 0.99999684 0.00083093 0.00113487 -0.00083362 0.99999901
0.99999735 -0.00119523 0.00196655 0.00119389 0.99999905 0.00068240 -0.00196736 -0.00068005 0.99999783
0.99999501 -0.00314716 0.00027569 0.00314714 0.99999504 0.00008543 -0.00027596 -0.00008456 0.99999996
0.99999932 -0.00063267 0.00097568 0.00063147 0.99999904 0.00123564 -0.00097646 -0.00123502 0.99999876
0.99999769 -0.00205141 0.00064428 0.00205161 0.99999785 -0.00031442 -0.00064363 0.00031574 0.99999974
0.99999763 -0.00184480 0.00115450 0.00184476 0.99999830 0.00003911 -0.00115457 -0.00003698 0.99999933
0.99999800 -0.00185288 -0.00075544 0.00185263 0.99999823 -0.00032663 0.00075604 0.00032523 0.99999966
0.99998591 -0.00408242 -0.00339312 0.00408146 0.99999163 -0.00028882 0.00339427 0.00027497 0.99999420
0.99998922 -0.00240327 -0.00397191 0.00240119 0.99999698 -0.00052696 0.00397317 0.00051742 0.99999197
0.99997087 -0.00197674 -0.00737237 0.00197498 0.99999802 -0.00024552 0.00737284 0.00023095 0.99997279
0.99992162 -0.00257780 -0.01225214 0.00258065 0.99999665 0.00021697 0.01225154 -0.00024857 0.99992492
0.99988834 -0.00190740 -0.01482122 0.00191496 0.99999804 0.00049552 0.01482025 -0.00052385 0.99989004
0.99980885 0.00052959 -0.01954433 -0.00053254 0.99999985 -0.00014591 0.01954425 0.00015629 0.99980898
0.99975825 0.00100037 -0.02196436 -0.00099387 0.99999946 0.00030661 0.02196466 -0.00028470 0.99975871
0.99967421 0.00007657 -0.02552404 -0.00006885 0.99999995 0.00030335 0.02552406 -0.00030149 0.99967416
0.99947451 -0.00039898 -0.03241212 0.00033741 0.99999813 -0.00190518 0.03241282 0.00189324 0.99947277
0.99938314 0.00233946 -0.03504079 -0.00239017 0.99999616 -0.00140544 0.03503736 0.00148833 0.99938489
0.99924203 0.00382385 -0.03873947 -0.00387420 0.99999175 -0.00122488 0.03873446 0.00137403 0.99924859
0.99894679 0.00448796 -0.04566358 -0.00442280 0.99998905 0.00152793 0.04566994 -0.00132436 0.99895571
0.99892440 0.00475377 -0.04612415 -0.00465915 0.99998682 0.00215864 0.04613380 -0.00194142 0.99893338
0.99867042 0.00333079 -0.05144220 -0.00327147 0.99999388 0.00123722 0.05144600 -0.00106729 0.99867521
0.99848054 0.00259637 -0.05504428 -0.00255190 0.99999636 0.00087828 0.05504636 -0.00073648 0.99848353
0.99840544 0.00447978 -0.05627180 -0.00447258 0.99998997 0.00025393 0.05627237 -0.00000184 0.99841545
0.99837089 0.00349981 -0.05695008 -0.00352665 0.99999371 -0.00037093 0.05694842 0.00057117 0.99837696
0.99824635 0.00583153 -0.05890848 -0.00585420 0.99998284 -0.00021222 0.05890623 0.00055671 0.99826337
0.99832777 0.00455447 -0.05762739 -0.00449795 0.99998927 0.00111050 0.05763183 -0.00084944 0.99833754
0.99822165 0.00441243 -0.05944801 -0.00445883 0.99998985 -0.00064796 0.05944455 0.00091187 0.99823119
0.99827024 -0.00138257 -0.05877593 0.00139620 0.99999901 0.00019072 0.05877561 -0.00027245 0.99827118
0.99796283 -0.00520131 -0.06358574 0.00530758 0.99998479 0.00150245 0.06357695 -0.00183687 0.99797525
0.99803360 -0.00393105 -0.06255779 0.00414054 0.99998625 0.00321950 0.06254427 -0.00347220 0.99803615
0.99797254 0.00129620 -0.06363271 -0.00104462 0.99999151 0.00398672 0.06363734 -0.00391216 0.99796542
0.99781124 0.00302417 -0.06605736 -0.00273773 0.99998646 0.00442633 0.06606985 -0.00423580 0.99780601
0.99778141 0.00233682 -0.06653420 -0.00209549 0.99999097 0.00369680 0.06654224 -0.00354917 0.99777730
0.99788818 0.00237076 -0.06491194 -0.00226794 0.99999605 0.00165764 0.06491561 -0.00150693 0.99788962
0.99804318 0.00001858 -0.06252843 0.00001857 0.99999982 0.00059355 0.06252843 -0.00059355 0.99804301
0.99825907 0.00131869 -0.05896689 -0.00133056 0.99999910 -0.00016202 0.05896662 0.00024020 0.99825993
0.99848918 0.00146362 -0.05492915 -0.00149915 0.99999869 -0.00060561 0.05492820 0.00068704 0.99849007
0.99872571 0.00421249 -0.05029116 -0.00422333 0.99999108 -0.00010925 0.05029026 0.00032150 0.99873459
0.99898597 0.00049972 -0.04501981 -0.00060146 0.99999730 -0.00224638 0.04501857 0.00227118 0.99898357
0.99934200 -0.00033277 -0.03626919 0.00022680 0.99999569 -0.00292571 0.03627000 0.00291556 0.99933777
0.99953208 -0.00061128 -0.03058197 0.00053292 0.99999655 -0.00257032 0.03058343 0.00255282 0.99952896
0.99970506 0.00188176 -0.02421279 -0.00186996 0.99999812 0.00051030 0.02421370 -0.00046488 0.99970670
0.99979967 0.00159569 -0.01995173 -0.00158341 0.99999855 0.00063085 0.01995271 -0.00059914 0.99980075
0.99987420 0.00159320 -0.01578092 -0.00155725 0.99999617 0.00229016 0.01578451 -0.00226530 0.99987285
0.99994660 -0.00103325 -0.01028257 0.00103323 0.99999947 -0.00000677 0.01028257 -0.00000385 0.99994713
0.99995784 -0.00058673 -0.00916335 0.00059185 0.99999967 0.00055636 0.00916302 -0.00056176 0.99995786
0.99997326 -0.00125502 -0.00720512 0.00125554 0.99999921 0.00006748 0.00720503 -0.00007653 0.99997404
0.99999089 -0.00018976 -0.00426471 0.00018631 0.99999965 -0.00081035 0.00426486 0.00080955 0.99999058
0.99999609 0.00121340 -0.00251838 -0.00121588 0.99999878 -0.00098069 0.00251719 0.00098374 0.99999635
0.99999812 0.00189548 0.00041901 -0.00189554 0.99999819 0.00014728 -0.00041873 -0.00014807 0.99999990
0.99999963 -0.00086223 -0.00001570 0.00086224 0.99999942 0.00064691 0.00001514 -0.00064692 0.99999979
0.99999731 -0.00231485 -0.00012889 0.00231487 0.99999731 0.00017380 0.00012849 -0.00017410 0.99999998
0.99999905 -0.00135772 0.00022168 0.00135750 0.99999861 0.00097006 -0.00022300 -0.00096976 0.99999950
0.99999991 -0.00021656 0.00037693 0.00021588 0.99999835 0.00180558 -0.00037733 -0.00180550 0.99999830
0.99999618 -0.00187370 -0.00203287 0.00187557 0.99999782 0.00091732 0.00203115 -0.00092113 0.99999751
0.99999427 -0.00124255 -0.00314953 0.00124750 0.99999799 0.00156967 0.00314757 -0.00157359 0.99999381
0.99999676 -0.00007152 -0.00254572 0.00007629 0.99999824 0.00187323 0.00254559 -0.00187342 0.99999501
0.99999774 -0.00090542 -0.00192269 0.00090787 0.99999878 0.00127310 0.00192153 -0.00127484 0.99999734
0.99999622 0.00072221 -0.00265397 -0.00071812 0.99999856 0.00153932 0.00265507 -0.00153741 0.99999529
0.99999294 0.00018082 -0.00375404 -0.00018093 0.99999998 -0.00002962 0.00375404 0.00003030 0.99999295
0.99999005 -0.00106144 -0.00433232 0.00105707 0.99999893 -0.00101106 0.00433339 0.00100647 0.99999010
0.99998646 -0.00054771 -0.00517418 0.00053816 0.99999815 -0.00184548 0.00517518 0.00184267 0.99998491
0.99998814 0.00082833 -0.00480013 -0.00082939 0.99999963 -0.00021888 0.00479995 0.00022286 0.99998846
0.99998639 0.00045901 -0.00519751 -0.00045278 0.99999918 0.00120059 0.00519806 -0.00119822 0.99998577
0.99999758 0.00175454 -0.00132835 -0.00175564 0.99999812 -0.00082644 0.00132690 0.00082877 0.99999878
0.99999674 -0.00043116 -0.00251655 0.00043481 0.99999885 0.00144949 0.00251592 -0.00145058 0.99999578
0.99999309 -0.00221351 -0.00298615 0.00221672 0.99999697 0.00107221 0.00298377 -0.00107882 0.99999497
0.99999936 0.00010472 -0.00113025 -0.00010526 0.99999988 -0.00048094 0.00113020 0.00048106 0.99999925
0.99999720 -0.00093511 -0.00217191 0.00093671 0.99999929 0.00073927 0.00217121 -0.00074131 0.99999737
0.99999952 -0.00048777 -0.00085084 0.00048803 0.99999983 0.00031337 0.00085069 -0.00031378 0.99999959
0.99999800 -0.00154782 -0.00126804 0.00154977 0.99999761 0.00154170 0.00126565 -0.00154366 0.99999801
0.99996532 -0.00177970 -0.00813630 0.00165491 0.99988130 -0.01531849 0.00816259 0.01530449 0.99984956
0.99999274 0.00005732 0.00381010 -0.00003984 0.99998947 -0.00458858 -0.00381032 0.00458839 0.99998221
0.99999778 0.00144514 -0.00153329 -0.00144897 0.99999583 -0.00249945 0.00152967 0.00250166 0.99999570
0.99997963 0.00132546 -0.00624396 -0.00136447 0.99997956 -0.00624707 0.00623556 0.00625546 0.99996099
0.99999891 0.00138186 0.00052735 -0.00138175 0.99999902 -0.00021830 -0.00052765 0.00021757 0.99999984
0.99999707 -0.00068767 0.00231953 0.00068989 0.99999930 -0.00095668 -0.00231887 0.00095828 0.99999685
0.99999932 -0.00049767 0.00105307 0.00050103 0.99999478 -0.00319159 -0.00105148 0.00319212 0.99999435
0.99999771 0.00020509 0.00213144 -0.00019970 0.99999678 -0.00252944 -0.00213195 0.00252901 0.99999453
0.99997703 0.00167255 0.00656821 -0.00166635 0.99999816 -0.00094901 -0.00656979 0.00093805 0.99997798
0.99998804 0.00445034 0.00202789 -0.00445691 0.99998480 0.00324453 -0.00201342 -0.00325353 0.99999268
0.99999397 0.00306083 0.00163806 -0.00306638 0.99998952 0.00340020 -0.00162763 -0.00340520 0.99999288
0.99999975 -0.00024922 0.00066790 0.00024679 0.99999337 0.00363427 -0.00066881 -0.00363410 0.99999317
0.99999753 -0.00222335 0.00003345 0.00222324 0.99999295 0.00302452 -0.00004018 -0.00302444 0.99999543
0.99999281 -0.00116843 -0.00360721 0.00117782 0.99999592 0.00260402 0.00360416 -0.00260825 0.99999010
0.99996317 0.00854783 0.00077646 -0.00854612 0.99996111 -0.00217807 -0.00079505 0.00217135 0.99999733
0.99999047 0.00433865 -0.00049115 -0.00433941 0.99998938 -0.00154968 0.00048443 0.00155180 0.99999868
0.99999421 0.00267060 0.00210957 -0.00266895 0.99999613 -0.00078366 -0.00211165 0.00077803 0.99999747
0.99999970 -0.00071858 -0.00030369 0.00071918 0.99999781 0.00196287 0.00030227 -0.00196309 0.99999803
0.99999989 -0.00046039 -0.00009427 0.00046057 0.99999808 0.00190279 0.00009340 -0.00190283 0.99999819
0.99999979 0.00042837 0.00049239 -0.00042859 0.99999981 0.00043439 -0.00049220 -0.00043460 0.99999978
0.99999833 -0.00024612 -0.00181081 0.00024605 0.99999997 -0.00003857 0.00181082 0.00003812 0.99999836
0.99999873 -0.00119268 -0.00105825 0.00119300 0.99999924 0.00030856 0.00105788 -0.00030982 0.99999939
0.99999936 0.00057611 -0.00097438 -0.00057580 0.99999978 0.00031810 0.00097457 -0.00031754 0.99999947
0.99999799 0.00200212 -0.00013654 -0.00200201 0.99999766 0.00081808 0.00013818 -0.00081781 0.99999966
0.99999906 -0.00017649 0.00135958 0.00017847 0.99999892 -0.00145557 -0.00135932 0.00145581 0.99999802
0.99999628 0.00147135 0.00229773 -0.00147068 0.99999888 -0.00029337 -0.00229816 0.00028999 0.99999732
0.99999968 -0.00077914 -0.00020448 0.00077871 0.99999751 -0.00209184 0.00020611 0.00209168 0.99999779
0.99999883 -0.00151620 -0.00018496 0.00151594 0.99999793 -0.00135681 0.00018702 0.00135653 0.99999906
0.99999946 0.00012561 -0.00102799 -0.00012481 0.99999968 0.00078473 0.00102809 -0.00078460 0.99999916
0.99999937 -0.00036467 -0.00106061 0.00036496 0.99999990 0.00027326 0.00106051 -0.00027364 0.99999940
0.99999755 0.00099508 0.00197618 -0.00099388 0.99999932 -0.00060414 -0.00197678 0.00060218 0.99999786
0.99999889 -0.00061376 0.00136088 0.00061766 0.99999570 -0.00286569 -0.00135911 0.00286652 0.99999497
0.99999659 0.00062963 0.00253538 -0.00061458 0.99998223 -0.00592938 -0.00253907 0.00592780 0.99997921
0.99999679 0.00114147 0.00226140 -0.00113943 0.99999894 -0.00090481 -0.00226243 0.00090223 0.99999703
0.99999894 -0.00016639 0.00144643 0.00016547 0.99999978 0.00063960 -0.00144653 -0.00063936 0.99999875
0.99999961 -0.00085988 0.00018340 0.00085978 0.99999949 0.00052614 -0.00018386 -0.00052598 0.99999984
0.99999824 0.00012775 -0.00187072 -0.00013051 0.99999890 -0.00147658 0.00187053 0.00147682 0.99999716
0.99999792 -0.00049416 -0.00197967 0.00049110 0.99999868 -0.00154606 0.00198043 0.00154508 0.99999685
0.99999958 -0.00085507 0.00033176 0.00085408 0.99999529 0.00294756 -0.00033428 -0.00294728 0.99999560
0.99999580 0.00274183 0.00094297 -0.00274392 0.99999376 0.00222708 -0.00093686 -0.00222966 0.99999708
0.99999778 0.00083254 0.00193789 -0.00082810 0.99999703 -0.00229024 -0.00193980 0.00228863 0.99999550
0.99999848 -0.00169459 -0.00040435 0.00169365 0.99999591 -0.00230339 0.00040826 0.00230270 0.99999727
0.99999916 -0.00129083 0.00010730 0.00129103 0.99999737 -0.00189628 -0.00010486 0.00189641 0.99999820
0.99999949 0.00089316 0.00046305 -0.00089265 0.99999900 -0.00109939 -0.00046403 0.00109898 0.99999929
0.99999938 0.00016044 -0.00110481 -0.00016129 0.99999969 -0.00077014 0.00110469 0.00077032 0.99999909
0.99999888 0.00129619 0.00075488 -0.00129594 0.99999911 -0.00032307 -0.00075530 0.00032209 0.99999966
0.99999869 -0.00010241 0.00161829 0.00010175 0.99999991 0.00040477 -0.00161834 -0.00040461 0.99999861
0.99999898 -0.00002370 0.00142576 0.00002334 0.99999997 0.00024958 -0.00142577 -0.00024955 0.99999895
0.99999783 -0.00007217 0.00208326 0.00007430 0.99999948 -0.00102156 -0.00208319 0.00102171 0.99999731
0.99999605 -0.00164537 0.00228085 0.00164577 0.99999863 -0.00017017 -0.00228056 0.00017392 0.99999738
0.99999482 -0.00231446 0.00223589 0.00231763 0.99999631 -0.00141778 -0.00223260 0.00142295 0.99999650
0.99999920 0.00082055 -0.00096494 -0.00081872 0.99999787 0.00189470 0.00096649 -0.00189391 0.99999774
0.99999884 0.00060062 0.00140314 -0.00060125 0.99999972 0.00044705 -0.00140287 -0.00044789 0.99999892
0.99999697 0.00229720 -0.00087938 -0.00229526 0.99999494 0.00220467 0.00088444 -0.00220265 0.99999718
0.99999978 -0.00029102 0.00059336 0.00029054 0.99999963 0.00081162 -0.00059359 -0.00081145 0.99999949
0.99999731 -0.00228322 -0.00040267 0.00228332 0.99999737 0.00023024 0.00040214 -0.00023116 0.99999989
0.99999662 -0.00052648 0.00254527 0.00052330 0.99999908 0.00124906 -0.00254592 -0.00124772 0.99999598
0.99999452 -0.00314736 0.00102702 0.00314823 0.99999468 -0.00085168 -0.00102433 0.00085490 0.99999911
0.99999879 0.00133977 0.00078555 -0.00133970 0.99999910 -0.00008763 -0.00078566 0.00008658 0.99999969
0.99999971 0.00069895 0.00028589 -0.00069847 0.99999833 -0.00168714 -0.00028707 0.00168694 0.99999854
0.99999783 0.00155535 0.00138758 -0.00155200 0.99999588 -0.00241373 -0.00139133 0.00241157 0.99999612
0.99999949 0.00015562 -0.00099928 -0.00015489 0.99999972 0.00073719 0.00099940 -0.00073704 0.99999923
0.99999687 -0.00105282 0.00226751 0.00105159 0.99999930 0.00054389 -0.00226808 -0.00054151 0.99999728
0.99999249 -0.00315045 0.00225752 0.00315024 0.99999503 0.00009664 -0.00225782 -0.00008953 0.99999745
0.99999424 -0.00097394 0.00325203 0.00097493 0.99999948 -0.00030335 -0.00325174 0.00030651 0.99999467
0.99999229 0.00191527 0.00342925 -0.00190840 0.99999617 -0.00200353 -0.00343308 0.00199697 0.99999211
0.99996993 0.00561020 0.00535319 -0.00561361 0.99998405 0.00062125 -0.00534962 -0.00065128 0.99998548
