0.99999988 -0.00024120 -0.00043108 0.00024154 0.99999965 0.00079803 0.00043089 -0.00079813 0.99999959
0.99999699 -0.00020029 -0.00244366 0.00020127 0.99999990 0.00039869 0.00244358 -0.00039918 0.99999693
0.99999994 -0.00032904 0.00008168 0.00032907 0.99999987 -0.00038599 -0.00008155 0.00038602 0.99999992
0.99999978 -0.00058743 0.00031791 0.00058742 0.99999983 0.00001856 -0.00031792 -0.00001837 0.99999995
0.99999959 -0.00008349 0.00090073 0.00008312 0.99999991 0.00041699 -0.00090076 -0.00041692 0.99999951
0.99999714 0.00051371 -0.00233611 -0.00051759 0.99999849 -0.00166022 0.00233525 0.00166142 0.99999589
0.99999967 -0.00081061 0.00005139 0.00081062 0.99999965 -0.00019379 -0.00005124 0.00019383 0.99999998
0.99999945 -0.00095877 -0.00042236 0.00095891 0.99999949 0.00031417 0.00042206 -0.00031457 0.99999986
0.99999966 0.00012157 -0.00081706 -0.00012124 0.99999991 0.00040476 0.00081710 -0.00040466 0.99999958
0.99999962 -0.00068045 0.00054112 0.00068019 0.99999965 0.00048925 -0.00054145 -0.00048888 0.99999973
0.99999976 0.00031563 0.00062217 -0.00031556 0.99999995 -0.00009829 -0.00062220 0.00009809 0.99999980
0.99999984 -0.00051895 -0.00024378 0.00051900 0.99999984 0.00022842 0.00024366 -0.00022855 0.99999994
0.99999961 -0.00003883 0.00088795 0.00003882 1.00000000 0.00000883 -0.00088795 -0.00000879 0.99999961
0.99999974 -0.00045505 0.00056041 0.00045554 0.99999952 -0.00086548 -0.00056001 0.00086573 0.99999947
0.99999749 0.00170777 0.00145150 -0.00170815 0.99999851 0.00025898 -0.00145105 -0.00026146 0.99999891
0.99998771 -0.00164696 0.00467552 0.00164557 0.99999860 0.00030240 -0.00467601 -0.00029470 0.99998902
0.99999910 0.00090583 0.00098941 -0.00090520 0.99999939 -0.00063298 -0.00098998 0.00063209 0.99999931
0.99999993 -0.00007441 0.00035293 0.00007444 0.99999999 -0.00008692 -0.00035292 0.00008695 0.99999993
0.99999923 -0.00046092 -0.00114882 0.00046017 0.99999968 -0.00065796 0.00114912 0.00065743 0.99999912
0.99999779 0.00160787 0.00135258 -0.00160841 0.99999863 0.00039424 -0.00135194 -0.00039642 0.99999901
0.99987647 -0.00221435 0.01556067 0.00218978 0.99999633 0.00159607 -0.01556415 -0.00156180 0.99987765
0.99999995 -0.00014952 0.00027728 0.00014954 0.99999999 -0.00005415 -0.00027727 0.00005419 0.99999996
0.99999932 -0.00092243 -0.00070975 0.00092262 0.99999954 0.00026745 0.00070950 -0.00026811 0.99999971
0.99999932 0.00011831 0.00115637 -0.00011838 0.99999999 0.00005692 -0.00115636 -0.00005705 0.99999933
0.99999872 -0.00043025 -0.00154028 0.00043198 0.99999928 0.00112207 0.00153980 -0.00112273 0.99999818
0.99999970 0.00071582 -0.00028778 -0.00071587 0.99999973 -0.00016240 0.00028766 0.00016260 0.99999995
0.99999840 -0.00004507 -0.00178938 0.00004318 0.99999945 -0.00105114 0.00178942 0.00105107 0.99999785
0.99999973 0.00051032 0.00052624 -0.00051038 0.99999986 0.00012442 -0.00052617 -0.00012469 0.99999985
0.99999863 0.00064226 0.00152722 -0.00064241 0.99999979 0.00009727 -0.00152716 -0.00009825 0.99999883
0.99999905 -0.00130167 0.00045978 0.00130183 0.99999909 -0.00034511 -0.00045933 0.00034571 0.99999983
0.99999971 0.00065671 0.00038643 -0.00065670 0.99999978 -0.00001242 -0.00038644 0.00001217 0.99999993
0.99997623 -0.00064363 0.00686480 0.00064484 0.99999978 -0.00017445 -0.00686469 0.00017887 0.99997642
0.99999999 0.00005417 0.00015214 -0.00005416 0.99999999 -0.00008598 -0.00015215 0.00008597 0.99999998
0.99999995 0.00024428 0.00021965 -0.00024413 0.99999973 -0.00069008 -0.00021982 0.00069002 0.99999974
0.99999979 -0.00002178 0.00064568 0.00002241 0.99999953 -0.00097391 -0.00064565 0.00097392 0.99999932
0.99999998 0.00018883 -0.00004481 -0.00018886 0.99999983 -0.00056017 0.00004470 0.00056018 0.99999984
0.99999994 -0.00032963 -0.00005546 0.00032961 0.99999992 -0.00023881 0.00005553 0.00023879 0.99999997
0.99999972 -0.00039758 -0.00063599 0.00039769 0.99999991 0.00016840 0.00063592 -0.00016865 0.99999978
0.99999852 0.00168860 0.00032116 -0.00168826 0.99999801 -0.00106606 -0.00032296 0.00106551 0.99999938
0.99999462 -0.00224877 -0.00238960 0.00224871 0.99999747 -0.00003024 0.00238966 0.00002486 0.99999714
0.99999706 -0.00079845 -0.00229000 0.00079719 0.99999953 -0.00055286 0.00229044 0.00055103 0.99999723
0.99993048 -0.00243371 0.01153713 0.00241889 0.99999623 0.00129858 -0.01154024 -0.00127059 0.99993260
0.99999990 0.00025208 0.00036344 -0.00025214 0.99999996 0.00014545 -0.00036340 -0.00014554 0.99999992
0.99999888 0.00078693 -0.00127372 -0.00078707 0.99999968 -0.00010765 0.00127364 0.00010865 0.99999918
0.99999988 -0.00016486 -0.00045389 0.00016459 0.99999982 -0.00058553 0.00045399 0.00058546 0.99999973
0.99999989 0.00018298 -0.00042670 -0.00018317 0.99999989 -0.00043543 0.00042662 0.00043550 0.99999981
0.99999931 0.00101832 0.00058694 -0.00101815 0.99999944 -0.00029084 -0.00058723 0.00029024 0.99999979
0.99999956 0.00033530 0.00087057 -0.00033493 0.99999985 -0.00042309 -0.00087072 0.00042280 0.99999953
0.99999947 -0.00097354 -0.00032445 0.00097337 0.99999938 -0.00053380 0.00032497 0.00053349 0.99999980
0.99999937 0.00104682 -0.00040935 -0.00104702 0.99999934 -0.00046944 0.00040886 0.00046987 0.99999981
0.99999415 -0.00204208 -0.00274341 0.00204097 0.99999783 -0.00040613 0.00274424 0.00040053 0.99999615
0.99999973 -0.00025459 -0.00069318 0.00025452 0.99999996 -0.00009590 0.00069321 0.00009572 0.99999976
0.99999939 -0.00086478 -0.00068075 0.00086460 0.99999959 -0.00026895 0.00068098 0.00026837 0.99999973
0.99999939 -0.00104076 -0.00036995 0.00104078 0.99999946 0.00004719 0.00036990 -0.00004758 0.99999993
0.99999942 -0.00060410 -0.00088679 0.00060432 0.99999979 0.00024272 0.00088664 -0.00024325 0.99999958
0.99999989 0.00046981 0.00007859 -0.00046981 0.99999989 -0.00000795 -0.00007859 0.00000791 1.00000000
0.99999814 -0.00044990 -0.00187596 0.00044980 0.99999990 -0.00005226 0.00187598 0.00005142 0.99999824
0.99999999 -0.00004483 -0.00009927 0.00004481 0.99999997 -0.00022166 0.00009928 0.00022165 0.99999997
0.99999970 -0.00003928 0.00077559 0.00003924 1.00000000 0.00005244 -0.00077559 -0.00005241 0.99999970
0.99999939 0.00053293 0.00096364 -0.00053351 0.99999968 0.00059299 -0.00096333 -0.00059350 0.99999936
0.99999781 0.00134187 -0.00160310 -0.00134040 0.99999868 0.00092059 0.00160433 -0.00091844 0.99999829
0.99999877 0.00133889 0.00081624 -0.00133882 0.99999910 -0.00008868 -0.00081636 0.00008758 0.99999966
0.99999958 0.00072040 -0.00057466 -0.00071961 0.99999882 0.00135825 0.00057564 -0.00135784 0.99999891
0.99999954 -0.00080883 0.00051788 0.00080780 0.99999770 0.00198706 -0.00051949 -0.00198664 0.99999789
0.99999965 -0.00025874 -0.00079977 0.00026036 0.99999790 0.00203042 0.00079924 -0.00203062 0.99999762
0.99999970 -0.00052256 -0.00056599 0.00052362 0.99999810 0.00187784 0.00056500 -0.00187814 0.99999808
0.99999923 0.00016431 0.00122785 -0.00016598 0.99999905 0.00136641 -0.00122762 -0.00136661 0.99999831
0.99999801 -0.00084383 -0.00180528 0.00084505 0.99999941 0.00067715 0.00180470 -0.00067867 0.99999814
0.99999999 -0.00008100 -0.00012427 0.00008104 0.99999995 0.00031646 0.00012424 -0.00031647 0.99999994
0.99999966 -0.00081861 0.00003784 0.00081863 0.99999946 -0.00064243 -0.00003731 0.00064246 0.99999979
0.99999995 -0.00024800 0.00021507 0.00024791 0.99999989 0.00040771 -0.00021517 -0.00040765 0.99999989
0.99999906 0.00118606 -0.00069142 -0.00118576 0.99999921 0.00042714 0.00069192 -0.00042632 0.99999967
0.99999598 -0.00012182 0.00283166 0.00011750 0.99999883 0.00152377 -0.00283184 -0.00152343 0.99999483
0.99999975 0.00041588 0.00057492 -0.00041537 0.99999952 -0.00088722 -0.00057529 0.00088698 0.99999944
0.99999876 -0.00051538 -0.00148720 0.00051609 0.99999975 0.00047664 0.00148695 -0.00047740 0.99999878
0.99999950 0.00100419 0.00000874 -0.00100419 0.99999947 0.00022717 -0.00000851 -0.00022718 0.99999997
0.99999959 -0.00031358 -0.00084452 0.00031336 0.99999992 -0.00025611 0.00084460 0.00025585 0.99999961
0.99999976 0.00069082 0.00006598 -0.00069080 0.99999967 -0.00042025 -0.00006627 0.00042021 0.99999991
0.99999950 0.00019908 0.00098186 -0.00019952 0.99999988 0.00044547 -0.00098177 -0.00044566 0.99999942
0.99999933 -0.00080920 -0.00082232 0.00080928 0.99999967 0.00009731 0.00082224 -0.00009798 0.99999966
0.99999789 0.00084618 0.00187116 -0.00084358 0.99999868 -0.00138554 -0.00187233 0.00138396 0.99999729
0.99999879 -0.00019044 -0.00154489 0.00018964 0.99999985 -0.00052134 0.00154499 0.00052105 0.99999867
0.99999985 -0.00022483 0.00050097 0.00022496 0.99999994 -0.00025221 -0.00050091 0.00025232 0.99999984
0.99999964 -0.00028636 0.00080411 0.00028698 0.99999966 -0.00077264 -0.00080389 0.00077287 0.99999938
0.99999640 0.00177803 0.00200997 -0.00177769 0.99999840 -0.00017360 -0.00201027 0.00017003 0.99999796
0.99999531 0.00202478 0.00229726 -0.00202345 0.99999778 -0.00058066 -0.00229843 0.00057601 0.99999719
0.99999994 0.00000731 0.00035065 -0.00000739 0.99999998 0.00020838 -0.00035065 -0.00020838 0.99999992
0.99999967 -0.00033604 0.00073286 0.00033645 0.99999979 -0.00054992 -0.00073268 0.00055017 0.99999958
0.99999991 0.00030940 -0.00029119 -0.00030947 0.99999993 -0.00022785 0.00029112 0.00022794 0.99999993
0.99999973 -0.00007920 0.00072918 0.00007936 0.99999997 -0.00022354 -0.00072917 0.00022360 0.99999971
0.99999980 0.00025992 0.00057497 -0.00025994 0.99999997 0.00003809 -0.00057496 -0.00003824 0.99999983
0.99999983 -0.00047519 0.00032985 0.00047515 0.99999988 0.00012207 -0.00032991 -0.00012191 0.99999994
0.99999899 0.00141750 -0.00010939 -0.00141742 0.99999875 0.00069829 0.00011038 -0.00069814 0.99999975
0.99999990 -0.00043706 -0.00010491 0.00043709 0.99999986 0.00031041 0.00010478 -0.00031045 0.99999995
0.99999980 -0.00062911 -0.00002071 0.00062911 0.99999980 -0.00010173 0.00002077 0.00010172 0.99999999
0.99999979 -0.00031785 -0.00056294 0.00031772 0.99999992 -0.00022558 0.00056301 0.00022540 0.99999982
0.99999938 -0.00087255 -0.00069035 0.00087241 0.99999960 -0.00020823 0.00069053 0.00020763 0.99999974
0.99999822 -0.00186385 -0.00028517 0.00186394 0.99999821 0.00031592 0.00028458 -0.00031645 0.99999991
0.99999242 0.00074553 0.00382180 -0.00074712 0.99999964 0.00041443 -0.00382149 -0.00041728 0.99999261
0.99999992 0.00020778 0.00033685 -0.00020776 0.99999998 -0.00006528 -0.00033686 0.00006521 0.99999994
0.99999935 0.00036412 0.00108062 -0.00036440 0.99999990 0.00025732 -0.00108052 -0.00025772 0.99999938
0.99999942 -0.00078394 0.00073836 0.00078412 0.99999966 -0.00023940 -0.00073817 0.00023998 0.99999970
0.99999905 -0.00124597 -0.00059397 0.00124624 0.99999912 0.00045394 0.00059341 -0.00045468 0.99999972
0.99999971 -0.00041160 0.00063804 0.00041110 0.99999961 0.00078478 -0.00063836 -0.00078452 0.99999949
0.99999985 -0.00007578 -0.00054803 0.00007549 0.99999985 -0.00054407 0.00054808 0.00054403 0.99999970
0.99999975 0.00019294 -0.00068066 -0.00019320 0.99999991 -0.00038082 0.00068059 0.00038095 0.99999970
0.99999942 0.00073452 0.00079118 -0.00073449 0.99999973 -0.00003919 -0.00079121 0.00003860 0.99999969
0.99999931 -0.00015205 -0.00116757 0.00015258 0.99999989 0.00045432 0.00116750 -0.00045450 0.99999922
0.99999990 0.00039851 -0.00022285 -0.00039851 0.99999992 0.00002454 0.00022286 -0.00002445 0.99999997
0.99999954 0.00030386 0.00090982 -0.00030356 0.99999990 -0.00033156 -0.00090992 0.00033128 0.99999953
0.99999918 -0.00065294 -0.00110503 0.00065309 0.99999978 0.00012746 0.00110495 -0.00012818 0.99999938
0.99999898 0.00012366 -0.00141974 -0.00012257 0.99999970 0.00076723 0.00141984 -0.00076706 0.99999870
0.99999997 -0.00022197 0.00010706 0.00022192 0.99999986 0.00048307 -0.00010717 -0.00048304 0.99999988
0.99999879 -0.00108436 -0.00111978 0.00108414 0.99999939 -0.00020052 0.00111999 0.00019931 0.99999935
0.99999996 -0.00018037 0.00021028 0.00018031 0.99999995 0.00027435 -0.00021033 -0.00027431 0.99999994
0.99999850 0.00069931 -0.00158379 -0.00070065 0.99999939 -0.00084920 0.00158320 0.00085031 0.99999839
0.99999784 0.00164410 -0.00126926 -0.00164502 0.99999839 -0.00071988 0.00126807 0.00072197 0.99999894
0.99999960 -0.00088797 -0.00012885 0.00088790 0.99999945 -0.00056088 0.00012935 0.00056077 0.99999983
0.99999801 0.00116065 0.00162227 -0.00116083 0.99999932 0.00010864 -0.00162214 -0.00011052 0.99999868
0.99999837 0.00127383 -0.00127966 -0.00127534 0.99999849 -0.00117768 0.00127816 0.00117931 0.99999849
0.99999943 0.00016384 -0.00105524 -0.00016357 0.99999996 0.00024973 0.00105528 -0.00024956 0.99999941
0.99999990 -0.00000120 -0.00043780 0.00000121 1.00000000 0.00000812 0.00043780 -0.00000812 0.99999990
0.99999994 -0.00023335 -0.00024710 0.00023342 0.99999994 0.00026421 0.00024704 -0.00026426 0.99999993
0.99999962 0.00017243 -0.00084902 -0.00017168 0.99999959 0.00088512 0.00084917 -0.00088498 0.99999925
0.99999946 0.00089479 0.00053509 -0.00089470 0.99999959 -0.00016028 -0.00053523 0.00015980 0.99999984
0.99999986 -0.00048002 -0.00019987 0.00048000 0.99999988 -0.00008219 0.00019990 0.00008210 0.99999998
0.99999899 0.00062975 0.00127603 -0.00063010 0.99999976 0.00027597 -0.00127585 -0.00027678 0.99999915
0.99999871 -0.00044511 0.00154599 0.00044555 0.99999986 -0.00028635 -0.00154586 0.00028703 0.99999876
0.99997691 0.00178863 -0.00655618 -0.00178999 0.99999838 -0.00020173 0.00655581 0.00021347 0.99997849
0.99999912 0.00093747 0.00093781 -0.00093740 0.99999956 -0.00006958 -0.00093787 0.00006870 0.99999956
0.99999954 0.00092245 0.00024840 -0.00092230 0.99999941 -0.00057050 -0.00024893 0.00057027 0.99999981
0.99999863 0.00155851 0.00055068 -0.00155835 0.99999875 -0.00028200 -0.00055112 0.00028114 0.99999981
0.99999924 -0.00097183 -0.00075849 0.00097210 0.99999946 0.00035493 0.00075815 -0.00035567 0.99999965
0.99999830 0.00089112 0.00161522 -0.00089075 0.99999958 -0.00022973 -0.00161542 0.00022829 0.99999867
0.99999989 0.00034413 -0.00032630 -0.00034398 0.99999984 0.00045537 0.00032646 -0.00045525 0.99999984
0.99999963 -0.00066441 -0.00054546 0.00066480 0.99999953 0.00070537 0.00054499 -0.00070573 0.99999960
0.99999998 0.00013174 -0.00012939 -0.00013179 0.99999992 -0.00038208 0.00012934 0.00038210 0.99999992
0.99999856 0.00023269 0.00167921 -0.00023221 0.99999993 -0.00028555 -0.00167927 0.00028516 0.99999855
0.99999922 0.00117196 -0.00043114 -0.00117180 0.99999925 0.00036844 0.00043157 -0.00036793 0.99999984
0.99999998 0.00003334 -0.00021629 -0.00003340 0.99999996 -0.00026398 0.00021628 0.00026399 0.99999994
0.99999998 -0.00019760 0.00001815 0.00019760 0.99999995 -0.00024159 -0.00001810 0.00024159 0.99999997
0.99999856 0.00165508 0.00036897 -0.00165496 0.99999858 -0.00031832 -0.00036950 0.00031771 0.99999988
0.99999941 0.00079196 0.00073704 -0.00079183 0.99999967 -0.00017313 -0.00073717 0.00017255 0.99999971
1.00000000 0.00003625 0.00003589 -0.00003625 0.99999999 -0.00015684 -0.00003589 0.00015684 0.99999999
1.00000000 0.00003628 -0.00007138 -0.00003629 0.99999999 -0.00012626 0.00007138 0.00012627 0.99999999
0.99999954 0.00034598 0.00089979 -0.00034540 0.99999974 -0.00063703 -0.00090001 0.00063672 0.99999939
0.99999977 0.00066375 0.00010401 -0.00066375 0.99999978 0.00007301 -0.00010396 -0.00007308 0.99999999
0.99999980 0.00061626 0.00015111 -0.00061624 0.99999981 -0.00008550 -0.00015116 0.00008540 0.99999998
0.99999809 -0.00090980 0.00172881 0.00091024 0.99999955 -0.00025366 -0.00172858 0.00025523 0.99999847
0.99999980 -0.00050986 0.00038143 0.00050990 0.99999986 -0.00010554 -0.00038138 0.00010574 0.99999992
0.99993961 -0.00140145 0.01090009 0.00138586 0.99999801 0.00143757 -0.01090209 -0.00142238 0.99993956
0.99999980 -0.00052196 0.00036290 0.00052198 0.99999986 -0.00005684 -0.00036287 0.00005703 0.99999993
0.99999874 0.00064698 0.00145298 -0.00064641 0.99999971 -0.00039624 -0.00145324 0.00039530 0.99999887
0.99999956 0.00035888 0.00086737 -0.00035799 0.99999941 -0.00102947 -0.00086774 0.00102916 0.99999909
0.99999970 -0.00052015 0.00056677 0.00052094 0.99999890 -0.00138676 -0.00056604 0.00138705 0.99999888
0.99999848 -0.00075852 0.00156973 0.00076104 0.99999842 -0.00160670 -0.00156851 0.00160789 0.99999748
0.99999870 -0.00095926 -0.00129901 0.00095668 0.99999757 -0.00198778 0.00130091 0.00198654 0.99999718
0.99999958 -0.00019428 0.00089643 0.00019444 0.99999996 -0.00018838 -0.00089639 0.00018856 0.99999958
0.99999740 0.00099977 0.00204710 -0.00100144 0.99999916 0.00081933 -0.00204628 -0.00082138 0.99999757
0.99999321 0.00058889 0.00363702 -0.00059385 0.99999889 0.00136398 -0.00363621 -0.00136613 0.99999246
0.99997838 0.00108136 0.00648553 -0.00108330 0.99999937 0.00029647 -0.00648520 -0.00030349 0.99997892
0.99998177 0.00149977 0.00584829 -0.00149558 0.99999862 -0.00072163 -0.00584936 0.00071287 0.99998264
0.99998602 -0.00140970 0.00509550 0.00140731 0.99999890 0.00047272 -0.00509616 -0.00046554 0.99998691
0.99998089 -0.00053822 0.00615904 0.00053515 0.99999973 0.00049997 -0.00615931 -0.00049666 0.99998091
0.99998714 -0.00020126 0.00506798 0.00020104 0.99999998 0.00004439 -0.00506799 -0.00004337 0.99998716
0.99998323 0.00046531 0.00577300 -0.00045570 0.99999851 -0.00166655 -0.00577377 0.00166389 0.99998195
0.99997994 -0.00145398 0.00616473 0.00146257 0.99999797 -0.00138905 -0.00616270 0.00139804 0.99998003
0.99998263 0.00107463 0.00579482 -0.00107255 0.99999936 -0.00036096 -0.00579521 0.00035474 0.99998314
0.99997181 -0.00110554 0.00742668 0.00109512 0.99999841 0.00140661 -0.00742822 -0.00139844 0.99997143
0.99997907 -0.00135597 0.00632694 0.00135511 0.99999907 0.00014042 -0.00632713 -0.00013184 0.99997997
0.99998863 -0.00060000 0.00473080 0.00060007 0.99999982 -0.00001312 -0.00473079 0.00001596 0.99998881
0.99998268 -0.00082925 0.00582726 0.00082958 0.99999965 -0.00005425 -0.00582722 0.00005908 0.99998302
0.99997675 -0.00001244 0.00681870 0.00001790 0.99999968 -0.00080049 -0.00681869 0.00080059 0.99997643
0.99996807 0.00059206 0.00796961 -0.00059276 0.99999982 0.00008644 -0.00796956 -0.00009116 0.99996824
0.99998294 0.00099304 0.00575597 -0.00099368 0.99999950 0.00010812 -0.00575586 -0.00011383 0.99998343
0.99996392 -0.00019798 0.00849286 0.00020199 0.99999987 -0.00047188 -0.00849276 0.00047358 0.99996382
0.99997945 -0.00158184 0.00621202 0.00158313 0.99999873 -0.00020274 -0.00621169 0.00021257 0.99998068
0.99997907 0.00067161 0.00643516 -0.00067375 0.99999972 0.00033138 -0.00643493 -0.00033571 0.99997924
0.99998584 -0.00051196 0.00529613 0.00051028 0.99999982 0.00031814 -0.00529629 -0.00031543 0.99998592
0.99997756 0.00038408 0.00668872 -0.00038450 0.99999992 0.00006131 -0.00668870 -0.00006388 0.99997763
0.99998184 -0.00005095 0.00602629 0.00004729 0.99999981 0.00060753 -0.00602632 -0.00060724 0.99998166
0.99998045 -0.00004551 0.00625203 0.00004641 0.99999999 -0.00014299 -0.00625203 0.00014328 0.99998045
0.99998424 -0.00023945 0.00560856 0.00024067 0.99999995 -0.00021755 -0.00560851 0.00021890 0.99998425
0.99998820 0.00076984 0.00479704 -0.00077051 0.99999969 0.00013908 -0.00479693 -0.00014278 0.99998848
0.99999786 -0.00206593 0.00004897 0.00206589 0.99999759 0.00074932 -0.00005052 -0.00074922 0.99999972
0.99999755 -0.00018997 0.00220628 0.00019102 0.99999987 -0.00047523 -0.00220619 0.00047565 0.99999745
0.99999895 0.00031546 0.00141752 -0.00031409 0.99999948 -0.00096844 -0.00141783 0.00096799 0.99999853
0.99999969 0.00020636 -0.00076456 -0.00020697 0.99999966 -0.00079789 0.00076440 0.00079805 0.99999939
0.99999940 0.00018697 -0.00107758 -0.00018753 0.99999985 -0.00052159 0.00107748 0.00052180 0.99999928
0.99999724 -0.00068164 -0.00224882 0.00068034 0.99999960 -0.00057962 0.00224921 0.00057809 0.99999730
0.99999211 -0.00179338 -0.00354561 0.00179594 0.99999813 0.00071910 0.00354432 -0.00072546 0.99999346
0.99999544 -0.00047935 -0.00298303 0.00047988 0.99999987 0.00017660 0.00298295 -0.00017803 0.99999554
0.99999658 0.00131590 -0.00225938 -0.00131786 0.99999876 -0.00086563 0.00225824 0.00086861 0.99999707
0.99999798 0.00191199 -0.00061276 -0.00191180 0.99999812 0.00031317 0.00061336 -0.00031200 0.99999976
0.99998893 -0.00095710 -0.00460681 0.00096383 0.99999847 0.00145872 0.00460541 -0.00146314 0.99998832
0.99999753 0.00040426 -0.00218547 -0.00040176 0.99999926 0.00114462 0.00218593 -0.00114374 0.99999696
0.99999265 -0.00015016 -0.00383238 0.00015430 0.99999940 0.00108016 0.00383221 -0.00108074 0.99999207
0.99998570 -0.00035543 -0.00533675 0.00035951 0.99999964 0.00076434 0.00533648 -0.00076625 0.99998547
0.99998989 0.00079783 -0.00442619 -0.00079767 0.99999968 0.00003824 0.00442622 -0.00003471 0.99999020
0.99998354 -0.00185391 -0.00543008 0.00186252 0.99999702 0.00158089 0.00542713 -0.00159098 0.99998401
0.99998165 0.00021450 -0.00605487 -0.00021295 0.99999994 0.00025767 0.00605493 -0.00025638 0.99998164
0.99997885 0.00060169 -0.00647575 -0.00060220 0.99999982 -0.00007774 0.00647571 0.00008164 0.99997903
0.99999731 0.00019514 -0.00231113 -0.00019410 0.99999988 0.00045024 0.00231122 -0.00044979 0.99999723
0.99998397 0.00053003 -0.00563646 -0.00053071 0.99999985 -0.00011879 0.00563640 0.00012178 0.99998411
0.99998472 -0.00031851 -0.00551864 0.00032073 0.99999987 0.00040202 0.00551851 -0.00040379 0.99998469
0.99998063 0.00030676 -0.00621609 -0.00030432 0.99999988 0.00039382 0.00621621 -0.00039193 0.99998060
0.99998365 0.00072753 -0.00567115 -0.00072750 0.99999974 0.00000863 0.00567116 -0.00000451 0.99998392
0.99999063 0.00001206 -0.00432971 -0.00001215 1.00000000 -0.00002155 0.00432971 0.00002161 0.99999063
0.99998822 -0.00058768 -0.00481759 0.00059015 0.99999969 0.00051179 0.00481729 -0.00051463 0.99998826
0.99997502 -0.00008501 -0.00706738 0.00008788 0.99999991 0.00040491 0.00706734 -0.00040552 0.99997494
0.99999309 0.00172548 -0.00329259 -0.00172693 0.99999841 -0.00043589 0.00329183 0.00044158 0.99999448
0.99999903 0.00058950 0.00126079 -0.00059098 0.99999914 0.00116875 -0.00126010 -0.00116950 0.99999852
0.99999517 -0.00013429 -0.00310388 0.00013480 0.99999998 0.00016686 0.00310385 -0.00016727 0.99999517
0.99999633 -0.00111462 -0.00247037 0.00111911 0.99999772 0.00181802 0.00246834 -0.00182078 0.99999530
0.99999743 -0.00046379 -0.00221953 0.00046373 0.99999989 -0.00002644 0.00221954 0.00002541 0.99999754
0.99999999 0.00009971 0.00012097 -0.00009961 0.99999966 -0.00082086 -0.00012105 0.00082084 0.99999966
0.99999228 0.00114754 -0.00375894 -0.00115173 0.99999872 -0.00111485 0.00375766 0.00111917 0.99999231
0.99999958 -0.00020971 -0.00088667 0.00020939 0.99999991 -0.00036004 0.00088675 0.00035986 0.99999954
0.99999649 -0.00101208 -0.00244752 0.00101319 0.99999938 0.00045320 0.00244706 -0.00045567 0.99999690
0.99999960 0.00086819 -0.00021505 -0.00086835 0.99999935 -0.00073797 0.00021440 0.00073815 0.99999970
0.99999382 -0.00161866 -0.00312094 0.00161924 0.99999867 0.00018228 0.00312064 -0.00018733 0.99999511
0.99999905 0.00109284 0.00084355 -0.00109292 0.99999940 0.00009105 -0.00084345 -0.00009198 0.99999964
0.99999915 0.00046156 -0.00122307 -0.00046183 0.99999987 -0.00021660 0.00122297 0.00021717 0.99999923
0.99999685 0.00236737 0.00082898 -0.00236625 0.99999630 -0.00134365 -0.00083216 0.00134169 0.99999875
0.99999672 0.00156122 -0.00202983 -0.00156330 0.99999826 -0.00102045 0.00202823 0.00102362 0.99999742
0.99999811 0.00192305 0.00029926 -0.00192244 0.99999609 -0.00202981 -0.00030317 0.00202924 0.99999790
0.99999613 -0.00096609 -0.00260909 0.00096833 0.99999917 0.00085525 0.00260826 -0.00085778 0.99999623
0.99999843 -0.00004540 -0.00177048 0.00004500 0.99999997 -0.00022919 0.00177049 0.00022911 0.99999841
0.99999805 -0.00188508 -0.00058356 0.00188523 0.99999819 0.00026256 0.00058306 -0.00026366 0.99999980
0.99999792 -0.00136347 -0.00151598 0.00136344 0.99999907 -0.00002439 0.00151601 0.00002232 0.99999885
0.99999758 0.00028894 -0.00218124 -0.00028956 0.99999992 -0.00028324 0.00218116 0.00028387 0.99999758
0.99999848 0.00002092 -0.00174193 -0.00001990 0.99999983 0.00058747 0.00174194 -0.00058744 0.99999831
0.99999969 0.00010367 -0.00078336 -0.00010419 0.99999977 -0.00066456 0.00078329 0.00066464 0.99999947
0.99998617 0.00040167 -0.00524319 -0.00040031 0.99999989 0.00026045 0.00524329 -0.00025835 0.99998622
0.99999228 -0.00344896 -0.00188342 0.00344728 0.99999366 -0.00089419 0.00188649 0.00088769 0.99999783
0.99999800 0.00195912 0.00039907 -0.00195851 0.99999692 -0.00152561 -0.00040206 0.00152483 0.99999876
0.99999939 -0.00005836 -0.00110704 0.00005776 0.99999985 -0.00053685 0.00110707 0.00053679 0.99999924
0.99999255 0.00002297 -0.00386049 -0.00002301 1.00000000 -0.00001170 0.00386049 0.00001179 0.99999255
0.99999785 0.00118778 -0.00169875 -0.00118841 0.99999923 -0.00036565 0.00169831 0.00036767 0.99999849
0.99999556 -0.00069004 -0.00289816 0.00069214 0.99999950 0.00072376 0.00289766 -0.00072576 0.99999554
0.99999846 0.00119577 -0.00128273 -0.00119560 0.99999928 0.00013590 0.00128289 -0.00013437 0.99999917
0.99999873 0.00008684 -0.00159348 -0.00008718 0.99999997 -0.00021084 0.00159346 0.00021097 0.99999871
0.99999840 0.00111790 -0.00139459 -0.00111719 0.99999925 0.00050860 0.00139516 -0.00050704 0.99999890
0.99999902 0.00029155 0.00136762 -0.00029085 0.99999982 -0.00051586 -0.00136777 0.00051546 0.99999893
0.99999832 -0.00058434 -0.00173588 0.00058392 0.99999980 -0.00024244 0.00173602 0.00024143 0.99999846
0.99999875 0.00009460 -0.00157585 -0.00009492 0.99999997 -0.00020550 0.00157583 0.00020565 0.99999874
0.99999732 -0.00067148 -0.00221784 0.00067622 0.99999749 0.00213511 0.00221641 -0.00213661 0.99999526
0.99999922 -0.00016726 -0.00124169 0.00016660 0.99999984 -0.00053244 0.00124178 0.00053223 0.99999909
0.99999864 0.00104766 -0.00127612 -0.00104685 0.99999925 0.00064003 0.00127679 -0.00063869 0.99999898
0.99999852 -0.00113133 -0.00129931 0.00113244 0.99999900 0.00085023 0.00129835 -0.00085170 0.99999879
0.99999895 0.00053390 -0.00134667 -0.00053340 0.99999979 0.00037080 0.00134687 -0.00037008 0.99999902
0.99999831 -0.00069252 0.00170060 0.00069095 0.99999934 0.00092260 -0.00170123 -0.00092143 0.99999813
0.99999777 0.00183050 -0.00105142 -0.00183072 0.99999830 -0.00021208 0.00105103 0.00021400 0.99999942
0.99999903 0.00082273 0.00111975 -0.00082173 0.99999926 -0.00089847 -0.00112049 0.00089755 0.99999897
0.99999971 0.00066531 -0.00036179 -0.00066549 0.99999965 -0.00051331 0.00036145 0.00051355 0.99999980
0.99999978 -0.00060909 -0.00027575 0.00060907 0.99999981 -0.00008899 0.00027581 0.00008882 0.99999996
0.99999886 0.00108305 0.00105475 -0.00108201 0.99999893 -0.00098422 -0.00105582 0.00098308 0.99999896
0.99999967 -0.00073606 -0.00035379 0.00073591 0.99999963 -0.00043828 0.00035411 0.00043802 0.99999984
0.99999964 0.00065947 0.00053268 -0.00065930 0.99999973 -0.00031826 -0.00053289 0.00031791 0.99999981
0.99999697 0.00223041 0.00103705 -0.00223118 0.99999724 0.00074130 -0.00103539 -0.00074361 0.99999919
0.99999981 0.00061404 0.00000702 -0.00061405 0.99999967 0.00053954 -0.00000669 -0.00053955 0.99999985
0.99999927 -0.00112832 0.00042433 0.00112832 0.99999936 -0.00000218 -0.00042433 0.00000266 0.99999991
0.99999978 0.00029059 -0.00058904 -0.00029053 0.99999995 0.00010176 0.00058907 -0.00010159 0.99999982
0.99999061 -0.00396526 -0.00174560 0.00396632 0.99999195 0.00060391 0.00174319 -0.00061083 0.99999829
0.99999809 -0.00178629 0.00079264 0.00178684 0.99999816 -0.00069553 -0.00079140 0.00069694 0.99999944
1.00000000 -0.00001206 0.00003994 0.00001209 0.99999963 -0.00086413 -0.00003993 0.00086413 0.99999963
0.99999808 -0.00187132 0.00058077 0.00187155 0.99999817 -0.00039730 -0.00058003 0.00039839 0.99999975
0.99999999 0.00014750 -0.00006532 -0.00014759 0.99999904 -0.00137595 0.00006511 0.00137596 0.99999905
0.99999960 0.00070887 0.00055317 -0.00070935 0.99999937 0.00086710 -0.00055255 -0.00086749 0.99999947
0.99999834 -0.00118576 0.00138016 0.00118373 0.99999822 0.00146728 -0.00138190 -0.00146564 0.99999797
0.99999858 0.00085009 0.00145624 -0.00084968 0.99999960 -0.00028355 -0.00145649 0.00028231 0.99999890
0.99999949 -0.00037523 -0.00093503 0.00037456 0.99999967 -0.00072150 0.00093530 0.00072115 0.99999930
0.99999943 -0.00040611 0.00098408 0.00040566 0.99999982 0.00045287 -0.00098427 -0.00045247 0.99999941
0.99999955 0.00056844 -0.00076039 -0.00056773 0.99999940 0.00093244 0.00076092 -0.00093201 0.99999928
0.99999864 0.00154006 -0.00058631 -0.00153977 0.99999869 0.00049384 0.00058707 -0.00049293 0.99999971
0.99999889 0.00030650 0.00145808 -0.00031022 0.99999671 0.00254809 -0.00145729 -0.00254854 0.99999569
0.99999881 -0.00096708 -0.00120276 0.00096808 0.99999918 0.00083402 0.00120195 -0.00083519 0.99999893
1.00000000 0.00001446 -0.00005284 -0.00001442 0.99999971 0.00075930 0.00005285 -0.00075930 0.99999971
0.99999989 0.00019053 -0.00042849 -0.00019080 0.99999978 -0.00063757 0.00042837 0.00063765 0.99999970
0.99999945 -0.00030393 -0.00100746 0.00030353 0.99999988 -0.00039456 0.00100758 0.00039425 0.99999941
0.99999998 -0.00018986 0.00003602 0.00018990 0.99999941 -0.00106694 -0.00003582 0.00106694 0.99999943
0.99999993 -0.00029200 -0.00025329 0.00029187 0.99999981 -0.00054643 0.00025345 0.00054635 0.99999982
0.99999804 0.00163507 0.00111620 -0.00163462 0.99999858 -0.00039973 -0.00111685 0.00039790 0.99999930
0.99999973 -0.00043486 -0.00059144 0.00043453 0.99999974 -0.00057029 0.00059169 0.00057004 0.99999966
0.99999972 0.00074541 0.00001329 -0.00074540 0.99999958 -0.00053256 -0.00001369 0.00053255 0.99999986
0.99999991 0.00018032 0.00039059 -0.00018064 0.99999966 0.00080155 -0.00039044 -0.00080162 0.99999960
0.99999954 -0.00033391 -0.00090077 0.00033407 0.99999993 0.00017594 0.00090071 -0.00017625 0.99999958
0.99999944 0.00075638 -0.00074439 -0.00075620 0.99999969 0.00024031 0.00074457 -0.00023975 0.99999969
0.99999762 0.00206256 -0.00071641 -0.00206239 0.99999784 0.00025141 0.00071693 -0.00024993 0.99999971
0.99999331 -0.00317328 -0.00181910 0.00317838 0.99999100 0.00281109 0.00181017 -0.00281685 0.99999439
0.99999929 0.00118811 -0.00009322 -0.00118811 0.99999929 0.00001067 0.00009323 -0.00001056 1.00000000
0.99999951 0.00098840 0.00009191 -0.00098829 0.99999886 -0.00113973 -0.00009303 0.00113964 0.99999935
0.99999928 -0.00059045 -0.00104453 0.00059036 0.99999982 -0.00008529 0.00104458 0.00008467 0.99999945
0.99999928 -0.00067744 0.00098571 0.00067661 0.99999942 0.00084381 -0.00098628 -0.00084314 0.99999916
0.99999871 0.00129155 -0.00095006 -0.00129230 0.99999886 -0.00078380 0.00094905 0.00078502 0.99999924
0.99999846 0.00128484 0.00119561 -0.00128475 0.99999917 -0.00006824 -0.00119570 0.00006671 0.99999928
0.99999985 0.00020815 -0.00049772 -0.00020790 0.99999986 0.00049553 0.00049782 -0.00049542 0.99999975
0.99999953 0.00071800 0.00064681 -0.00071763 0.99999958 -0.00057308 -0.00064722 0.00057262 0.99999963
0.99999968 0.00003036 -0.00080378 -0.00003039 1.00000000 -0.00003982 0.00080378 0.00003984 0.99999968
0.99999801 -0.00007892 -0.00199584 0.00007916 0.99999999 0.00012479 0.00199583 -0.00012495 0.99999800
0.99999989 -0.00039015 -0.00024598 0.00039052 0.99999880 0.00150182 0.00024539 -0.00150192 0.99999884
0.99999863 0.00122750 0.00110843 -0.00122737 0.99999924 -0.00011741 -0.00110857 0.00011605 0.99999938
0.99999918 -0.00128001 -0.00002451 0.00128001 0.99999916 0.00018717 0.00002427 -0.00018720 0.99999998
0.99999985 0.00051677 -0.00017923 -0.00051680 0.99999985 -0.00015423 0.00017915 0.00015432 0.99999997
0.99999987 -0.00048618 0.00012757 0.00048614 0.99999985 0.00026098 -0.00012770 -0.00026092 0.99999996
0.99999988 -0.00044554 -0.00018520 0.00044574 0.99999931 0.00108467 0.00018472 -0.00108476 0.99999939
0.99999991 -0.00038654 0.00017075 0.00038666 0.99999969 -0.00069311 -0.00017048 0.00069318 0.99999975
0.99999868 -0.00156946 0.00042841 0.00157017 0.99999739 -0.00166188 -0.00042580 0.00166255 0.99999853
0.99999596 0.00254629 -0.00126120 -0.00254703 0.99999659 -0.00058166 0.00125971 0.00058487 0.99999904
0.99999989 -0.00032620 -0.00033390 0.00032636 0.99999983 0.00048680 0.00033374 -0.00048691 0.99999983
0.99999987 0.00043805 -0.00024508 -0.00043813 0.99999985 -0.00032899 0.00024494 0.00032910 0.99999992
0.99999813 0.00153603 0.00117569 -0.00153680 0.99999861 0.00065202 -0.00117469 -0.00065382 0.99999910
0.99999945 -0.00094627 0.00045539 0.00094635 0.99999954 -0.00018019 -0.00045522 0.00018062 0.99999988
0.99999947 -0.00093538 -0.00042174 0.00093535 0.99999956 -0.00007105 0.00042181 0.00007065 0.99999991
0.99999981 0.00052514 0.00033374 -0.00052524 0.99999982 0.00029941 -0.00033358 -0.00029958 0.99999990
0.99999993 0.00013483 0.00035371 -0.00013452 0.99999961 -0.00087840 -0.00035383 0.00087835 0.99999955
0.99999999 0.00012517 -0.00003878 -0.00012518 0.99999991 -0.00040249 0.00003873 0.00040249 0.99999992
0.99999921 -0.00093489 -0.00083575 0.00093420 0.99999923 -0.00082286 0.00083652 0.00082208 0.99999931
0.99999920 -0.00126731 0.00003424 0.00126731 0.99999920 0.00000202 -0.00003424 -0.00000198 1.00000000
0.99999774 -0.00206366 -0.00050373 0.00206366 0.99999787 -0.00000992 0.00050375 0.00000888 0.99999987
0.99999846 -0.00147910 0.00094201 0.00147937 0.99999887 -0.00028486 -0.00094159 0.00028625 0.99999952
0.99999874 0.00137191 0.00079449 -0.00137238 0.99999889 0.00058747 -0.00079368 -0.00058856 0.99999951
0.99999952 0.00032156 0.00093045 -0.00032169 0.99999994 0.00013764 -0.00093040 -0.00013794 0.99999956
0.99999796 -0.00187922 -0.00074515 0.00187930 0.99999823 0.00010175 0.00074495 -0.00010315 0.99999972
0.99999920 0.00075021 -0.00101721 -0.00074954 0.99999950 0.00065865 0.00101771 -0.00065789 0.99999927
0.99999984 0.00056757 -0.00002020 -0.00056759 0.99999958 -0.00072455 0.00001979 0.00072456 0.99999974
0.99999925 -0.00098591 -0.00072369 0.00098621 0.99999943 0.00040757 0.00072329 -0.00040829 0.99999966
0.99999875 -0.00157331 -0.00017137 0.00157313 0.99999826 -0.00099819 0.00017294 0.00099792 0.99999949
0.99999958 -0.00071777 0.00057673 0.00071815 0.99999952 -0.00066422 -0.00057625 0.00066463 0.99999961
0.99999832 -0.00182027 -0.00021235 0.00182031 0.99999832 0.00019168 0.00021200 -0.00019206 0.99999996
0.99999757 0.00199631 0.00093953 -0.00199647 0.99999799 0.00017916 -0.00093917 -0.00018104 0.99999954
0.99999628 0.00265870 -0.00060983 -0.00265897 0.99999637 -0.00044180 0.00060866 0.00044342 0.99999972
0.99999978 -0.00033984 0.00056473 0.00034071 0.99999873 -0.00155394 -0.00056420 0.00155413 0.99999863
0.99999842 -0.00170306 -0.00051198 0.00170318 0.99999853 0.00022135 0.00051160 -0.00022222 0.99999984
0.99999990 0.00043025 -0.00014275 -0.00043025 0.99999991 -0.00001259 0.00014275 0.00001265 0.99999999
0.99999999 0.00014656 -0.00000148 -0.00014656 0.99999943 -0.00105904 0.00000133 0.00105904 0.99999944
0.99999939 -0.00105300 0.00033217 0.00105307 0.99999942 -0.00020531 -0.00033195 0.00020566 0.99999992
0.99999995 -0.00012115 -0.00030319 0.00012118 0.99999999 0.00011160 0.00030318 -0.00011164 0.99999995
0.99999964 0.00083691 0.00012444 -0.00083679 0.99999916 -0.00099208 -0.00012527 0.00099197 0.99999950
0.99999997 0.00012598 -0.00020150 -0.00012622 0.99999929 -0.00118600 0.00020135 0.00118603 0.99999928
0.99999896 -0.00143929 -0.00004769 0.00143929 0.99999896 -0.00007851 0.00004780 0.00007845 1.00000000
0.99999990 0.00044860 -0.00007567 -0.00044864 0.99999975 -0.00055255 0.00007542 0.00055259 0.99999984
0.99999959 0.00054509 -0.00072196 -0.00054572 0.99999947 -0.00087096 0.00072149 0.00087136 0.99999936
0.99999993 0.00034049 0.00012301 -0.00034046 0.99999991 -0.00023931 -0.00012309 0.00023927 0.99999996
0.99999979 0.00062087 -0.00017448 -0.00062096 0.99999968 -0.00050757 0.00017417 0.00050768 0.99999986
0.99999797 0.00201273 -0.00005949 -0.00201274 0.99999795 -0.00020175 0.00005908 0.00020187 0.99999998
0.99999932 -0.00109960 0.00037637 0.00109955 0.99999939 0.00011212 -0.00037649 -0.00011171 0.99999992
0.99998746 0.00162890 0.00473622 -0.00162352 0.99999803 -0.00113976 -0.00473807 0.00113205 0.99998813
0.99999983 -0.00051820 -0.00025844 0.00051823 0.99999986 0.00011540 0.00025838 -0.00011554 0.99999996
0.99999899 -0.00133693 0.00048305 0.00133680 0.99999907 0.00026371 -0.00048340 -0.00026306 0.99999985
0.99980840 0.00216982 -0.01945409 -0.00209289 0.99998992 0.00397356 0.01946251 -0.00393208 0.99980286
0.99999605 -0.00040444 -0.00278274 0.00040441 0.99999992 -0.00001079 0.00278275 0.00000966 0.99999613
0.99999858 0.00139815 -0.00094052 -0.00139905 0.99999856 -0.00095856 0.00093918 0.00095988 0.99999910
0.99972580 0.00373718 0.02311637 -0.00354155 0.99995762 -0.00849793 -0.02314715 0.00841373 0.99969666
0.99999846 0.00047380 -0.00169064 -0.00047487 0.99999969 -0.00062843 0.00169034 0.00062923 0.99999837
0.99999759 0.00219514 -0.00009970 -0.00219533 0.99999562 -0.00198349 0.00009534 0.00198371 0.99999803
0.99999983 -0.00011873 -0.00057803 0.00011852 0.99999992 -0.00036954 0.00057807 0.00036947 0.99999976
0.99999969 -0.00016219 -0.00076597 0.00016229 0.99999998 0.00012961 0.00076595 -0.00012974 0.99999970
0.99999966 0.00006534 0.00081969 -0.00006519 0.99999998 -0.00018366 -0.00081971 0.00018360 0.99999965
0.99999895 -0.00051606 0.00135258 0.00051608 0.99999987 -0.00001300 -0.00135258 0.00001370 0.99999909
0.99999948 -0.00019459 0.00100470 0.00019454 0.99999998 0.00004771 -0.00100471 -0.00004752 0.99999949
0.99999834 0.00129213 0.00128556 -0.00129192 0.99999915 -0.00016221 -0.00128577 0.00016055 0.99999916
0.99999901 -0.00115832 0.00079323 0.00115778 0.99999909 0.00068697 -0.00079402 -0.00068605 0.99999945
0.99999940 -0.00109838 -0.00001752 0.00109840 0.99999846 0.00136594 0.00001602 -0.00136596 0.99999907
0.99999614 0.00269868 0.00066076 -0.00269757 0.99999497 -0.00166967 -0.00066526 0.00166788 0.99999839
0.99999870 -0.00075039 0.00143063 0.00074935 0.99999945 0.00072701 -0.00143117 -0.00072594 0.99999871
0.99999991 -0.00000512 0.00041379 0.00000500 0.99999996 0.00029156 -0.00041379 -0.00029156 0.99999987
0.99999966 0.00000536 0.00082799 -0.00000470 0.99999969 -0.00079301 -0.00082799 0.00079301 0.99999934
0.99999969 -0.00076466 0.00016151 0.00076465 0.99999971 0.00002768 -0.00016153 -0.00002755 0.99999999
0.99999985 0.00041697 0.00034309 -0.00041695 0.99999991 -0.00007058 -0.00034312 0.00007044 0.99999994
0.99999892 0.00028488 0.00144150 -0.00028355 0.99999953 -0.00092398 -0.00144176 0.00092357 0.99999853
0.99999940 -0.00067492 0.00086462 0.00067450 0.99999965 0.00049007 -0.00086495 -0.00048948 0.99999951
0.99999765 -0.00105087 0.00189415 0.00105041 0.99999942 0.00024267 -0.00189441 -0.00024068 0.99999818
0.99999821 0.00024916 0.00187763 -0.00024988 0.99999989 0.00038499 -0.00187754 -0.00038545 0.99999816
0.99999905 -0.00081793 -0.00110565 0.00081910 0.99999910 0.00105954 0.00110478 -0.00106045 0.99999883
0.99999576 -0.00111130 0.00269040 0.00110765 0.99999846 0.00136009 -0.00269190 -0.00135711 0.99999546
0.99990630 0.00147248 0.01360973 -0.00146056 0.99999854 -0.00088591 -0.01361101 0.00086594 0.99990699
0.99999841 0.00061780 0.00167111 -0.00061912 0.99999950 0.00078805 -0.00167063 -0.00078908 0.99999829
0.99999916 -0.00061328 0.00114490 0.00061215 0.99999933 0.00098384 -0.00114551 -0.00098314 0.99999886
0.99999766 0.00111319 -0.00185430 -0.00111406 0.99999927 -0.00046687 0.00185378 0.00046893 0.99999817
0.99999992 -0.00012728 -0.00037389 0.00012721 0.99999997 -0.00019669 0.00037391 0.00019664 0.99999991
0.99999704 -0.00090756 0.00225916 0.00090774 0.99999958 -0.00008096 -0.00225909 0.00008301 0.99999744
0.99990708 0.00196963 -0.01348877 -0.00195512 0.99999750 0.00108915 0.01349088 -0.00106267 0.99990843
0.99999986 0.00028667 0.00043483 -0.00028631 0.99999962 -0.00082636 -0.00043507 0.00082623 0.99999956
0.99999965 -0.00033469 -0.00077206 0.00033464 0.99999994 -0.00006211 0.00077208 0.00006185 0.99999970
0.99999526 -0.00231442 -0.00203194 0.00231745 0.99999621 0.00148882 0.00202849 -0.00149352 0.99999683
0.99999996 -0.00027132 -0.00001027 0.00027132 0.99999981 -0.00055904 0.00001042 0.00055903 0.99999984
0.99999988 0.00007012 -0.00047642 -0.00007020 0.99999999 -0.00015453 0.00047641 0.00015456 0.99999987
0.99999956 -0.00021830 -0.00091439 0.00021732 0.99999939 -0.00108011 0.00091463 0.00107991 0.99999900
0.99999347 0.00092013 -0.00349449 -0.00092641 0.99999796 -0.00179357 0.00349284 0.00179680 0.99999229
0.99999313 0.00356177 0.00102661 -0.00356083 0.99999325 -0.00091005 -0.00102985 0.00090639 0.99999906
0.99999853 -0.00010925 0.00171325 0.00010871 0.99999994 0.00031455 -0.00171328 -0.00031436 0.99999848
0.99999964 -0.00081965 0.00022930 0.00081954 0.99999955 0.00048621 -0.00022970 -0.00048602 0.99999986
0.99999841 0.00075410 -0.00161354 -0.00075546 0.99999936 -0.00084338 0.00161291 0.00084460 0.99999834
0.99999956 -0.00049651 -0.00079647 0.00049723 0.99999947 0.00089817 0.00079603 -0.00089857 0.99999928
0.99916063 0.00444937 -0.04072150 -0.00436807 0.99998829 0.00208535 0.04073030 -0.00190573 0.99916836
0.99999595 0.00159620 -0.00235785 -0.00159593 0.99999872 0.00011539 0.00235803 -0.00011163 0.99999721
0.99999912 0.00113855 -0.00067567 -0.00113874 0.99999931 -0.00028596 0.00067534 0.00028673 0.99999973
0.99999226 0.00072103 -0.00386758 -0.00072434 0.99999937 -0.00085569 0.00386696 0.00085849 0.99999215
0.99999682 -0.00096600 -0.00232751 0.00096763 0.99999929 0.00070019 0.00232683 -0.00070244 0.99999705
0.99999945 -0.00059916 -0.00086453 0.00059956 0.99999972 0.00045741 0.00086426 -0.00045793 0.99999952
0.99999929 -0.00021624 -0.00116783 0.00021545 0.99999975 -0.00066997 0.00116797 0.00066972 0.99999909
0.99999904 -0.00059015 -0.00125640 0.00058972 0.99999977 -0.00034126 0.00125660 0.00034051 0.99999915
0.99998676 0.00145181 -0.00493673 -0.00144778 0.99999862 0.00081970 0.00493791 -0.00081255 0.99998748
0.99999950 -0.00037211 -0.00092351 0.00037345 0.99999888 0.00145159 0.00092297 -0.00145193 0.99999852
0.99999956 -0.00085411 -0.00037600 0.00085453 0.99999902 0.00111328 0.00037505 -0.00111360 0.99999931
0.99999996 -0.00000445 0.00028892 0.00000446 1.00000000 -0.00004775 -0.00028892 0.00004775 0.99999996
0.99999146 -0.00017798 -0.00412810 0.00017815 0.99999998 0.00003969 0.00412809 -0.00004042 0.99999148
0.99999772 -0.00045623 0.00208679 0.00045762 0.99999968 -0.00066329 -0.00208649 0.00066424 0.99999760
0.99978584 0.00110862 -0.02066530 -0.00104914 0.99999528 0.00288916 0.02066841 -0.00286686 0.99978228
0.99997742 0.00238228 -0.00628403 -0.00238002 0.99999710 0.00036642 0.00628488 -0.00035145 0.99998019
0.99999975 0.00035807 -0.00060833 -0.00035786 0.99999988 0.00034304 0.00060845 -0.00034282 0.99999976
0.99999973 0.00070237 0.00022057 -0.00070205 0.99999871 -0.00144483 -0.00022159 0.00144467 0.99999893
0.99999840 0.00033718 0.00175481 -0.00033265 0.99999661 -0.00258314 -0.00175567 0.00258256 0.99999512
0.99999839 -0.00136315 0.00116944 0.00136365 0.99999898 -0.00042513 -0.00116886 0.00042672 0.99999923
0.99999909 -0.00060946 0.00120262 0.00060644 0.99999667 0.00250948 -0.00120415 -0.00250875 0.99999613
0.99999934 -0.00056696 0.00099665 0.00056270 0.99999072 0.00427114 -0.00099906 -0.00427058 0.99999038
0.99999510 0.00117976 0.00290063 -0.00117732 0.99999895 -0.00084283 -0.00290163 0.00083941 0.99999544
0.99999951 -0.00072772 0.00066830 0.00072850 0.99999905 -0.00116998 -0.00066744 0.00117046 0.99999909
0.99999357 -0.00180504 0.00309968 0.00180619 0.99999830 -0.00036937 -0.00309901 0.00037497 0.99999513
0.99999390 0.00221855 0.00269737 -0.00221393 0.99999608 -0.00171426 -0.00270116 0.00170828 0.99999489
0.99999993 -0.00036624 0.00001035 0.00036626 0.99999921 -0.00119891 -0.00000991 0.00119891 0.99999928
0.99999771 -0.00143607 0.00158567 0.00143707 0.99999877 -0.00063259 -0.00158476 0.00063487 0.99999854
0.99999948 0.00044206 0.00091907 -0.00044180 0.99999986 -0.00028963 -0.00091920 0.00028923 0.99999954
0.99999966 0.00037931 0.00072730 -0.00037929 0.99999993 -0.00003343 -0.00072731 0.00003316 0.99999973
0.99999858 0.00089381 -0.00143121 -0.00089253 0.99999921 0.00089011 0.00143200 -0.00088883 0.99999858
0.99999966 -0.00066143 0.00049588 0.00066077 0.99999890 0.00132454 -0.00049676 -0.00132422 0.99999900
0.99999792 -0.00084975 -0.00185204 0.00084995 0.99999963 0.00011014 0.00185195 -0.00011172 0.99999828
0.99999979 0.00063217 -0.00010998 -0.00063220 0.99999976 -0.00028057 0.00010981 0.00028064 0.99999995
0.99999895 -0.00013088 -0.00144168 0.00013078 0.99999999 -0.00007016 0.00144169 0.00006997 0.99999896
0.99999874 0.00156771 -0.00024956 -0.00156795 0.99999829 -0.00097872 0.00024802 0.00097911 0.99999949
0.99999607 0.00072575 -0.00270916 -0.00072599 0.99999973 -0.00008541 0.00270910 0.00008738 0.99999633
0.99999860 0.00138313 -0.00094007 -0.00138320 0.99999904 -0.00007281 0.00093997 0.00007411 0.99999956
0.99999863 0.00051875 0.00157241 -0.00051956 0.99999974 0.00050877 -0.00157214 -0.00050959 0.99999863
0.99999329 0.00245494 0.00271812 -0.00245290 0.99999671 -0.00075548 -0.00271996 0.00074880 0.99999602
0.99999155 -0.00275881 -0.00304652 0.00275930 0.99999618 0.00015387 0.00304609 -0.00016227 0.99999535
0.99999990 -0.00043739 -0.00003290 0.00043740 0.99999983 0.00039115 0.00003273 -0.00039117 0.99999992
0.99999295 0.00004101 0.00375475 -0.00004552 0.99999928 0.00119971 -0.00375470 -0.00119987 0.99999223
0.99999842 -0.00175139 -0.00028933 0.00175163 0.99999812 0.00083254 0.00028787 -0.00083305 0.99999961
0.99999470 0.00325607 0.00002905 -0.00325598 0.99999099 -0.00272481 -0.00003792 0.00272470 0.99999629
0.99999734 -0.00031480 -0.00228382 0.00031370 0.99999984 -0.00048087 0.00228398 0.00048015 0.99999728
0.99999017 -0.00195657 -0.00397917 0.00195747 0.99999806 0.00022217 0.00397873 -0.00022995 0.99999206
0.99999430 -0.00087262 -0.00326310 0.00087569 0.99999918 0.00093887 0.00326228 -0.00094172 0.99999424
0.99999972 0.00075238 -0.00001176 -0.00075238 0.99999972 -0.00003713 0.00001173 0.00003714 1.00000000
0.99999937 0.00112311 0.00000245 -0.00112311 0.99999826 0.00148775 -0.00000078 -0.00148776 0.99999889
0.99999982 -0.00053765 0.00027214 0.00053743 0.99999954 0.00079804 -0.00027257 -0.00079789 0.99999964
0.99999822 0.00184966 -0.00036498 -0.00185015 0.99999737 -0.00135507 0.00036247 0.00135574 0.99999902
0.99999994 -0.00015411 -0.00031169 0.00015406 0.99999997 -0.00018090 0.00031172 0.00018085 0.99999994
0.99999787 -0.00052510 -0.00199688 0.00052464 0.99999984 -0.00023090 0.00199700 0.00022985 0.99999798
0.99999908 0.00017595 -0.00134743 -0.00017566 0.99999996 0.00021282 0.00134747 -0.00021258 0.99999907
0.99999457 -0.00114574 -0.00309144 0.00114473 0.99999929 -0.00032861 0.00309181 0.00032507 0.99999517
0.99999654 0.00198916 -0.00172029 -0.00198929 0.99999802 -0.00007267 0.00172014 0.00007610 0.99999852
0.99998773 -0.00354405 -0.00346097 0.00354922 0.99999259 0.00148989 0.00345566 -0.00150216 0.99999290
0.99998161 0.00017461 -0.00606166 -0.00016782 0.99999936 0.00112100 0.00606185 -0.00111996 0.99998100
0.99999568 0.00082138 -0.00282131 -0.00081665 0.99999826 0.00167478 0.00282268 -0.00167247 0.99999462
0.99999848 0.00007662 -0.00174342 -0.00007442 0.99999921 0.00125744 0.00174351 -0.00125731 0.99999769
0.99999919 0.00127184 0.00001983 -0.00127183 0.99999886 -0.00081469 -0.00002087 0.00081467 0.99999967
0.99999857 0.00039720 -0.00164134 -0.00039989 0.99999858 -0.00163444 0.00164069 0.00163509 0.99999732
0.99999747 0.00066093 -0.00214984 -0.00066297 0.99999933 -0.00094768 0.00214921 0.00094911 0.99999724
0.99999703 0.00213253 -0.00117925 -0.00213175 0.99999751 0.00066274 0.00118066 -0.00066023 0.99999909
0.99999976 0.00066046 -0.00020062 -0.00066024 0.99999918 0.00109503 0.00020134 -0.00109490 0.99999938
0.99999880 0.00080570 -0.00131993 -0.00080417 0.99999900 0.00115916 0.00132086 -0.00115810 0.99999846
0.99999883 0.00065904 0.00137811 -0.00065926 0.99999977 0.00015732 -0.00137800 -0.00015823 0.99999904
0.99999844 0.00154816 -0.00084901 -0.00154839 0.99999876 -0.00027482 0.00084858 0.00027614 0.99999960
0.99999794 -0.00077998 -0.00187273 0.00078111 0.99999951 0.00060063 0.00187226 -0.00060209 0.99999807
0.99999930 0.00054302 0.00105468 -0.00054203 0.99999941 -0.00093881 -0.00105519 0.00093824 0.99999900
0.99999475 -0.00024439 -0.00323000 0.00025027 0.99999831 0.00181978 0.00322955 -0.00182058 0.99999313
0.99999995 -0.00029421 0.00008164 0.00029411 0.99999920 0.00122736 -0.00008200 -0.00122734 0.99999924
0.99999910 0.00133775 -0.00002589 -0.00133774 0.99999900 0.00046345 0.00002651 -0.00046342 0.99999989
0.99999723 0.00057550 -0.00228193 -0.00057263 0.99999905 0.00125592 0.00228265 -0.00125461 0.99999661
0.99999633 0.00028709 -0.00269231 -0.00028403 0.99999931 0.00113853 0.00269264 -0.00113776 0.99999573
0.99999735 0.00048022 -0.00225258 -0.00048021 0.99999988 0.00000366 0.00225258 -0.00000257 0.99999746
0.99999857 -0.00161757 -0.00050134 0.00161747 0.99999867 -0.00020921 0.00050168 0.00020840 0.99999985
0.99999935 -0.00105916 -0.00042104 0.00105891 0.99999926 -0.00059250 0.00042167 0.00059206 0.99999974
0.99999660 -0.00247764 -0.00081506 0.00247776 0.99999692 0.00015294 0.00081468 -0.00015496 0.99999966
0.99999980 0.00060448 -0.00015832 -0.00060453 0.99999975 -0.00035804 0.00015811 0.00035814 0.99999992
0.99999793 -0.00103021 -0.00175336 0.00103118 0.99999932 0.00054858 0.00175280 -0.00055039 0.99999831
0.99999683 0.00249836 -0.00031862 -0.00249865 0.99999646 -0.00090953 0.00031634 0.00091033 0.99999954
0.99999976 0.00066309 -0.00022020 -0.00066316 0.99999973 -0.00030541 0.00022000 0.00030556 0.99999993
0.99999843 -0.00163579 0.00067621 0.00163668 0.99999780 -0.00131374 -0.00067406 0.00131485 0.99999891
0.99999923 0.00084899 -0.00090442 -0.00084882 0.99999962 0.00019275 0.00090459 -0.00019198 0.99999957
0.99998821 -0.00061178 -0.00481795 0.00061641 0.99999935 0.00096069 0.00481736 -0.00096365 0.99998793
0.99999939 -0.00104039 -0.00035776 0.00104060 0.99999929 0.00058578 0.00035715 -0.00058615 0.99999976
0.99999910 -0.00052033 -0.00123361 0.00052083 0.99999978 0.00040091 0.00123340 -0.00040156 0.99999916
0.99999782 -0.00117204 0.00173055 0.00117162 0.99999928 0.00024195 -0.00173083 -0.00023992 0.99999847
0.99999791 0.00202271 -0.00030787 -0.00202318 0.99999673 -0.00156424 0.00030470 0.00156486 0.99999873
0.99999963 0.00024676 -0.00082907 -0.00024718 0.99999985 -0.00049576 0.00082895 0.00049597 0.99999953
0.99999138 -0.00066427 -0.00409796 0.00067132 0.99999830 0.00171750 0.00409682 -0.00172024 0.99999013
0.99999927 0.00022924 0.00118703 -0.00023082 0.99999909 0.00132740 -0.00118673 -0.00132767 0.99999841
0.99999990 -0.00013628 -0.00041786 0.00013634 0.99999998 0.00014178 0.00041784 -0.00014184 0.99999990
0.99999960 -0.00088649 -0.00007893 0.00088647 0.99999957 -0.00027247 0.00007917 0.00027240 0.99999996
0.99999605 0.00229665 0.00161729 -0.00229407 0.99999609 -0.00159723 -0.00162095 0.00159352 0.99999742
0.99999935 0.00085490 -0.00075700 -0.00085604 0.99999851 -0.00149815 0.00075572 0.00149880 0.99999859
0.99999959 -0.00012748 -0.00089992 0.00012728 0.99999997 -0.00021662 0.00089995 0.00021651 0.99999957
0.99999994 -0.00007999 -0.00034685 0.00008003 0.99999999 0.00011627 0.00034685 -0.00011630 0.99999993
0.99999579 0.00271386 -0.00102261 -0.00271448 0.99999613 -0.00060367 0.00102097 0.00060644 0.99999929
0.99999967 0.00078464 -0.00023308 -0.00078425 0.99999834 0.00164192 0.00023436 -0.00164174 0.99999862
0.99999840 0.00132470 -0.00120566 -0.00132251 0.99999748 0.00181418 0.00120806 -0.00181258 0.99999763
0.99999973 -0.00052273 -0.00051370 0.00052349 0.99999879 0.00146374 0.00051294 -0.00146401 0.99999880
0.99999933 0.00115122 -0.00006866 -0.00115117 0.99999900 0.00082025 0.00006960 -0.00082017 0.99999966
0.99999856 -0.00005589 -0.00169535 0.00005314 0.99999868 -0.00162170 0.00169544 0.00162161 0.99999725
0.99999990 -0.00021504 -0.00040359 0.00021424 0.99999805 -0.00196305 0.00040402 0.00196296 0.99999799
0.99999535 -0.00297435 -0.00066614 0.00297459 0.99999551 0.00035609 0.00066508 -0.00035807 0.99999971
0.99998581 -0.00532399 -0.00016766 0.00532398 0.99998583 -0.00004447 0.00016789 0.00004358 0.99999998
0.99999987 -0.00009491 0.00050697 0.00009591 0.99999805 -0.00197225 -0.00050679 0.00197230 0.99999793
0.99999946 -0.00103885 -0.00008863 0.00103887 0.99999943 0.00024417 0.00008838 -0.00024426 0.99999997
0.99999872 -0.00108189 -0.00117695 0.00108500 0.99999591 0.00264782 0.00117408 -0.00264909 0.99999580
0.99999571 0.00203288 -0.00210860 -0.00203050 0.99999730 0.00113003 0.00211089 -0.00112575 0.99999714
0.99999873 0.00069278 -0.00143430 -0.00069153 0.99999938 0.00087448 0.00143491 -0.00087349 0.99999859
0.99999985 0.00043990 -0.00031691 -0.00043942 0.99999877 0.00150787 0.00031757 -0.00150773 0.99999881
0.99999959 -0.00088518 -0.00016857 0.00088499 0.99999902 -0.00108448 0.00016953 0.00108433 0.99999940
0.99999907 -0.00013275 -0.00135622 0.00013095 0.99999911 -0.00132615 0.00135640 0.00132597 0.99999820
0.99999978 -0.00065100 -0.00014803 0.00065099 0.99999978 -0.00009256 0.00014809 0.00009246 0.99999998
0.99999971 -0.00028328 -0.00070561 0.00028411 0.99999927 0.00117408 0.00070527 -0.00117428 0.99999906
0.99999940 -0.00010591 -0.00108842 0.00010643 0.99999988 0.00047092 0.00108837 -0.00047103 0.99999930
0.99999972 0.00002249 -0.00075276 -0.00002228 0.99999996 0.00026950 0.00075276 -0.00026948 0.99999968
0.99999856 0.00152737 -0.00073663 -0.00152798 0.99999849 -0.00082772 0.00073537 0.00082884 0.99999939
0.99999937 0.00013377 -0.00111500 -0.00013473 0.99999962 -0.00085787 0.00111488 0.00085802 0.99999901
0.99999372 -0.00144173 -0.00323900 0.00144257 0.99999893 0.00025719 0.00323862 -0.00026186 0.99999472
0.99999761 0.00197216 -0.00094745 -0.00197268 0.99999790 -0.00055377 0.00094636 0.00055564 0.99999940
0.99999813 -0.00018756 -0.00192451 0.00018826 0.99999992 0.00036241 0.00192444 -0.00036277 0.99999808
0.99999904 -0.00025750 -0.00136260 0.00025795 0.99999991 0.00033180 0.00136251 -0.00033215 0.99999902
0.99999908 0.00070854 -0.00115362 -0.00070772 0.99999950 0.00070901 0.00115412 -0.00070819 0.99999908
0.99999958 0.00023478 -0.00088815 -0.00023453 0.99999994 0.00027186 0.00088821 -0.00027165 0.99999957
0.99999913 0.00056980 -0.00118663 -0.00056945 0.99999979 0.00029945 0.00118680 -0.00029878 0.99999925
0.99999952 0.00079986 -0.00056478 -0.00079959 0.99999957 0.00047202 0.00056516 -0.00047156 0.99999973
0.99999776 0.00174054 -0.00120809 -0.00174125 0.99999831 -0.00058798 0.00120706 0.00059008 0.99999910
0.99999995 0.00014221 0.00026673 -0.00014209 0.99999989 -0.00045074 -0.00026679 0.00045070 0.99999986
0.99999726 -0.00022355 -0.00232988 0.00022360 0.99999997 0.00001905 0.00232988 -0.00001957 0.99999729
0.99999994 0.00027552 0.00021275 -0.00027540 0.99999980 -0.00057638 -0.00021291 0.00057632 0.99999981
0.99999908 -0.00061423 -0.00120533 0.00061457 0.99999977 0.00028153 0.00120516 -0.00028227 0.99999923
0.99999998 -0.00005870 -0.00020604 0.00005877 0.99999993 0.00038105 0.00020602 -0.00038106 0.99999991
0.99999942 0.00093693 0.00053345 -0.00093735 0.99999925 0.00078994 -0.00053271 -0.00079044 0.99999955
0.99999856 -0.00007190 0.00169585 0.00007055 0.99999968 0.00079719 -0.00169591 -0.00079707 0.99999824
0.99998966 -0.00408839 -0.00199343 0.00408899 0.99999160 0.00029801 0.00199220 -0.00030616 0.99999797
0.99999905 -0.00078993 -0.00112611 0.00078959 0.99999964 -0.00030305 0.00112635 0.00030216 0.99999932
0.99999911 -0.00021715 -0.00131526 0.00021650 0.99999985 -0.00049669 0.00131537 0.00049640 0.99999901
0.99999950 0.00092508 0.00037286 -0.00092495 0.99999951 -0.00034367 -0.00037318 0.00034333 0.99999987
0.99999744 -0.00189292 -0.00123566 0.00189319 0.99999818 0.00021680 0.00123524 -0.00021914 0.99999921
0.99999910 0.00064427 -0.00117442 -0.00064437 0.99999979 -0.00008705 0.00117436 0.00008781 0.99999931
0.99999815 0.00163094 -0.00101677 -0.00163054 0.99999859 0.00039779 0.00101741 -0.00039613 0.99999940
0.99999978 -0.00051932 -0.00040664 0.00051923 0.99999984 -0.00020307 0.00040675 0.00020286 0.99999990
0.99999952 0.00097479 0.00000633 -0.00097478 0.99999922 -0.00077848 -0.00000709 0.00077847 0.99999970
0.99999849 -0.00049367 -0.00166789 0.00049343 0.99999987 -0.00014311 0.00166796 0.00014229 0.99999860
0.99999765 0.00050737 -0.00210721 -0.00050692 0.99999985 0.00021571 0.00210732 -0.00021464 0.99999776
0.99999896 0.00012164 -0.00143622 -0.00012095 0.99999988 0.00047924 0.00143628 -0.00047906 0.99999885
0.99999895 -0.00063552 -0.00130588 0.00063644 0.99999955 0.00070250 0.00130543 -0.00070333 0.99999890
0.99999642 0.00095687 -0.00249714 -0.00095511 0.99999929 0.00070689 0.00249781 -0.00070450 0.99999663
0.99999974 -0.00071196 -0.00011371 0.00071202 0.99999962 0.00050874 0.00011335 -0.00050883 0.99999986
0.99999843 0.00176723 -0.00015203 -0.00176743 0.99999755 -0.00133146 0.00014968 0.00133173 0.99999910
0.99999987 0.00035217 0.00037939 -0.00035174 0.99999931 -0.00111935 -0.00037979 0.00111922 0.99999930
0.99999957 0.00049759 -0.00078015 -0.00049843 0.99999929 -0.00107801 0.00077961 0.00107839 0.99999911
0.99999968 0.00022738 0.00076704 -0.00022749 0.99999996 0.00014198 -0.00076701 -0.00014216 0.99999970
0.99999945 0.00076417 -0.00071802 -0.00076394 0.99999966 0.00031891 0.00071827 -0.00031836 0.99999969
0.99999956 0.00011522 0.00092819 -0.00011492 0.99999994 -0.00031670 -0.00092823 0.00031659 0.99999952
0.99999898 0.00112015 -0.00088939 -0.00111978 0.99999928 0.00042033 0.00088987 -0.00041933 0.99999952
0.99999987 -0.00002116 0.00050288 0.00002128 0.99999997 -0.00023264 -0.00050287 0.00023265 0.99999985
0.99999992 0.00029663 -0.00025691 -0.00029664 0.99999996 -0.00000952 0.00025691 0.00000960 0.99999997
0.99999995 0.00028439 0.00013969 -0.00028439 0.99999996 -0.00004106 -0.00013971 0.00004102 0.99999999
0.99999550 0.00268617 0.00133279 -0.00268636 0.99999638 0.00014095 -0.00133240 -0.00014453 0.99999910
0.99999809 0.00173854 0.00089171 -0.00173937 0.99999806 0.00092968 -0.00089009 -0.00093123 0.99999917
0.99999910 0.00115991 0.00067987 -0.00116024 0.99999921 0.00048260 -0.00067931 -0.00048339 0.99999965
0.99999943 0.00104791 0.00020692 -0.00104800 0.99999937 0.00040485 -0.00020649 -0.00040507 0.99999990
0.99999978 0.00034178 0.00056055 -0.00034161 0.99999989 -0.00031363 -0.00056066 0.00031344 0.99999979
0.99999428 0.00279380 -0.00190775 -0.00279531 0.99999578 -0.00078593 0.00190554 0.00079126 0.99999787
0.99999720 0.00081694 0.00221972 -0.00081364 0.99999856 -0.00148762 -0.00222094 0.00148581 0.99999643
0.99999885 0.00150802 -0.00014478 -0.00150818 0.99999819 -0.00116247 0.00014302 0.00116269 0.99999931
0.99999975 0.00067095 0.00021833 -0.00067082 0.99999959 -0.00060708 -0.00021873 0.00060694 0.99999979
0.99999933 -0.00041486 -0.00107884 0.00041599 0.99999936 0.00104827 0.00107840 -0.00104872 0.99999887
0.99999956 0.00092903 -0.00009906 -0.00092900 0.99999953 0.00026758 0.00009931 -0.00026749 0.99999996
0.99999798 0.00119059 0.00161837 -0.00118965 0.99999912 -0.00057938 -0.00161906 0.00057746 0.99999852
0.99999813 -0.00016692 -0.00192785 0.00016595 0.99999986 -0.00050439 0.00192794 0.00050407 0.99999801
0.99999994 0.00018700 -0.00029164 -0.00018707 0.99999995 -0.00025392 0.00029159 0.00025397 0.99999993
0.99999728 0.00096596 0.00212232 -0.00096740 0.99999930 0.00067825 -0.00212166 -0.00068030 0.99999752
0.99999994 0.00003728 -0.00034812 -0.00003714 0.99999992 0.00040485 0.00034813 -0.00040484 0.99999986
0.99999958 0.00082982 -0.00039568 -0.00082989 0.99999964 -0.00016198 0.00039554 0.00016231 0.99999991
0.99999978 -0.00061415 -0.00025528 0.00061415 0.99999981 -0.00002993 0.00025529 0.00002977 0.99999997
0.99999897 0.00036934 -0.00138434 -0.00036900 0.99999990 0.00024694 0.00138443 -0.00024643 0.99999901
0.99999999 0.00012567 -0.00006545 -0.00012561 0.99999954 0.00095483 0.00006557 -0.00095482 0.99999954
0.99999832 -0.00120268 -0.00138183 0.00120292 0.99999926 0.00017136 0.00138162 -0.00017302 0.99999903
0.99999683 0.00019694 -0.00250867 -0.00019671 0.99999998 0.00009094 0.00250869 -0.00009044 0.99999685
0.99999825 0.00171371 -0.00075071 -0.00171437 0.99999815 -0.00087586 0.00074921 0.00087715 0.99999933
0.99999917 -0.00128108 0.00015542 0.00128094 0.99999878 0.00089561 -0.00015657 -0.00089541 0.99999959
0.99999948 -0.00075938 0.00067993 0.00075879 0.99999933 0.00086879 -0.00068059 -0.00086828 0.99999939
0.99999770 -0.00208238 0.00052173 0.00208221 0.99999778 0.00032841 -0.00052241 -0.00032733 0.99999981
0.99999902 -0.00115215 0.00079951 0.00115213 0.99999934 0.00003364 -0.00079955 -0.00003272 0.99999968
0.99999649 -0.00255714 0.00069256 0.00255745 0.99999662 -0.00045771 -0.00069139 0.00045948 0.99999966
0.99999852 -0.00162724 0.00055316 0.00162750 0.99999857 -0.00046729 -0.00055240 0.00046819 0.99999974
0.99999784 -0.00177495 0.00107877 0.00177532 0.99999837 -0.00034252 -0.00107816 0.00034443 0.99999936
0.99998936 -0.00388037 0.00249548 0.00387917 0.99999236 0.00048660 -0.00249735 -0.00047691 0.99999677
0.99999597 -0.00099126 0.00265979 0.00099334 0.99999920 -0.00078109 -0.00265901 0.00078373 0.99999616
0.99999473 -0.00115176 0.00303649 0.00115347 0.99999918 -0.00056024 -0.00303584 0.00056374 0.99999523
0.99999190 -0.00285837 0.00283336 0.00285745 0.99999586 0.00032676 -0.00283428 -0.00031866 0.99999593
0.99995883 -0.00885029 0.00200104 0.00885362 0.99995942 -0.00166363 -0.00198624 0.00168128 0.99999661
0.99998661 -0.00448244 0.00258793 0.00448205 0.99998994 0.00015867 -0.00258861 -0.00014707 0.99999664
0.99998750 -0.00392126 0.00310185 0.00392103 0.99999231 0.00008252 -0.00310215 -0.00007036 0.99999519
0.99999531 -0.00160027 0.00260958 0.00159946 0.99999867 0.00031536 -0.00261008 -0.00031118 0.99999655
0.99998685 -0.00330611 0.00392057 0.00331123 0.99999367 -0.00129849 -0.00391625 0.00131145 0.99999147
0.99999564 -0.00247544 0.00160966 0.00247724 0.99999630 -0.00112214 -0.00160688 0.00112612 0.99999807
0.99997471 -0.00619515 0.00349404 0.00619339 0.99998069 0.00051536 -0.00349716 -0.00049371 0.99999376
0.99997654 -0.00565500 0.00386467 0.00565442 0.99998400 0.00016139 -0.00386552 -0.00013954 0.99999252
0.99999516 0.00024371 0.00310322 -0.00024526 0.99999985 0.00049929 -0.00310310 -0.00050005 0.99999506
0.99999787 -0.00043007 0.00201946 0.00043344 0.99999851 -0.00167068 -0.00201874 0.00167155 0.99999657
0.99999343 -0.00278243 0.00232422 0.00278600 0.99999494 -0.00153475 -0.00231993 0.00154122 0.99999612
0.99999305 -0.00089263 0.00361914 0.00089467 0.99999944 -0.00056252 -0.00361864 0.00056575 0.99999329
0.99999267 -0.00215935 0.00316218 0.00215997 0.99999765 -0.00019486 -0.00316175 0.00020169 0.99999498
0.99998194 0.00016993 0.00600807 -0.00017165 0.99999994 0.00028685 -0.00600802 -0.00028788 0.99998191
0.99998386 -0.00367441 0.00433254 0.00367406 0.99999325 0.00008853 -0.00433284 -0.00007261 0.99999061
0.99998510 -0.00424300 0.00343499 0.00424028 0.99999069 0.00079840 -0.00343834 -0.00078382 0.99999378
0.99998160 -0.00347196 0.00497388 0.00346818 0.99999369 0.00076841 -0.00497652 -0.00075114 0.99998733
0.99997755 -0.00654900 0.00142039 0.00654737 0.99997791 0.00114839 -0.00142788 -0.00113906 0.99999833
0.99998009 -0.00126876 0.00618143 0.00126577 0.99999908 0.00048799 -0.00618204 -0.00048015 0.99998078
0.99998010 -0.00278425 0.00566123 0.00278280 0.99999609 0.00026508 -0.00566195 -0.00024932 0.99998394
0.99997684 -0.00114382 0.00670835 0.00114684 0.99999924 -0.00044621 -0.00670784 0.00045389 0.99997740
0.99998032 -0.00195023 0.00596258 0.00194701 0.99999796 0.00054547 -0.00596363 -0.00053385 0.99998207
0.99997173 -0.00212839 0.00721150 0.00211898 0.99999689 0.00131251 -0.00721427 -0.00129719 0.99997314
0.99994880 -0.00015345 0.01011766 0.00015440 0.99999998 -0.00009330 -0.01011765 0.00009486 0.99994881
0.99996546 0.00190984 0.00808854 -0.00190266 0.99999779 -0.00089557 -0.00809023 0.00088014 0.99996689
0.99996936 0.00075520 0.00779130 -0.00074555 0.99999895 -0.00124139 -0.00779223 0.00123555 0.99996888
0.99992614 0.00078482 0.01212802 -0.00077859 0.99999956 -0.00051887 -0.01212842 0.00050939 0.99992632
0.99995269 -0.00061265 0.00970778 0.00061863 0.99999962 -0.00061238 -0.00970740 0.00061836 0.99995269
0.99994948 -0.00074622 0.01002429 0.00076366 0.99999820 -0.00173595 -0.01002298 0.00174351 0.99994825
0.99993967 -0.00466520 0.00994406 0.00467601 0.99998850 -0.00106349 -0.00993898 0.00110993 0.99994999
0.99994204 -0.00382471 0.01006464 0.00381859 0.99999251 0.00062690 -0.01006696 -0.00058843 0.99994915
0.99992814 -0.00598583 0.01038682 0.00597375 0.99998144 0.00119396 -0.01039378 -0.00113183 0.99994534
0.99995755 -0.00237937 0.00890097 0.00238503 0.99999696 -0.00062591 -0.00889946 0.00064711 0.99996019
0.99990223 -0.00587728 0.01268792 0.00588404 0.99998257 -0.00049602 -0.01268478 0.00057063 0.99991938
0.99993592 -0.00170517 0.01119102 0.00169005 0.99999765 0.00136103 -0.01119331 -0.00134203 0.99993645
0.99993513 -0.00133721 0.01131120 0.00133530 0.99999909 0.00017661 -0.01131143 -0.00016150 0.99993601
0.99992636 -0.00267419 0.01183695 0.00274621 0.99997780 -0.00607151 -0.01182045 0.00610357 0.99991151
0.99990179 -0.00082134 0.01399070 0.00081956 0.99999966 0.00013325 -0.01399081 -0.00012177 0.99990212
0.99993916 -0.00211859 0.01082545 0.00210710 0.99999721 0.00107241 -0.01082769 -0.00104953 0.99994083
0.99990418 -0.00112575 0.01379750 0.00108606 0.99999525 0.00288351 -0.01380068 -0.00286825 0.99990065
0.99990576 -0.00098612 0.01369335 0.00098665 0.99999951 -0.00003194 -0.01369331 0.00004545 0.99990624
0.99989707 -0.00159544 0.01425864 0.00158075 0.99999821 0.00104150 -0.01426028 -0.00101886 0.99989780
0.99989694 -0.00102942 0.01431947 0.00101664 0.99999908 0.00089994 -0.01432039 -0.00088529 0.99989707
0.99987422 -0.00363536 0.01543785 0.00362777 0.99999328 0.00051948 -0.01543963 -0.00046341 0.99988069
0.99989500 -0.00064074 0.01447698 0.00064368 0.99999977 -0.00019847 -0.01447685 0.00020777 0.99989518
0.99989114 0.00150323 0.01467837 -0.00148303 0.99999794 -0.00138681 -0.01468043 0.00136489 0.99989131
0.99990218 0.00048305 0.01397863 -0.00045232 0.99999747 -0.00220128 -0.01397965 0.00219474 0.99989987
0.99988111 0.00193575 0.01529796 -0.00192819 0.99999801 -0.00050888 -0.01529892 0.00047932 0.99988285
0.99987047 0.00106645 0.01605922 -0.00106853 0.99999942 0.00012127 -0.01605908 -0.00013841 0.99987104
0.99988614 -0.00429233 0.01446628 0.00428442 0.99999066 0.00057714 -0.01446862 -0.00051510 0.99989519
0.99984702 -0.00424179 0.01696869 0.00426590 0.99998994 -0.00138505 -0.01696264 0.00145723 0.99985506
0.99990395 -0.00002391 0.01385989 0.00001654 0.99999986 0.00053202 -0.01385990 -0.00053174 0.99990381
0.99988557 -0.00181727 0.01501828 0.00183028 0.99999796 -0.00085233 -0.01501671 0.00087972 0.99988686
0.99988650 -0.00080782 0.01504451 0.00083950 0.99999744 -0.00209987 -0.01504277 0.00211226 0.99988462
0.99990137 -0.00195291 0.01390829 0.00195207 0.99999809 0.00007422 -0.01390841 -0.00004707 0.99990327
0.99989502 -0.00394589 0.01394178 0.00396579 0.99999116 -0.00139967 -0.01393614 0.00145481 0.99990183
0.99991413 0.00085059 0.01307725 -0.00084191 0.99999942 -0.00066919 -0.01307781 0.00065812 0.99991427
0.99990993 -0.00068500 0.01340377 0.00069158 0.99999964 -0.00048568 -0.01340343 0.00049491 0.99991005
0.99990846 0.00104354 0.01349037 -0.00103970 0.99999942 -0.00029204 -0.01349067 0.00027799 0.99990896
0.99994659 -0.00082822 0.01030239 0.00083076 0.99999963 -0.00024226 -0.01030219 0.00025081 0.99994690
0.99991670 -0.00495150 0.01191965 0.00496542 0.99998702 -0.00113864 -0.01191386 0.00119773 0.99992831
0.99990880 -0.00093804 0.01347271 0.00093185 0.99999946 0.00046602 -0.01347314 -0.00045343 0.99990913
0.99991708 -0.00179262 0.01275214 0.00178793 0.99999833 0.00037904 -0.01275280 -0.00035620 0.99991862
0.99991345 -0.00168519 0.01304783 0.00168940 0.99999852 -0.00031213 -0.01304729 0.00033414 0.99991482
0.99991403 0.00093269 0.01307894 -0.00092888 0.99999952 -0.00029734 -0.01307921 0.00028517 0.99991442
0.99992410 0.00011589 0.01231980 -0.00010371 0.99999951 -0.00098943 -0.01231991 0.00098807 0.99992362
0.99988696 -0.00175863 0.01493219 0.00179019 0.99999619 -0.00210004 -0.01492844 0.00212654 0.99988630
0.99988986 -0.00163926 0.01475060 0.00165920 0.99999773 -0.00133934 -0.01474837 0.00136367 0.99989031
0.99989597 0.00550433 0.01333257 -0.00550108 0.99998483 -0.00028026 -0.01333391 0.00020689 0.99991108
0.99991079 -0.00091497 0.01332596 0.00091614 0.99999958 -0.00008221 -0.01332588 0.00009441 0.99991120
0.99989254 0.00310236 0.01432739 -0.00309071 0.99999487 -0.00083517 -0.01432991 0.00079080 0.99989701
0.99989167 0.00392553 0.01418580 -0.00391394 0.99999198 -0.00084490 -0.01418900 0.00078928 0.99989902
0.99993118 -0.00069735 0.01171141 0.00070746 0.99999938 -0.00085895 -0.01171081 0.00086717 0.99993105
0.99994024 0.00235371 0.01067565 -0.00237157 0.99999581 0.00166028 -0.01067169 -0.00168550 0.99994164
0.99990639 0.00527870 0.01262358 -0.00527788 0.99998607 -0.00009831 -0.01262392 0.00003167 0.99992031
0.99997065 0.00067358 0.00763189 -0.00067933 0.99999949 0.00075122 -0.00763138 -0.00075638 0.99997059
0.99995899 0.00232628 0.00875268 -0.00230463 0.99999426 -0.00248193 -0.00875840 0.00246166 0.99995861
0.99998291 0.00176369 0.00557348 -0.00176501 0.99999842 0.00023112 -0.00557307 -0.00024095 0.99998444
0.99998709 0.00027534 0.00507312 -0.00026528 0.99999800 -0.00198460 -0.00507366 0.00198323 0.99998516
0.99998958 -0.00016524 0.00456121 0.00017387 0.99999819 -0.00189216 -0.00456089 0.00189294 0.99998781
0.99999326 -0.00007867 0.00367107 0.00007985 0.99999994 -0.00032231 -0.00367104 0.00032260 0.99999321
0.99999596 -0.00009956 0.00284169 0.00009833 0.99999990 0.00043241 -0.00284173 -0.00043213 0.99999587
0.99999744 -0.00192270 0.00119158 0.00192463 0.99999684 -0.00161898 -0.00118846 0.00162127 0.99999798
0.99999886 0.00150324 0.00011697 -0.00150308 0.99999795 -0.00135451 -0.00011901 0.00135433 0.99999908
0.99999999 0.00010478 -0.00013296 -0.00010471 0.99999983 0.00057363 0.00013302 -0.00057362 0.99999983
0.99999494 0.00316696 -0.00030467 -0.00316658 0.99999420 0.00125316 0.00030864 -0.00125219 0.99999917
0.99999034 -0.00414135 -0.00146963 0.00414362 0.99999022 0.00154777 0.00146321 -0.00155384 0.99999772
0.99997489 0.00661141 0.00255118 -0.00661392 0.99997765 0.00097607 -0.00254467 -0.00099292 0.99999627
0.99999842 0.00176282 -0.00022388 -0.00176262 0.99999804 0.00090649 0.00022547 -0.00090609 0.99999956
0.99999067 0.00431913 -0.00010048 -0.00431908 0.99999055 0.00049030 0.00010260 -0.00048986 0.99999987
0.99998857 0.00478023 0.00012997 -0.00478019 0.99998854 -0.00027867 -0.00013130 0.00027805 0.99999995
0.99998666 0.00445920 -0.00260795 -0.00445965 0.99999004 -0.00016413 0.00260720 0.00017576 0.99999659
0.99997904 0.00512622 -0.00395549 -0.00513050 0.99998626 -0.00107257 0.00394994 0.00109284 0.99999160
0.99998009 0.00251304 -0.00578906 -0.00250753 0.99999640 0.00095931 0.00579145 -0.00094477 0.99998278
0.99998276 -0.00044898 -0.00585519 0.00045588 0.99999920 0.00117763 0.00585466 -0.00118028 0.99998216
0.99997552 0.00066206 -0.00696573 -0.00065264 0.99999887 0.00135448 0.00696662 -0.00134990 0.99997482
0.99997405 -0.00038638 -0.00719311 0.00038671 0.99999992 0.00004473 0.00719309 -0.00004751 0.99997413
0.99991979 -0.00527926 -0.01151238 0.00525280 0.99998350 -0.00232748 0.01152448 0.00226682 0.99993102
0.99995743 0.00252002 -0.00887636 -0.00251339 0.99999655 0.00075727 0.00887824 -0.00073493 0.99996032
0.99997404 -0.00010219 -0.00720425 0.00012230 0.99999610 0.00279072 0.00720394 -0.00279153 0.99997015
0.99995925 0.00301125 -0.00851048 -0.00299389 0.99999341 0.00205289 0.00851660 -0.00202733 0.99996168
0.99995531 0.00104160 -0.00939636 -0.00104197 0.99999946 -0.00003497 0.00939632 0.00004476 0.99995585
0.99994203 0.00269168 -0.01042522 -0.00271331 0.99999419 -0.00206126 0.01041961 0.00208943 0.99994353
0.99994501 0.00236023 -0.01021764 -0.00236406 0.99999714 -0.00036296 0.01021676 0.00038709 0.99994773
0.99993642 0.00297016 -0.01087806 -0.00296982 0.99999559 0.00004771 0.01087815 -0.00001540 0.99994083
0.99992977 0.00654044 -0.00988313 -0.00655758 0.99997705 -0.00170273 0.00987177 0.00176742 0.99994971
0.99993184 0.00231623 -0.01144348 -0.00231147 0.99999724 0.00042923 0.01144445 -0.00040275 0.99993443
0.99991276 0.00269179 -0.01293188 -0.00271118 0.99999523 -0.00148229 0.01292783 0.00151722 0.99991528
0.99990447 0.00103085 -0.01378328 -0.00102811 0.99999945 0.00020580 0.01378348 -0.00019161 0.99990498
0.99989889 0.00032113 -0.01421658 -0.00032580 0.99999989 -0.00032626 0.01421648 0.00033086 0.99989889
0.99989465 0.00083503 -0.01449126 -0.00084865 0.99999920 -0.00093359 0.01449047 0.00094579 0.99989456
0.99989862 0.00263169 -0.01399393 -0.00262627 0.99999647 0.00040546 0.01399494 -0.00036866 0.99990200
0.99988902 -0.00048439 -0.01488979 0.00051808 0.99999732 0.00225831 0.01488866 -0.00226577 0.99988659
0.99990191 0.00276765 -0.01372986 -0.00279402 0.99999429 -0.00190129 0.01372452 0.00193946 0.99990393
0.99987621 0.00234008 -0.01555950 -0.00234644 0.99999717 -0.00039074 0.01555854 0.00042720 0.99987887
0.99992042 0.00337671 -0.01215553 -0.00337790 0.99999429 -0.00007788 0.01215519 0.00011893 0.99992612
0.99989094 0.00244245 -0.01456526 -0.00244030 0.99999701 0.00016513 0.01456562 -0.00012957 0.99989391
0.99987155 0.00148033 -0.01595921 -0.00148920 0.99999874 -0.00054405 0.01595839 0.00056774 0.99987250
0.99989605 0.00277958 -0.01414768 -0.00280188 0.99999486 -0.00155681 0.01414328 0.00159629 0.99989870
0.99988283 0.00162886 -0.01522078 -0.00163046 0.99999867 -0.00009263 0.01522061 0.00011744 0.99988415
0.99988599 0.00000056 -0.01509999 -0.00000500 0.99999996 -0.00029439 0.01509999 0.00029443 0.99988595
0.99987907 0.00007342 -0.01555151 -0.00010891 0.99999739 -0.00228095 0.01555131 0.00228237 0.99987647
0.99987179 -0.00067712 -0.01599845 0.00062743 0.99999496 -0.00311085 0.01600048 0.00310041 0.99986718
0.99985803 0.00123700 -0.01680455 -0.00126959 0.99999733 -0.00192909 0.01680212 0.00195016 0.99985693
0.99986608 -0.00125467 -0.01631735 0.00122360 0.99999742 -0.00191388 0.01631971 0.00189366 0.99986503
0.99988904 0.00256230 -0.01467442 -0.00258002 0.99999597 -0.00118829 0.01467132 0.00122602 0.99989162
0.99985281 0.00365161 -0.01676392 -0.00368190 0.99999164 -0.00177640 0.01675729 0.00183786 0.99985790
0.99981946 0.00040692 -0.01899680 -0.00042190 0.99999960 -0.00078453 0.01899647 0.00079240 0.99981924
0.99986075 0.00471657 -0.01600712 -0.00474462 0.99998727 -0.00171503 0.01599883 0.00179074 0.99987041
0.99983627 0.00083859 -0.01807576 -0.00083871 0.99999965 0.00000074 0.01807575 0.00001442 0.99983662
0.99982908 0.00158070 -0.01842027 -0.00157984 0.99999875 0.00006146 0.01842034 -0.00003235 0.99983033
0.99982767 0.00056405 -0.01855592 -0.00055194 0.99999963 0.00065763 0.01855628 -0.00064728 0.99982761
0.99982061 -0.00028868 -0.01893863 0.00029001 0.99999996 0.00006737 0.01893861 -0.00007285 0.99982065
0.99980209 0.00103581 -0.01986737 -0.00106088 0.99999865 -0.00125121 0.01986605 0.00127204 0.99980184
0.99984546 0.00052909 -0.01757211 -0.00054950 0.99999918 -0.00115647 0.01757148 0.00116595 0.99984493
0.99984720 0.00158653 -0.01740836 -0.00160178 0.99999835 -0.00086216 0.01740697 0.00088991 0.99984809
0.99983055 0.00105965 -0.01837790 -0.00108459 0.99999850 -0.00134679 0.01837645 0.00136650 0.99983020
0.99984444 0.00223719 -0.01749535 -0.00225959 0.99999665 -0.00126081 0.01749247 0.00130015 0.99984615
0.99984789 0.00090205 -0.01741795 -0.00090013 0.99999959 0.00011805 0.01741805 -0.00010235 0.99984829
0.99986887 0.00117414 -0.01615110 -0.00116470 0.99999915 0.00059431 0.01615178 -0.00057542 0.99986939
0.99990306 0.00371533 -0.01341876 -0.00372976 0.99999249 -0.00105041 0.01341476 0.00110035 0.99990941
0.99989831 0.00175708 -0.01415202 -0.00177609 0.99999754 -0.00133054 0.01414965 0.00135554 0.99989897
0.99992100 0.00148532 -0.01248129 -0.00149592 0.99999853 -0.00083998 0.01248003 0.00085859 0.99992175
0.99994655 0.00201444 -0.01014112 -0.00202756 0.99999712 -0.00128406 0.01013851 0.00130455 0.99994775
0.99995307 -0.00282314 -0.00926752 0.00280887 0.99999485 -0.00155226 0.00927185 0.00152616 0.99995585
0.99997480 -0.00136647 -0.00696719 0.00134841 0.99999572 -0.00259568 0.00697071 0.00258621 0.99997236
0.99998005 -0.00207238 -0.00596649 0.00205979 0.99999564 -0.00211652 0.00597085 0.00210419 0.99997996
0.99998429 -0.00217854 -0.00516457 0.00217604 0.99999751 -0.00048830 0.00516562 0.00047706 0.99998654
0.99998013 -0.00302372 -0.00553213 0.00302683 0.99999527 0.00055359 0.00553043 -0.00057033 0.99998454
0.99998596 -0.00207167 -0.00487717 0.00207408 0.99999773 0.00048788 0.00487615 -0.00049799 0.99998799
0.99997823 -0.00386586 -0.00534832 0.00387167 0.99999193 0.00107477 0.00534412 -0.00109545 0.99998512
0.99999289 -0.00204533 -0.00316748 0.00204808 0.99999753 0.00086743 0.00316570 -0.00087391 0.99999461
0.99999522 -0.00201495 -0.00234659 0.00201634 0.99999779 0.00058821 0.00234540 -0.00059294 0.99999707
0.99999781 -0.00041425 -0.00204957 0.00041467 0.99999989 0.00020564 0.00204949 -0.00020649 0.99999788
0.99999660 -0.00074389 -0.00249923 0.00074279 0.99999963 -0.00044121 0.00249956 0.00043936 0.99999678
0.99999481 -0.00307496 -0.00096486 0.00307376 0.99999450 -0.00124412 0.00096868 0.00124115 0.99999876
0.99999601 -0.00218885 -0.00178377 0.00218787 0.99999745 -0.00055354 0.00178498 0.00054964 0.99999826
0.99999978 0.00066718 -0.00003713 -0.00066727 0.99999670 -0.00247993 0.00003547 0.00247995 0.99999692
0.99999837 0.00045950 -0.00174581 -0.00046367 0.99999703 -0.00239117 0.00174471 0.00239197 0.99999562
0.99999918 -0.00114853 -0.00055795 0.00114756 0.99999781 -0.00175058 0.00055996 0.00174994 0.99999831
0.99999978 0.00054072 -0.00037236 -0.00054071 0.99999985 0.00003708 0.00037238 -0.00003688 0.99999993
0.99999994 -0.00028117 -0.00018505 0.00028139 0.99999929 0.00116005 0.00018472 -0.00116011 0.99999931
0.99999999 0.00012983 0.00008337 -0.00012992 0.99999944 0.00105059 -0.00008323 -0.00105060 0.99999944
0.99999985 0.00026810 0.00047556 -0.00026827 0.99999990 0.00034923 -0.00047547 -0.00034935 0.99999983
0.99999921 -0.00122814 0.00025323 0.00122807 0.99999921 0.00025497 -0.00025355 -0.00025465 0.99999994
0.99999994 0.00011412 0.00034128 -0.00011416 0.99999999 0.00012915 -0.00034127 -0.00012919 0.99999993
0.99999963 -0.00079909 0.00031063 0.00079922 0.99999960 -0.00040842 -0.00031031 0.00040867 0.99999987
0.99999982 -0.00059267 -0.00008288 0.00059268 0.99999982 0.00012980 0.00008281 -0.00012984 0.99999999
0.99999941 -0.00107675 -0.00010596 0.00107678 0.99999936 0.00034633 0.00010559 -0.00034644 0.99999993
0.99999998 -0.00019681 -0.00009749 0.00019682 0.99999998 0.00008643 0.00009747 -0.00008645 0.99999999
0.99999669 -0.00194153 -0.00168773 0.00194267 0.99999789 0.00067514 0.00168642 -0.00067841 0.99999835
0.99999942 -0.00087928 -0.00062637 0.00087925 0.99999961 -0.00004409 0.00062641 0.00004353 0.99999980
0.99999663 -0.00253184 -0.00057934 0.00253209 0.99999670 0.00043252 0.00057825 -0.00043398 0.99999974
0.99999962 -0.00086813 0.00008129 0.00086812 0.99999961 0.00017268 -0.00008144 -0.00017261 0.99999998
0.99999992 0.00040513 -0.00000187 -0.00040513 0.99999980 0.00047592 0.00000206 -0.00047592 0.99999989
0.99999971 -0.00003606 -0.00076485 0.00003641 0.99999989 0.00046797 0.00076483 -0.00046800 0.99999960
0.99999969 -0.00029421 0.00072889 0.00029417 0.99999996 0.00005615 -0.00072891 -0.00005593 0.99999973
0.99999968 -0.00072277 0.00034743 0.00072261 0.99999964 0.00045007 -0.00034776 -0.00044982 0.99999984
0.99999970 0.00044564 -0.00062675 -0.00044547 0.99999986 0.00026768 0.00062687 -0.00026740 0.99999977
0.99999957 0.00084216 -0.00039557 -0.00084207 0.99999962 0.00020831 0.00039574 -0.00020798 0.99999990
0.99999971 0.00016687 0.00073806 -0.00016665 0.99999994 -0.00029952 -0.00073811 0.00029939 0.99999968
0.99999765 0.00164173 0.00141545 -0.00164126 0.99999860 -0.00033366 -0.00141600 0.00033134 0.99999894
0.99999984 0.00014227 0.00053854 -0.00014260 0.99999980 0.00061588 -0.00053845 -0.00061596 0.99999967
0.99999968 -0.00001420 -0.00079916 0.00001437 0.99999998 0.00020856 0.00079916 -0.00020857 0.99999966
0.99999925 0.00075932 0.00096289 -0.00075942 0.99999971 0.00010255 -0.00096281 -0.00010328 0.99999953
0.99999985 0.00016480 0.00051770 -0.00016499 0.99999992 0.00036427 -0.00051764 -0.00036436 0.99999980
0.99999988 -0.00048516 -0.00010295 0.00048510 0.99999970 -0.00059599 0.00010324 0.00059594 0.99999982
0.99999679 -0.00249280 0.00045489 0.00249280 0.99999689 0.00001139 -0.00045491 -0.00001025 0.99999990
0.99999956 -0.00019328 0.00091829 0.00019304 0.99999995 0.00026205 -0.00091834 -0.00026187 0.99999954
0.99999987 0.00018936 0.00046791 -0.00018917 0.99999990 -0.00040807 -0.00046799 0.00040798 0.99999981
0.99999923 -0.00060567 -0.00108678 0.00060552 0.99999981 -0.00014355 0.00108686 0.00014289 0.99999940
0.99999969 0.00028733 0.00072706 -0.00028736 0.99999996 0.00004097 -0.00072705 -0.00004118 0.99999973
0.99999997 -0.00008762 -0.00023203 0.00008757 0.99999997 -0.00022391 0.00023205 0.00022389 0.99999995
0.99999969 0.00077003 -0.00017894 -0.00077012 0.99999956 -0.00053520 0.00017853 0.00053534 0.99999984
0.99999992 -0.00018239 -0.00036390 0.00018223 0.99999988 -0.00045019 0.00036398 0.00045012 0.99999983
0.99999977 0.00060631 0.00029111 -0.00060607 0.99999948 -0.00082201 -0.00029161 0.00082184 0.99999962
0.99999928 -0.00119138 -0.00014567 0.00119121 0.99999864 -0.00114499 0.00014704 0.00114481 0.99999933
0.99999992 -0.00038601 0.00004652 0.00038607 0.99999919 -0.00121141 -0.00004605 0.00121142 0.99999927
0.99999964 0.00043243 0.00072331 -0.00043211 0.99999981 -0.00044232 -0.00072350 0.00044201 0.99999964
0.99999996 0.00017991 0.00022364 -0.00017994 0.99999997 0.00013983 -0.00022362 -0.00013987 0.99999997
0.99999953 0.00062978 0.00073711 -0.00062973 0.99999980 -0.00006716 -0.00073716 0.00006670 0.99999973
0.99999981 -0.00048938 0.00036544 0.00048929 0.99999985 0.00023294 -0.00036556 -0.00023276 0.99999991
0.99999780 0.00072853 0.00196822 -0.00072801 0.99999970 -0.00026504 -0.00196841 0.00026360 0.99999803
0.99999982 -0.00056652 0.00017691 0.00056650 0.99999983 0.00012153 -0.00017698 -0.00012143 0.99999998
0.99999999 0.00006024 0.00012642 -0.00006023 0.99999999 -0.00010497 -0.00012642 0.00010496 0.99999999
0.99999900 -0.00139065 0.00026002 0.00139050 0.99999888 0.00054788 -0.00026078 -0.00054752 0.99999982
0.99999979 -0.00015189 -0.00062457 0.00015182 0.99999998 -0.00012167 0.00062459 0.00012157 0.99999980
0.99999507 0.00050984 -0.00309985 -0.00050865 0.99999980 0.00038575 0.00310004 -0.00038417 0.99999512
0.99999915 0.00048364 -0.00121207 -0.00048364 0.99999988 0.00000018 0.00121207 0.00000041 0.99999927
0.99999992 0.00007000 0.00038162 -0.00006978 0.99999983 -0.00057765 -0.00038166 0.00057762 0.99999976
0.99999982 0.00046755 -0.00037715 -0.00046759 0.99999988 -0.00013139 0.00037709 0.00013157 0.99999992
0.99999992 -0.00013577 0.00037428 0.00013572 0.99999998 0.00013418 -0.00037430 -0.00013412 0.99999992
0.99999988 -0.00048463 0.00001778 0.00048463 0.99999987 -0.00013334 -0.00001771 0.00013335 0.99999999
0.99999966 -0.00064642 -0.00050507 0.00064660 0.99999972 0.00036711 0.00050483 -0.00036744 0.99999981
0.99998896 0.00054744 -0.00466613 -0.00054089 0.99999887 0.00140541 0.00466689 -0.00140287 0.99998813
0.99999995 0.00023042 0.00020492 -0.00023039 0.99999997 -0.00012954 -0.00020495 0.00012949 0.99999997
0.99999971 -0.00058700 -0.00048680 0.00058692 0.99999981 -0.00016369 0.00048690 0.00016341 0.99999987
0.99999998 0.00016267 -0.00012462 -0.00016269 0.99999997 -0.00015831 0.00012459 0.00015833 0.99999998
0.99999991 -0.00029771 0.00031238 0.00029758 0.99999987 0.00041611 -0.00031250 -0.00041602 0.99999986
0.99999998 0.00018152 0.00012709 -0.00018148 0.99999994 -0.00029821 -0.00012714 0.00029819 0.99999995
0.99999998 0.00021988 0.00001054 -0.00021987 0.99999995 -0.00023105 -0.00001059 0.00023105 0.99999997
0.99999976 0.00001969 0.00068938 -0.00001983 0.99999998 0.00019949 -0.00068938 -0.00019950 0.99999974
0.99999986 0.00022232 -0.00046983 -0.00022258 0.99999982 -0.00055657 0.00046971 0.00055667 0.99999973
1.00000000 0.00007656 0.00000883 -0.00007656 0.99999999 -0.00011202 -0.00000884 0.00011202 0.99999999
0.99999995 -0.00031779 -0.00002831 0.00031779 0.99999995 0.00004067 0.00002829 -0.00004068 1.00000000
0.99999933 0.00036992 0.00109833 -0.00036964 0.99999990 -0.00025856 -0.00109843 0.00025815 0.99999936
-0.81211535 -0.00027195 0.58349686 -0.00133686 -0.99999640 -0.00232671 0.58349539 -0.00266961 0.81211206
0.99999998 0.00000170 0.00020684 -0.00000169 1.00000000 -0.00004522 -0.00020684 0.00004522 0.99999998
0.99999997 -0.00010885 -0.00022249 0.00010890 0.99999997 0.00021589 0.00022247 -0.00021592 0.99999995
0.99999943 0.00027435 -0.00103489 -0.00027443 0.99999996 -0.00008122 0.00103487 0.00008151 0.99999946
0.99999998 0.00020427 -0.00005580 -0.00020427 0.99999998 -0.00000145 0.00005580 0.00000146 1.00000000
0.99999925 0.00104240 0.00063692 -0.00104213 0.99999936 -0.00043248 -0.00063737 0.00043181 0.99999970
0.19035700 -0.97710034 -0.09507436 -0.97709976 -0.19795110 0.07804751 -0.09508032 0.07804024 -0.99240589
0.99999997 -0.00016228 -0.00018939 0.00016230 0.99999998 0.00011230 0.00018937 -0.00011233 0.99999998
0.99999998 -0.00001062 -0.00020268 0.00001064 1.00000000 0.00005870 0.00020268 -0.00005871 0.99999998
0.99999958 -0.00030564 -0.00086355 0.00030598 0.99999988 0.00039513 0.00086343 -0.00039539 0.99999955
1.00000000 0.00006461 -0.00002299 -0.00006461 1.00000000 0.00005666 0.00002299 -0.00005666 1.00000000
