1.00000000 0.00000000 0.00000000 0.00000000 1.00000000 0.00000000 0.00000000 0.00000000 1.00000000
0.99999932 0.00087492 0.00077590 -0.00087488 0.99999962 -0.00004773 -0.00077594 0.00004705 0.99999970
0.99999955 0.00038724 0.00086738 -0.00038641 0.99999946 -0.00096123 -0.00086775 0.00096090 0.99999916
0.99999945 0.00048974 0.00092584 -0.00048916 0.99999968 -0.00062790 -0.00092615 0.00062744 0.99999937
0.99999953 0.00015061 0.00095886 -0.00015044 0.99999997 -0.00017528 -0.00095889 0.00017514 0.99999952
0.99999945 0.00039813 0.00097032 -0.00039724 0.99999950 -0.00091517 -0.00097068 0.00091479 0.99999911
0.99999919 0.00088628 0.00091101 -0.00088570 0.99999941 -0.00063093 -0.00091157 0.00063012 0.99999939
0.99999928 0.00101190 0.00064990 -0.00101172 0.99999945 -0.00027744 -0.00065018 0.00027678 0.99999975
0.99999908 0.00120381 0.00062857 -0.00120364 0.99999924 -0.00027616 -0.00062890 0.00027540 0.99999976
0.99999971 0.00045791 0.00061448 -0.00045751 0.99999968 -0.00064892 -0.00061478 0.00064864 0.99999960
0.99999978 0.00042734 0.00050891 -0.00042712 0.99999982 -0.00042050 -0.00050909 0.00042028 0.99999978
0.99999933 0.00086924 0.00075972 -0.00086917 0.99999962 -0.00009149 -0.00075980 0.00009083 0.99999971
0.99999985 0.00055448 -0.00002755 -0.00055450 0.99999965 -0.00062173 0.00002720 0.00062175 0.99999981
0.99999980 0.00047114 0.00041243 -0.00047071 0.99999935 -0.00104155 -0.00041292 0.00104136 0.99999937
0.99999945 0.00081312 0.00065809 -0.00081285 0.99999958 -0.00041854 -0.00065843 0.00041800 0.99999970
0.99999945 0.00104448 0.00011634 -0.00104446 0.99999944 -0.00015245 -0.00011650 0.00015232 0.99999998
0.99999956 0.00093356 0.00012546 -0.00093351 0.99999949 -0.00039358 -0.00012583 0.00039346 0.99999991
0.99999975 0.00068887 0.00014338 -0.00068882 0.99999969 -0.00039246 -0.00014365 0.00039236 0.99999991
0.99999990 0.00036076 0.00027407 -0.00036063 0.99999982 -0.00048250 -0.00027424 0.00048240 0.99999985
0.99999992 0.00030975 0.00025105 -0.00030963 0.99999984 -0.00047699 -0.00025120 0.00047691 0.99999985
0.99999972 0.00073408 0.00014819 -0.00073402 0.99999965 -0.00041073 -0.00014849 0.00041062 0.99999990
0.99999986 0.00041241 0.00032399 -0.00041225 0.99999979 -0.00049380 -0.00032420 0.00049367 0.99999983
0.99999979 0.00050555 0.00040343 -0.00050538 0.99999979 -0.00041197 -0.00040364 0.00041176 0.99999983
0.99999929 0.00057488 0.00104845 -0.00057459 0.99999979 -0.00028358 -0.00104861 0.00028298 0.99999941
0.99999900 0.00089593 0.00109365 -0.00089591 0.99999960 -0.00001810 -0.00109367 0.00001712 0.99999940
0.99999939 0.00108451 0.00022627 -0.00108441 0.99999932 -0.00043959 -0.00022675 0.00043934 0.99999988
0.99999964 0.00079539 0.00028145 -0.00079524 0.99999954 -0.00053258 -0.00028187 0.00053236 0.99999982
0.99999968 0.00067631 0.00042436 -0.00067637 0.99999976 0.00014712 -0.00042426 -0.00014740 0.99999990
0.99999982 0.00031471 0.00051986 -0.00031463 0.99999994 -0.00014452 -0.00051991 0.00014435 0.99999985
0.99999977 0.00045168 0.00051239 -0.00045136 0.99999970 -0.00062421 -0.00051267 0.00062398 0.99999967
0.99999890 0.00049310 0.00139838 -0.00049216 0.99999966 -0.00066911 -0.00139871 0.00066842 0.99999880
0.99999963 0.00076935 0.00038501 -0.00076933 0.99999970 -0.00004112 -0.00038504 0.00004083 0.99999993
0.99999953 0.00083299 0.00048642 -0.00083277 0.99999955 -0.00045332 -0.00048679 0.00045292 0.99999978
0.99999939 0.00100871 0.00044059 -0.00100814 0.99999864 -0.00130692 -0.00044191 0.00130647 0.99999905
0.99999928 0.00057356 0.00105321 -0.00057196 0.99999869 -0.00151745 -0.00105407 0.00151685 0.99999829
0.99999951 0.00043389 0.00089195 -0.00043297 0.99999938 -0.00102985 -0.00089239 0.00102946 0.99999907
0.99999952 0.00071902 0.00065981 -0.00071852 0.99999944 -0.00077061 -0.00066036 0.00077014 0.99999949
0.99999947 0.00071193 0.00074232 -0.00071128 0.99999936 -0.00088091 -0.00074294 0.00088038 0.99999934
0.99999961 0.00071584 0.00052464 -0.00071529 0.99999919 -0.00104893 -0.00052539 0.00104856 0.99999931
0.99999980 0.00043083 0.00045921 -0.00043036 0.99999940 -0.00100631 -0.00045964 0.00100611 0.99999939
0.99999990 0.00041885 0.00014204 -0.00041872 0.99999953 -0.00087580 -0.00014240 0.00087574 0.99999961
0.99999966 0.00081186 0.00016639 -0.00081172 0.99999934 -0.00080712 -0.00016704 0.00080698 0.99999966
0.99999932 0.00114947 0.00018998 -0.00114932 0.99999903 -0.00079261 -0.00019090 0.00079240 0.99999967
0.99999950 0.00099607 0.00011339 -0.00099596 0.99999899 -0.00101565 -0.00011440 0.00101554 0.99999948
0.99999986 0.00044732 0.00028265 -0.00044697 0.99999915 -0.00122093 -0.00028319 0.00122080 0.99999921
0.99999974 0.00060163 0.00039061 -0.00060123 0.99999931 -0.00100910 -0.00039121 0.00100887 0.99999941
0.99999936 0.00112722 -0.00000457 -0.00112722 0.99999920 -0.00056903 0.00000393 0.00056903 0.99999984
0.99999981 0.00048182 0.00039326 -0.00048159 0.99999970 -0.00060017 -0.00039355 0.00059998 0.99999974
0.99999946 0.00064403 0.00082060 -0.00064341 0.99999951 -0.00075723 -0.00082109 0.00075670 0.99999938
0.99999913 0.00073169 0.00109690 -0.00073094 0.99999950 -0.00068629 -0.00109740 0.00068549 0.99999916
0.99999876 0.00110621 0.00111659 -0.00110551 0.99999919 -0.00062723 -0.00111728 0.00062599 0.99999918
0.99999953 0.00033470 0.00090472 -0.00033402 0.99999966 -0.00074749 -0.00090497 0.00074718 0.99999931
0.99999915 0.00043418 0.00123192 -0.00043333 0.99999967 -0.00068852 -0.00123222 0.00068798 0.99999900
0.99999884 0.00038915 0.00146985 -0.00038760 0.99999937 -0.00105588 -0.00147026 0.00105531 0.99999836
0.99999912 0.00081508 0.00104607 -0.00081463 0.99999957 -0.00043198 -0.00104642 0.00043112 0.99999936
0.99999885 0.00120202 0.00092999 -0.00120130 0.99999898 -0.00077326 -0.00093092 0.00077214 0.99999927
0.99999881 0.00076504 0.00133784 -0.00076391 0.99999935 -0.00084416 -0.00133849 0.00084313 0.99999875
0.99999769 0.00158537 0.00145398 -0.00158565 0.99999872 0.00019623 -0.00145366 -0.00019854 0.99999892
0.99999840 0.00118751 0.00133997 -0.00118784 0.99999926 0.00024495 -0.00133968 -0.00024654 0.99999907
0.99999951 0.00055414 0.00082337 -0.00055429 0.99999983 0.00017179 -0.00082328 -0.00017225 0.99999965
0.99999908 0.00094424 0.00097521 -0.00094396 0.99999951 -0.00028459 -0.00097548 0.00028367 0.99999948
0.99999916 0.00075508 0.00105052 -0.00075454 0.99999959 -0.00050916 -0.00105090 0.00050836 0.99999932
0.99999871 0.00127112 0.00097726 -0.00127199 0.99999880 0.00088529 -0.00097614 -0.00088653 0.99999913
0.99999915 0.00006737 0.00130273 -0.00006967 0.99999844 0.00176770 -0.00130261 -0.00176779 0.99999759
0.99999950 0.00047628 0.00087388 -0.00047767 0.99999861 0.00159942 -0.00087312 -0.00159984 0.99999834
0.99999963 0.00060472 0.00061634 -0.00060555 0.99999891 0.00134931 -0.00061553 -0.00134968 0.99999890
0.99999940 0.00080657 0.00074322 -0.00080696 0.99999953 0.00053091 -0.00074279 -0.00053151 0.99999958
0.99999932 0.00058928 0.00100265 -0.00058885 0.99999973 -0.00043063 -0.00100290 0.00043004 0.99999940
0.99999966 0.00065013 0.00050690 -0.00064995 0.99999973 -0.00035378 -0.00050713 0.00035345 0.99999981
0.99999970 0.00072621 0.00027894 -0.00072614 0.99999970 -0.00026657 -0.00027913 0.00026637 0.99999993
0.99999946 0.00078298 0.00068353 -0.00078273 0.99999963 -0.00036746 -0.00068382 0.00036692 0.99999970
0.99999895 0.00115001 0.00088311 -0.00114987 0.99999933 -0.00015944 -0.00088329 0.00015842 0.99999960
0.99999931 0.00095753 0.00067942 -0.00095745 0.99999953 -0.00012666 -0.00067954 0.00012601 0.99999976
0.99999996 0.00027707 0.00000619 -0.00027706 0.99999970 -0.00073017 -0.00000639 0.00073016 0.99999973
0.99999920 0.00065092 0.00108678 -0.00065055 0.99999973 -0.00033575 -0.00108700 0.00033505 0.99999935
0.99999900 0.00131822 0.00051232 -0.00131814 0.99999912 -0.00016144 -0.00051254 0.00016076 0.99999986
0.99999942 0.00079677 0.00072791 -0.00079645 0.99999959 -0.00043823 -0.00072826 0.00043765 0.99999964
0.99999911 0.00093366 0.00094947 -0.00093279 0.99999915 -0.00091474 -0.00095033 0.00091385 0.99999913
0.99999932 0.00090249 0.00073934 -0.00090235 0.99999958 -0.00018486 -0.00073951 0.00018420 0.99999971
0.99999976 0.00069545 -0.00000157 -0.00069545 0.99999976 -0.00004209 0.00000154 0.00004209 1.00000000
0.99999975 0.00030842 0.00063129 -0.00030749 0.99999887 -0.00147306 -0.00063175 0.00147287 0.99999872
0.99999929 0.00089446 0.00079336 -0.00089356 0.99999896 -0.00113579 -0.00079438 0.00113508 0.99999904
0.99999959 0.00078053 0.00046150 -0.00078010 0.99999926 -0.00093645 -0.00046223 0.00093609 0.99999946
0.99999964 0.00033326 0.00078003 -0.00033240 0.99999934 -0.00109581 -0.00078040 0.00109555 0.99999910
0.99999789 0.00160364 0.00128063 -0.00160279 0.99999850 -0.00066367 -0.00128170 0.00066162 0.99999896
0.99999938 0.00102000 0.00045244 -0.00101992 0.99999946 -0.00018302 -0.00045263 0.00018256 0.99999988
0.99999847 0.00113812 0.00132491 -0.00113785 0.99999933 -0.00019928 -0.00132514 0.00019778 0.99999910
0.99999860 0.00015368 0.00166477 -0.00015222 0.99999961 -0.00087520 -0.00166491 0.00087495 0.99999823
0.99999945 0.00091569 0.00052040 -0.00091537 0.99999940 -0.00060796 -0.00052096 0.00060749 0.99999968
0.99999965 0.00044423 0.00070996 -0.00044390 0.99999979 -0.00047215 -0.00071017 0.00047184 0.99999964
0.99999921 0.00085709 0.00092165 -0.00085694 0.99999962 -0.00016327 -0.00092179 0.00016248 0.99999956
0.99999931 0.00070568 0.00093611 -0.00070552 0.99999973 -0.00017967 -0.00093624 0.00017901 0.99999955
0.99999905 0.00117893 0.00071576 -0.00117910 0.99999928 0.00023873 -0.00071548 -0.00023957 0.99999972
0.99999923 0.00092973 0.00082356 -0.00092986 0.99999956 0.00015196 -0.00082341 -0.00015273 0.99999965
0.99999921 0.00034778 0.00120790 -0.00034728 0.99999985 -0.00041622 -0.00120805 0.00041580 0.99999918
0.99999930 0.00052899 0.00106124 -0.00052879 0.99999984 -0.00018827 -0.00106134 0.00018771 0.99999942
0.99999954 0.00067014 0.00068685 -0.00066966 0.99999954 -0.00068634 -0.00068731 0.00068588 0.99999953
0.99999912 0.00084989 0.00102093 -0.00084906 0.99999931 -0.00081388 -0.00102162 0.00081301 0.99999915
0.99999914 0.00079903 0.00104389 -0.00079890 0.99999967 -0.00012165 -0.00104399 0.00012082 0.99999945
0.99999943 0.00089105 0.00058759 -0.00089101 0.99999960 -0.00008123 -0.00058766 0.00008070 0.99999982
0.99999947 0.00051355 0.00089427 -0.00051337 0.99999985 -0.00019762 -0.00089438 0.00019716 0.99999958
0.99999945 -0.00014341 0.00103741 0.00014368 0.99999996 -0.00025995 -0.00103737 0.00026010 0.99999943
0.99999949 0.00067146 0.00075525 -0.00067140 0.99999977 -0.00007331 -0.00075530 0.00007281 0.99999971
0.99999953 0.00084891 0.00046187 -0.00084891 0.99999964 -0.00000292 -0.00046187 0.00000253 0.99999989
0.99999946 0.00078108 0.00068040 -0.00078057 0.99999941 -0.00075210 -0.00068099 0.00075157 0.99999949
0.99999973 0.00007486 0.00073052 -0.00007436 0.99999977 -0.00067728 -0.00073057 0.00067723 0.99999950
0.99999969 0.00015854 0.00077251 -0.00015871 0.99999996 0.00021686 -0.00077248 -0.00021698 0.99999968
0.99999969 0.00073782 0.00029057 -0.00073787 0.99999971 0.00017570 -0.00029044 -0.00017592 0.99999994
0.99999974 0.00060355 0.00038449 -0.00060332 0.99999964 -0.00059278 -0.00038485 0.00059255 0.99999975
0.99999970 0.00003390 0.00077128 -0.00003347 0.99999984 -0.00056777 -0.00077130 0.00056774 0.99999954
0.99999964 0.00060964 0.00059386 -0.00060945 0.99999977 -0.00030577 -0.00059405 0.00030541 0.99999978
0.99999910 0.00115969 0.00067064 -0.00115973 0.99999933 0.00006022 -0.00067056 -0.00006099 0.99999977
0.99999927 0.00080674 0.00090198 -0.00080663 0.99999967 -0.00011291 -0.00090207 0.00011219 0.99999959
0.99999938 0.00054703 0.00096696 -0.00054642 0.99999965 -0.00063110 -0.00096731 0.00063057 0.99999933
0.99999941 0.00085040 0.00067983 -0.00085021 0.99999960 -0.00028916 -0.00068008 0.00028858 0.99999973
0.99999919 0.00111094 0.00062234 -0.00111091 0.99999938 -0.00004998 -0.00062239 0.00004929 0.99999981
0.99999949 0.00072615 0.00070507 -0.00072590 0.99999967 -0.00035197 -0.00070533 0.00035145 0.99999969
0.99999969 0.00046872 -0.00063378 -0.00046907 0.99999974 -0.00054362 0.00063352 0.00054391 0.99999965
0.99999929 0.00067226 0.00097974 -0.00067211 0.99999976 -0.00015510 -0.00097985 0.00015444 0.99999951
0.99999917 0.00094832 0.00087511 -0.00094795 0.99999946 -0.00042074 -0.00087551 0.00041991 0.99999953
0.99999942 0.00077918 -0.00074555 -0.00077923 0.99999969 -0.00006866 0.00074550 0.00006924 0.99999972
0.99999956 0.00076438 0.00053524 -0.00076428 0.99999969 -0.00017542 -0.00053537 0.00017501 0.99999984
0.99999894 0.00128101 0.00069861 -0.00128126 0.99999912 0.00034827 -0.00069816 -0.00034916 0.99999970
0.99999856 0.00164072 0.00044380 -0.00164092 0.99999855 0.00044961 -0.00044306 -0.00045033 0.99999980
0.99999896 0.00140731 0.00032809 -0.00140718 0.99999893 -0.00040359 -0.00032866 0.00040313 0.99999986
0.99999798 0.00171667 0.00104847 -0.00171626 0.99999845 -0.00039126 -0.00104914 0.00038946 0.99999937
0.99999704 0.00158916 0.00184279 -0.00159055 0.99999845 0.00075531 -0.00184159 -0.00075824 0.99999802
0.99999767 0.00135423 0.00168253 -0.00135444 0.99999907 0.00012565 -0.00168235 -0.00012793 0.99999858
0.99999772 0.00160171 0.00140882 -0.00160102 0.99999860 -0.00049086 -0.00140961 0.00048860 0.99999889
0.99999733 0.00140456 0.00183334 -0.00140362 0.99999888 -0.00051125 -0.00183406 0.00050868 0.99999819
0.99999883 0.00089159 0.00124052 -0.00089120 0.99999955 -0.00031781 -0.00124081 0.00031671 0.99999918
0.99999707 0.00050820 0.00236886 -0.00050775 0.99999985 -0.00019093 -0.00236896 0.00018972 0.99999718
0.99999804 0.00070472 0.00185284 -0.00070529 0.99999970 0.00030521 -0.00185262 -0.00030651 0.99999824
0.99999802 0.00112088 0.00164685 -0.00112077 0.99999937 -0.00006877 -0.00164693 0.00006692 0.99999864
0.99999800 0.00106322 0.00169133 -0.00106340 0.99999943 0.00011078 -0.00169121 -0.00011258 0.99999856
0.99999867 0.00075535 0.00144503 -0.00075499 0.99999968 -0.00024573 -0.00144521 0.00024464 0.99999893
0.99999752 0.00178492 0.00133006 -0.00178448 0.99999835 -0.00033820 -0.00133066 0.00033583 0.99999906
0.99999856 0.00093852 0.00141167 -0.00093798 0.99999949 -0.00038283 -0.00141203 0.00038151 0.99999893
0.99999975 0.00054644 0.00044354 -0.00054639 0.99999984 -0.00010933 -0.00044360 0.00010909 0.99999990
0.99999947 0.00072199 0.00073601 -0.00072177 0.99999970 -0.00029730 -0.00073622 0.00029677 0.99999968
0.99999956 0.00039978 0.00085103 -0.00039909 0.99999959 -0.00081150 -0.00085136 0.00081116 0.99999931
0.99999906 0.00104748 0.00088625 -0.00104696 0.99999928 -0.00058560 -0.00088686 0.00058467 0.99999944
0.99999837 0.00116195 0.00137864 -0.00116145 0.99999926 -0.00036290 -0.00137906 0.00036130 0.99999898
0.99999716 0.00159107 0.00177494 -0.00159276 0.99999828 0.00094831 -0.00177343 -0.00095113 0.99999798
0.99999966 0.00048032 0.00067438 -0.00047991 0.99999970 -0.00060164 -0.00067467 0.00060131 0.99999959
0.99999935 0.00065694 0.00093666 -0.00065615 0.99999943 -0.00083820 -0.00093721 0.00083758 0.99999921
0.99999898 0.00095184 0.00106787 -0.00095115 0.99999934 -0.00064925 -0.00106849 0.00064823 0.99999922
0.99999317 0.00230811 0.00288822 -0.00230880 0.99999731 0.00023558 -0.00288767 -0.00024224 0.99999580
0.99999424 0.00183880 0.00285113 -0.00183731 0.99999818 -0.00052323 -0.00285208 0.00051799 0.99999580
0.99999721 0.00131325 0.00196105 -0.00131231 0.99999902 -0.00048376 -0.00196168 0.00048119 0.99999796
0.99999750 0.00077716 0.00209500 -0.00077591 0.99999952 -0.00060047 -0.00209547 0.00059885 0.99999763
0.99999919 0.00027946 0.00124228 -0.00027880 0.99999982 -0.00053129 -0.00124243 0.00053095 0.99999909
0.99999970 0.00058293 0.00051435 -0.00058281 0.99999980 -0.00022799 -0.00051448 0.00022769 0.99999984
0.99999478 0.00220017 0.00236537 -0.00220004 0.99999758 -0.00005977 -0.00236549 0.00005457 0.99999720
0.99999923 0.00092502 0.00082941 -0.00092375 0.99999840 -0.00152954 -0.00083082 0.00152877 0.99999849
0.99999953 0.00044138 0.00086789 -0.00044004 0.99999870 -0.00154846 -0.00086858 0.00154808 0.99999842
0.99999456 0.00066307 0.00323264 -0.00065717 0.99999812 -0.00182434 -0.00323384 0.00182220 0.99999311
0.99999671 0.00102428 0.00235245 -0.00102341 0.99999941 -0.00036983 -0.00235283 0.00036742 0.99999716
0.99999448 0.00190916 0.00271886 -0.00191134 0.99999785 0.00079916 -0.00271732 -0.00080435 0.99999598
0.99999261 0.00178361 0.00340506 -0.00178632 0.99999809 0.00079272 -0.00340364 -0.00079880 0.99999389
0.99999073 0.00120823 0.00413181 -0.00120768 0.99999926 -0.00013617 -0.00413197 0.00013118 0.99999145
0.99998646 0.00039343 0.00518838 -0.00039275 0.99999991 -0.00013284 -0.00518844 0.00013080 0.99998653
0.99998413 -0.00063678 0.00559832 0.00063130 0.99999932 0.00097958 -0.00559894 -0.00097603 0.99998385
0.99998544 -0.00012617 0.00539481 0.00012483 0.99999996 0.00024801 -0.00539484 -0.00024734 0.99998542
0.99998182 0.00118264 0.00591358 -0.00117934 0.99999915 -0.00056245 -0.00591424 0.00055547 0.99998236
0.99997934 0.00163279 0.00621798 -0.00162220 0.99999723 -0.00170783 -0.00622075 0.00169771 0.99997921
0.99998403 0.00071113 0.00560602 -0.00069894 0.99999739 -0.00217693 -0.00560755 0.00217298 0.99998192
0.99998470 0.00086688 0.00546405 -0.00086415 0.99999950 -0.00050277 -0.00546449 0.00049805 0.99998495
0.99998277 -0.00055005 0.00584460 0.00054413 0.99999934 0.00101313 -0.00584515 -0.00100993 0.99998241
0.99998498 0.00000681 0.00548041 -0.00000663 1.00000000 -0.00003323 -0.00548041 0.00003319 0.99998498
0.99998357 0.00078465 0.00567838 -0.00078135 0.99999952 -0.00058310 -0.00567883 0.00057865 0.99998371
0.99998554 0.00056469 0.00534861 -0.00056157 0.99999967 -0.00058440 -0.00534894 0.00058138 0.99998553
0.99998375 -0.00058403 0.00567134 0.00058924 0.99999941 -0.00091653 -0.00567080 0.00091986 0.99998350
0.99998297 -0.00012105 0.00583454 0.00012284 0.99999995 -0.00030727 -0.00583450 0.00030798 0.99998293
0.99998571 0.00077696 0.00528870 -0.00077341 0.99999947 -0.00067299 -0.00528922 0.00066889 0.99998579
0.99998495 -0.00016042 0.00548458 0.00016832 0.99999895 -0.00143951 -0.00548435 0.00144041 0.99998392
0.99998549 -0.00028907 0.00537876 0.00029097 0.99999990 -0.00035100 -0.00537866 0.00035256 0.99998547
0.99998922 0.00000285 0.00464242 -0.00000163 0.99999997 -0.00026294 -0.00464242 0.00026293 0.99998919
0.99998830 -0.00093216 0.00474569 0.00093606 0.99999923 -0.00081915 -0.00474492 0.00082358 0.99998840
0.99998536 -0.00013390 0.00541030 0.00013959 0.99999944 -0.00105145 -0.00541015 0.00105219 0.99998481
0.99998673 0.00020332 0.00514857 -0.00020173 0.99999993 -0.00030906 -0.00514863 0.00030802 0.99998670
0.99999029 -0.00070929 0.00434968 0.00071219 0.99999953 -0.00066348 -0.00434921 0.00066657 0.99999032
0.99999192 -0.00082270 0.00393490 0.00082415 0.99999959 -0.00036586 -0.00393460 0.00036910 0.99999219
0.99999792 -0.00001394 0.00203777 0.00001353 0.99999998 0.00020053 -0.00203777 -0.00020051 0.99999790
0.99999902 -0.00112282 0.00084113 0.00112359 0.99999895 -0.00091611 -0.00084010 0.00091705 0.99999923
0.99999934 0.00066498 0.00093167 -0.00066414 0.99999938 -0.00089492 -0.00093227 0.00089430 0.99999917
0.99999958 0.00016386 -0.00090587 -0.00016594 0.99999735 -0.00229653 0.00090549 0.00229668 0.99999695
0.99999966 0.00040238 -0.00071359 -0.00040308 0.99999945 -0.00097288 0.00071320 0.00097317 0.99999927
0.99999884 -0.00014756 -0.00151427 0.00014506 0.99999862 -0.00165747 0.00151451 0.00165724 0.99999748
0.99999811 -0.00041773 -0.00190047 0.00041605 0.99999952 -0.00088426 0.00190084 0.00088346 0.99999780
0.99999889 -0.00038567 -0.00144024 0.00038559 0.99999992 -0.00006161 0.00144027 0.00006105 0.99999896
0.99999721 0.00060462 -0.00228346 -0.00060473 0.99999982 -0.00004504 0.00228343 0.00004642 0.99999739
0.99999454 -0.00018046 -0.00330076 0.00017845 0.99999980 -0.00060899 0.00330087 0.00060840 0.99999437
0.99998853 0.00052354 -0.00476023 -0.00052282 0.99999985 0.00015402 0.00476031 -0.00015153 0.99998866
0.99998927 -0.00020174 -0.00462760 0.00020603 0.99999955 0.00092737 0.00462741 -0.00092831 0.99998886
0.99998859 -0.00069491 -0.00472574 0.00069803 0.99999954 0.00065878 0.00472528 -0.00066207 0.99998862
0.99998826 0.00046216 -0.00482452 -0.00046002 0.99999980 0.00044487 0.00482473 -0.00044265 0.99998826
0.99997996 -0.00083210 -0.00627651 0.00083395 0.99999961 0.00029256 0.00627626 -0.00029779 0.99998026
0.99998521 0.00035756 -0.00542646 -0.00035874 0.99999991 -0.00021678 0.00542638 0.00021873 0.99998525
0.99998520 0.00074268 -0.00538966 -0.00074504 0.99999963 -0.00043686 0.00538933 0.00044087 0.99998538
0.99998495 0.00086901 -0.00541720 -0.00087161 0.99999951 -0.00047884 0.00541678 0.00048356 0.99998521
0.99998213 0.00114572 -0.00586661 -0.00114853 0.99999923 -0.00047431 0.00586606 0.00048104 0.99998268
0.99998496 0.00000875 -0.00548533 -0.00001062 0.99999994 -0.00034204 0.00548533 0.00034210 0.99998490
0.99998339 -0.00007681 -0.00576324 0.00007494 0.99999994 -0.00032523 0.00576326 0.00032479 0.99998334
0.99996394 -0.00168534 -0.00832393 0.00168830 0.99999851 0.00034817 0.00832333 -0.00036221 0.99996529
0.99995984 0.00015558 -0.00896050 -0.00015252 0.99999993 0.00034222 0.00896055 -0.00034084 0.99995980
0.99998331 0.00092900 -0.00570182 -0.00092852 0.99999957 0.00008678 0.00570190 -0.00008149 0.99998374
0.99996999 -0.00048081 -0.00773197 0.00048372 0.99999981 0.00037337 0.00773179 -0.00037710 0.99997004
0.99998332 -0.00025427 -0.00576985 0.00025531 0.99999995 0.00017899 0.00576981 -0.00018046 0.99998334
0.99997493 0.00050849 -0.00706215 -0.00050979 0.99999985 -0.00018229 0.00706206 0.00018588 0.99997505
0.99998925 0.00082067 -0.00456328 -0.00082065 0.99999966 0.00000768 0.00456328 -0.00000393 0.99998959
0.99998784 0.00006619 -0.00493071 -0.00006463 0.99999995 0.00031776 0.00493073 -0.00031744 0.99998779
0.99998831 -0.00072743 -0.00478101 0.00072743 0.99999974 -0.00000178 0.00478101 -0.00000170 0.99998857
0.99999179 -0.00026954 -0.00404359 0.00027171 0.99999982 0.00053695 0.00404345 -0.00053805 0.99999168
0.99998807 -0.00187262 -0.00451169 0.00186861 0.99999786 -0.00089181 0.00451335 0.00088337 0.99998942
0.99998861 -0.00182229 -0.00441220 0.00181411 0.99999663 -0.00185725 0.00441557 0.00184922 0.99998854
0.99999072 -0.00203692 -0.00379610 0.00202555 0.99999346 -0.00299607 0.00380218 0.00298835 0.99998831
0.99999948 0.00013357 -0.00101079 -0.00013444 0.99999963 -0.00085488 0.00101068 0.00085502 0.99999912
0.99999836 0.00107187 0.00145951 -0.00107112 0.99999930 -0.00051013 -0.00146005 0.00050857 0.99999880
0.99998913 0.00139335 0.00444982 -0.00138382 0.99999675 -0.00214344 -0.00445280 0.00213725 0.99998780
0.99997301 -0.00025533 -0.00734279 0.00026872 0.99999830 0.00182284 0.00734231 -0.00182476 0.99997138
0.99998889 0.00093008 0.00462005 -0.00092096 0.99999762 -0.00197571 -0.00462188 0.00197144 0.99998738
0.99999964 0.00081841 0.00021705 -0.00081842 0.99999966 0.00006602 -0.00021700 -0.00006620 0.99999997
0.99999661 0.00145164 0.00216124 -0.00144964 0.99999852 -0.00092522 -0.00216258 0.00092209 0.99999724
0.99999295 0.00275455 0.00255339 -0.00275273 0.99999596 -0.00071486 -0.00255535 0.00070782 0.99999648
0.99999468 0.00218759 0.00242134 -0.00218472 0.99999691 -0.00118635 -0.00242393 0.00118105 0.99999636
0.99999606 0.00229293 0.00162010 -0.00229131 0.99999687 -0.00100200 -0.00162239 0.00099829 0.99999819
0.99999836 0.00110783 0.00143008 -0.00110708 0.99999925 -0.00051992 -0.00143066 0.00051834 0.99999884
0.99999966 -0.00082209 0.00006203 0.00082210 0.99999966 -0.00010208 -0.00006194 0.00010213 0.99999999
0.99999065 -0.00422869 0.00090247 0.00422901 0.99999100 -0.00035079 -0.00090098 0.00035460 0.99999953
0.99999649 -0.00077502 -0.00253180 0.00077446 0.99999968 -0.00022302 0.00253197 0.00022106 0.99999677
0.99999817 0.00180131 -0.00064401 -0.00180049 0.99999757 0.00127029 0.00064630 -0.00126913 0.99999899
0.99999466 -0.00095972 -0.00312308 0.00095645 0.99999899 -0.00104907 0.00312408 0.00104608 0.99999457
0.99999255 -0.00366213 -0.00121804 0.00366220 0.99999329 0.00005641 0.00121783 -0.00006087 0.99999926
0.99999269 0.00040844 -0.00380291 -0.00040827 0.99999992 0.00004491 0.00380293 -0.00004336 0.99999277
0.99999886 0.00073482 -0.00132219 -0.00073443 0.99999969 0.00029786 0.00132241 -0.00029688 0.99999908
0.99999677 -0.00066754 -0.00245194 0.00066809 0.99999975 0.00022400 0.00245179 -0.00022563 0.99999697
0.99999780 0.00102549 -0.00182721 -0.00102491 0.99999942 0.00032269 0.00182754 -0.00032081 0.99999828
0.99999423 0.00278425 -0.00194448 -0.00277939 0.99999301 0.00249912 0.00195142 -0.00249371 0.99999499
0.99999572 0.00215572 -0.00197731 -0.00215246 0.99999632 0.00165059 0.00198086 -0.00164633 0.99999668
0.99999920 -0.00010274 -0.00126355 0.00010330 0.99999990 0.00044445 0.00126350 -0.00044458 0.99999910
0.99999967 0.00078431 0.00023292 -0.00078452 0.99999929 0.00089698 -0.00023221 -0.00089716 0.99999957
0.99999812 -0.00033694 -0.00190704 0.00033804 0.99999978 0.00057602 0.00190685 -0.00057666 0.99999802
0.99999687 -0.00100924 -0.00228892 0.00100803 0.99999935 -0.00053096 0.00228946 0.00052865 0.99999724
0.99999652 -0.00066370 -0.00255387 0.00066387 0.99999978 0.00006198 0.00255383 -0.00006367 0.99999674
0.99999982 -0.00023958 -0.00054730 0.00023964 0.99999997 0.00010496 0.00054728 -0.00010509 0.99999984
0.99999802 -0.00149971 -0.00131155 0.00150082 0.99999852 0.00084364 0.00131029 -0.00084560 0.99999878
0.99999989 -0.00047251 0.00003120 0.00047251 0.99999987 0.00017248 -0.00003128 -0.00017246 0.99999998
0.99999898 0.00088604 -0.00111989 -0.00088498 0.99999917 0.00094163 0.00112073 -0.00094064 0.99999893
0.99999844 -0.00123301 -0.00126670 0.00123436 0.99999867 0.00107001 0.00126538 -0.00107157 0.99999863
0.99999950 0.00074964 -0.00066101 -0.00074898 0.99999923 0.00099171 0.00066175 -0.00099121 0.99999929
0.99999883 0.00139511 -0.00062556 -0.00139449 0.99999854 0.00099167 0.00062694 -0.00099079 0.99999931
0.99999429 0.00337661 0.00013544 -0.00337676 0.99999368 0.00111166 -0.00013169 -0.00111211 0.99999937
0.99999974 0.00023947 0.00068730 -0.00023976 0.99999988 0.00042460 -0.00068720 -0.00042476 0.99999967
0.99999629 0.00266124 0.00057967 -0.00266099 0.99999636 -0.00044070 -0.00058084 0.00043916 0.99999973
0.99999805 0.00190518 0.00051637 -0.00190497 0.99999810 -0.00042245 -0.00051717 0.00042147 0.99999978
0.99999872 0.00155727 0.00036868 -0.00155693 0.99999835 -0.00093168 -0.00037013 0.00093110 0.99999950
0.99999968 0.00039631 0.00068980 -0.00039611 0.99999988 -0.00029079 -0.00068992 0.00029051 0.99999972
0.99999868 0.00162232 0.00012054 -0.00162225 0.99999851 -0.00059352 -0.00012150 0.00059332 0.99999982
0.99999933 0.00011205 0.00115299 -0.00011389 0.99999871 0.00160298 -0.00115281 -0.00160311 0.99999805
0.99999935 -0.00114179 0.00000286 0.00114178 0.99999904 0.00078097 -0.00000376 -0.00078097 0.99999970
0.99996746 0.00781466 0.00200353 -0.00781330 0.99996924 -0.00068585 -0.00200883 0.00067017 0.99999776
0.99999841 0.00168007 0.00059283 -0.00168022 0.99999856 0.00025252 -0.00059240 -0.00025352 0.99999979
0.99999904 -0.00001790 0.00138597 0.00001759 0.99999997 0.00022500 -0.00138597 -0.00022498 0.99999901
0.99999677 0.00157889 0.00199139 -0.00157622 0.99999786 -0.00134090 -0.00199351 0.00133775 0.99999712
0.99999615 -0.00195119 0.00197121 0.00195315 0.99999760 -0.00099036 -0.00196927 0.00099421 0.99999757
0.99997183 -0.00121332 0.00740685 0.00122927 0.99999694 -0.00214885 -0.00740422 0.00215789 0.99997026
0.99999889 -0.00063020 0.00135211 0.00063130 0.99999947 -0.00081387 -0.00135159 0.00081473 0.99999875
0.99999993 0.00023297 -0.00030747 -0.00023266 0.99999949 0.00098682 0.00030769 -0.00098675 0.99999947
0.99999984 -0.00046839 -0.00031914 0.00046870 0.99999943 0.00095866 0.00031869 -0.00095881 0.99999949
0.99999917 0.00129018 0.00004023 -0.00129020 0.99999904 0.00051197 -0.00003957 -0.00051202 0.99999987
0.99999957 0.00091813 -0.00015993 -0.00091813 0.99999958 0.00000226 0.00015993 -0.00000212 0.99999999
0.99999999 0.00008772 0.00013355 -0.00008781 0.99999980 0.00063425 -0.00013350 -0.00063426 0.99999979
0.99999942 0.00033754 0.00102715 -0.00033836 0.99999963 0.00079650 -0.00102688 -0.00079685 0.99999916
0.99999979 0.00031458 -0.00057435 -0.00031418 0.99999971 0.00069069 0.00057457 -0.00069051 0.99999960
0.99999922 0.00041634 0.00117530 -0.00041753 0.99999940 0.00101169 -0.00117488 -0.00101218 0.99999880
0.99999879 -0.00044104 0.00149211 0.00043992 0.99999962 0.00074829 -0.00149244 -0.00074763 0.99999861
0.99999871 0.00070372 0.00144174 -0.00070442 0.99999963 0.00048949 -0.00144140 -0.00049051 0.99999884
0.99999928 0.00006274 0.00119787 -0.00006202 0.99999981 -0.00060637 -0.00119791 0.00060629 0.99999910
0.99999941 -0.00027832 0.00105461 0.00027954 0.99999930 -0.00115375 -0.00105429 0.00115404 0.99999878
0.99999949 -0.00067974 0.00074033 0.00068109 0.99999810 -0.00182778 -0.00073908 0.00182828 0.99999806
0.99999761 0.00147498 0.00161691 -0.00147287 0.99999806 -0.00130882 -0.00161884 0.00130644 0.99999784
0.99999897 0.00011838 0.00143154 -0.00011605 0.99999868 -0.00162258 -0.00143173 0.00162242 0.99999766
0.99999914 -0.00129363 0.00021727 0.00129379 0.99999889 -0.00073545 -0.00021632 0.00073573 0.99999971
0.99999935 -0.00114003 -0.00008611 0.00114001 0.99999931 -0.00026972 0.00008641 0.00026962 0.99999996
0.99999891 -0.00036342 0.00143018 0.00036227 0.99999961 0.00080143 -0.00143047 -0.00080091 0.99999866
0.99999753 -0.00152187 0.00162020 0.00151998 0.99999817 0.00116562 -0.00162197 -0.00116316 0.99999801
0.99999783 0.00000621 0.00208110 -0.00000748 0.99999981 0.00060898 -0.00208109 -0.00060899 0.99999765
0.99999686 -0.00065540 0.00241934 0.00065482 0.99999976 0.00024073 -0.00241950 -0.00023915 0.99999704
0.99999515 -0.00227461 0.00212514 0.00227171 0.99999648 0.00136747 -0.00212824 -0.00136264 0.99999681
0.99999716 -0.00114581 0.00209063 0.00114539 0.99999932 0.00020399 -0.00209086 -0.00020160 0.99999779
0.99999451 -0.00116621 0.00310114 0.00116739 0.99999925 -0.00037986 -0.00310070 0.00038348 0.99999512
0.99999857 -0.00109223 0.00129207 0.00109290 0.99999927 -0.00052350 -0.00129150 0.00052491 0.99999903
0.99999896 -0.00037835 0.00139391 0.00037836 0.99999993 -0.00000697 -0.00139390 0.00000750 0.99999903
0.99999542 -0.00271433 0.00133723 0.00271317 0.99999594 0.00086894 -0.00133959 -0.00086531 0.99999873
0.99999906 0.00045874 0.00129337 -0.00045981 0.99999955 0.00082867 -0.00129299 -0.00082926 0.99999882
0.99999940 0.00108554 -0.00012080 -0.00108541 0.99999882 0.00108618 0.00012198 -0.00108605 0.99999940
0.99999994 -0.00034371 -0.00008065 0.00034372 0.99999994 0.00007313 0.00008062 -0.00007316 0.99999999
0.99999850 -0.00114766 -0.00129685 0.00114668 0.99999906 -0.00075576 0.00129772 0.00075427 0.99999887
0.99999987 -0.00028446 0.00042334 0.00028422 0.99999981 0.00054691 -0.00042349 -0.00054679 0.99999976
0.99999854 0.00063015 0.00158567 -0.00063347 0.99999760 0.00209649 -0.00158435 -0.00209749 0.99999655
0.99999989 -0.00045110 -0.00010630 0.00045116 0.99999972 0.00059698 0.00010603 -0.00059703 0.99999982
0.99999941 -0.00097138 0.00047745 0.00097113 0.99999939 0.00052940 -0.00047796 -0.00052894 0.99999975
0.99999993 -0.00035187 0.00013439 0.00035184 0.99999992 0.00019495 -0.00013446 -0.00019490 0.99999997
0.99999454 -0.00005216 0.00330464 0.00004646 0.99999851 0.00172492 -0.00330473 -0.00172475 0.99999305
0.99998941 0.00039955 0.00458407 -0.00040521 0.99999916 0.00123429 -0.00458357 -0.00123614 0.99998873
0.99999150 0.00081183 0.00404333 -0.00081885 0.99999816 0.00173508 -0.00404191 -0.00173838 0.99999032
0.99999826 0.00046129 0.00180727 -0.00046078 0.99999985 -0.00028194 -0.00180740 0.00028110 0.99999833
0.99999762 0.00012776 0.00217926 -0.00012323 0.99999783 -0.00207725 -0.00217952 0.00207698 0.99999547
0.99999891 0.00108788 0.00099955 -0.00108737 0.99999928 -0.00050969 -0.00100010 0.00050860 0.99999937
0.99999960 0.00021160 0.00087242 -0.00021159 0.99999998 -0.00001339 -0.00087243 0.00001321 0.99999962
0.99999983 -0.00056166 0.00014667 0.00056164 0.99999984 0.00009411 -0.00014672 -0.00009403 0.99999998
0.99999946 0.00051734 0.00090674 -0.00051739 0.99999986 0.00005905 -0.00090671 -0.00005952 0.99999959
0.99999989 0.00027062 0.00037259 -0.00027076 0.99999989 0.00037249 -0.00037249 -0.00037259 0.99999986
0.99999978 0.00013811 0.00064660 -0.00013898 0.99999907 0.00135776 -0.00064642 -0.00135784 0.99999887
0.99999997 -0.00024564 -0.00004720 0.00024566 0.99999991 0.00034709 0.00004711 -0.00034710 0.99999994
0.99999915 0.00063573 0.00114140 -0.00063637 0.99999964 0.00055978 -0.00114104 -0.00056051 0.99999919
0.99999986 0.00034073 0.00041417 -0.00034077 0.99999994 0.00009897 -0.00041414 -0.00009911 0.99999991
1.00000000 0.00004075 0.00000795 -0.00004075 0.99999999 -0.00010929 -0.00000795 0.00010929 0.99999999
0.99999908 -0.00132265 0.00031111 0.00132265 0.99999913 0.00001780 -0.00031113 -0.00001739 0.99999995
0.99999999 0.00004050 0.00012622 -0.00004048 0.99999999 -0.00013106 -0.00012623 0.00013106 0.99999998
0.99999989 0.00030293 0.00035946 -0.00030321 0.99999965 0.00077997 -0.00035923 -0.00078008 0.99999963
0.99999996 -0.00024070 -0.00014954 0.00024070 0.99999997 -0.00003346 0.00014955 0.00003343 0.99999999
0.99999983 -0.00054232 0.00021705 0.00054227 0.99999982 0.00023850 -0.00021718 -0.00023838 0.99999995
0.99999953 0.00090417 -0.00034489 -0.00090414 0.99999959 0.00010282 0.00034498 -0.00010251 0.99999994
0.99999954 -0.00096372 -0.00002025 0.00096372 0.99999953 -0.00003538 0.00002028 0.00003536 1.00000000
0.99999948 -0.00097666 0.00028762 0.00097650 0.99999937 0.00055501 -0.00028816 -0.00055473 0.99999980
0.99999968 -0.00075028 -0.00026196 0.00075028 0.99999972 0.00000042 0.00026196 -0.00000061 0.99999997
0.99999944 0.00058626 -0.00088070 -0.00058638 0.99999982 -0.00013555 0.00088062 0.00013607 0.99999960
0.99999981 -0.00058445 -0.00020949 0.00058442 0.99999982 -0.00012415 0.00020956 0.00012402 0.99999997
0.99999989 -0.00046466 0.00005197 0.00046465 0.99999987 0.00021860 -0.00005208 -0.00021857 0.99999997
0.99999912 0.00102054 -0.00085300 -0.00102102 0.99999932 -0.00055933 0.00085243 0.00056020 0.99999948
0.99999981 -0.00017006 -0.00058444 0.00016958 0.99999965 -0.00082269 0.00058458 0.00082260 0.99999949
0.99999997 0.00012553 -0.00020609 -0.00012554 0.99999999 -0.00004806 0.00020608 0.00004809 0.99999998
0.99999968 0.00045834 -0.00065199 -0.00045841 0.99999989 -0.00010276 0.00065194 0.00010306 0.99999978
0.99999956 0.00092991 -0.00011135 -0.00093001 0.99999915 -0.00091076 0.00011050 0.00091086 0.99999958
0.99999991 -0.00024822 -0.00033125 0.00024807 0.99999986 -0.00045846 0.00033137 0.00045838 0.99999984
0.99999917 -0.00050448 -0.00118285 0.00050471 0.99999985 0.00019544 0.00118275 -0.00019604 0.99999928
0.99999693 -0.00213063 -0.00126668 0.00212920 0.99999710 -0.00112718 0.00126908 0.00112448 0.99999856
0.99999984 -0.00002932 -0.00055647 0.00002891 0.99999973 -0.00072967 0.00055649 0.00072965 0.99999958
0.99999980 -0.00044482 -0.00043969 0.00044447 0.99999958 -0.00080046 0.00044005 0.00080026 0.99999958
0.99999955 0.00087084 -0.00038140 -0.00087107 0.99999944 -0.00059559 0.00038088 0.00059592 0.99999975
0.99999993 0.00025771 -0.00027169 -0.00025784 0.99999985 -0.00048765 0.00027156 0.00048772 0.99999984
0.99999999 -0.00013603 -0.00003494 0.00013604 0.99999999 0.00002697 0.00003494 -0.00002697 1.00000000
0.99999984 0.00053221 -0.00016708 -0.00053222 0.99999986 -0.00002726 0.00016706 0.00002735 0.99999999
0.99999957 0.00082019 -0.00044317 -0.00082043 0.99999952 -0.00054129 0.00044272 0.00054165 0.99999976
0.99999973 0.00006341 -0.00072582 -0.00006404 0.99999962 -0.00087160 0.00072577 0.00087165 0.99999936
0.99999949 -0.00009678 -0.00100763 0.00009603 0.99999972 -0.00074754 0.00100770 0.00074745 0.99999921
0.99999949 0.00035229 -0.00094511 -0.00035272 0.99999983 -0.00045524 0.00094495 0.00045557 0.99999945
0.99999947 0.00020182 -0.00101276 -0.00020249 0.99999976 -0.00066704 0.00101263 0.00066724 0.99999926
0.99999930 -0.00048528 -0.00107903 0.00048511 0.99999987 -0.00015498 0.00107910 0.00015445 0.99999941
0.99999925 0.00009075 -0.00121975 -0.00009096 0.99999998 -0.00017653 0.00121973 0.00017664 0.99999924
0.99999930 0.00085417 -0.00081469 -0.00085452 0.99999955 -0.00042207 0.00081433 0.00042277 0.99999958
0.99999954 -0.00032492 -0.00090633 0.00032397 0.99999940 -0.00104686 0.00090667 0.00104657 0.99999904
0.99999923 -0.00011416 -0.00123357 0.00011369 0.99999992 -0.00038810 0.00123362 0.00038796 0.99999916
0.99999837 0.00041199 -0.00175685 -0.00041303 0.99999974 -0.00059260 0.00175660 0.00059332 0.99999828
0.99999925 0.00096560 -0.00075824 -0.00096658 0.99999870 -0.00129176 0.00075699 0.00129249 0.99999888
0.99999938 0.00082569 -0.00074530 -0.00082602 0.99999956 -0.00044158 0.00074494 0.00044220 0.99999962
0.99999942 0.00079720 -0.00071887 -0.00079737 0.99999965 -0.00024738 0.00071868 0.00024795 0.99999971
0.99999987 0.00047538 -0.00020623 -0.00047555 0.99999952 -0.00085300 0.00020583 0.00085310 0.99999961
0.99999962 0.00079011 -0.00037757 -0.00079031 0.99999955 -0.00052315 0.00037716 0.00052345 0.99999979
0.99999907 0.00090114 -0.00102101 -0.00090166 0.99999946 -0.00051331 0.00102055 0.00051423 0.99999935
0.99999988 0.00043521 0.00024487 -0.00043505 0.99999970 -0.00064073 -0.00024514 0.00064063 0.99999976
0.99999959 0.00084313 0.00033353 -0.00084341 0.99999929 0.00084527 -0.00033282 -0.00084555 0.99999959
0.99999957 0.00090013 0.00023993 -0.00090008 0.99999957 -0.00022024 -0.00024012 0.00022002 0.99999995
0.99999999 0.00013962 0.00001606 -0.00013961 0.99999997 -0.00021628 -0.00001609 0.00021628 0.99999998
0.99999950 0.00096613 0.00026812 -0.00096602 0.99999944 -0.00043840 -0.00026854 0.00043814 0.99999987
0.99999988 -0.00006569 0.00049114 0.00006619 0.99999946 -0.00103362 -0.00049108 0.00103365 0.99999935
0.99999971 -0.00016472 0.00074225 0.00016528 0.99999970 -0.00075862 -0.00074212 0.00075874 0.99999944
0.99999923 0.00121392 0.00023906 -0.00121367 0.99999873 -0.00103643 -0.00024032 0.00103614 0.99999943
0.99999977 0.00056309 0.00038261 -0.00056249 0.99999860 -0.00157442 -0.00038350 0.00157420 0.99999869
0.99999951 0.00098032 -0.00015923 -0.00098045 0.99999923 -0.00076196 0.00015848 0.00076211 0.99999970
0.99999998 0.00018809 0.00003509 -0.00018807 0.99999987 -0.00046958 -0.00003517 0.00046957 0.99999989
0.99999998 0.00006111 -0.00020966 -0.00006107 0.99999998 0.00019479 0.00020967 -0.00019478 0.99999996
0.99999994 0.00025197 -0.00022922 -0.00025183 0.99999979 0.00060167 0.00022938 -0.00060161 0.99999979
0.99999994 -0.00033365 -0.00006769 0.00033369 0.99999977 0.00058584 0.00006749 -0.00058586 0.99999983
0.99999929 0.00115760 -0.00026493 -0.00115761 0.99999933 -0.00001652 0.00026492 0.00001683 0.99999996
0.99999997 0.00014639 -0.00019763 -0.00014630 0.99999989 0.00044231 0.00019770 -0.00044228 0.99999988
0.99999986 0.00028551 -0.00044653 -0.00028551 0.99999996 0.00000439 0.00044654 -0.00000426 0.99999990
0.99999960 0.00014980 0.00088182 -0.00015012 0.99999992 0.00036001 -0.00088176 -0.00036014 0.99999955
0.99999962 0.00008275 -0.00086405 -0.00008309 0.99999992 -0.00039632 0.00086401 0.00039639 0.99999955
0.99999987 -0.00022910 -0.00046585 0.00022873 0.99999966 -0.00079445 0.00046603 0.00079434 0.99999958
0.99999983 0.00007008 -0.00057492 -0.00007073 0.99999936 -0.00112484 0.00057484 0.00112488 0.99999920
0.99999959 0.00043313 -0.00079571 -0.00043341 0.99999984 -0.00035820 0.00079556 0.00035854 0.99999962
0.99999819 -0.00144432 -0.00124125 0.00144496 0.99999882 0.00052212 0.00124049 -0.00052391 0.99999909
0.99999988 0.00017928 -0.00046673 -0.00017913 0.99999994 0.00030905 0.00046679 -0.00030897 0.99999984
0.99999977 0.00001203 -0.00067835 -0.00001240 0.99999986 -0.00053724 0.00067835 0.00053725 0.99999963
0.99999969 0.00051478 -0.00059625 -0.00051513 0.99999969 -0.00058756 0.00059595 0.00058786 0.99999965
0.99999967 -0.00000139 -0.00080795 0.00000043 0.99999930 -0.00118563 0.00080795 0.00118563 0.99999897
0.99999875 -0.00133321 -0.00085314 0.00133307 0.99999910 -0.00017093 0.00085337 0.00016979 0.99999962
0.99999942 0.00075400 -0.00076809 -0.00075430 0.99999964 -0.00038595 0.00076779 0.00038653 0.99999963
0.99999980 -0.00003002 -0.00063082 0.00002987 0.99999997 -0.00024404 0.00063082 0.00024402 0.99999977
0.99999902 0.00105231 -0.00092253 -0.00105265 0.99999938 -0.00036935 0.00092214 0.00037032 0.99999951
0.99999822 0.00138994 0.00127493 -0.00138836 0.99999826 -0.00124364 -0.00127665 0.00124187 0.99999841
0.99999856 -0.00041209 -0.00164717 0.00041318 0.99999969 0.00066390 0.00164689 -0.00066458 0.99999842
0.99999798 -0.00017348 -0.00200188 0.00017487 0.99999974 0.00069409 0.00200176 -0.00069444 0.99999776
0.99999811 0.00112523 -0.00158800 -0.00112448 0.99999926 0.00047451 0.00158853 -0.00047272 0.99999863
0.99999832 -0.00073577 -0.00168182 0.00073700 0.99999946 0.00072976 0.00168128 -0.00073099 0.99999832
0.99999728 -0.00087207 -0.00216172 0.00087473 0.99999886 0.00123214 0.00216064 -0.00123403 0.99999690
0.99999861 -0.00018327 -0.00165501 0.00018322 0.99999998 -0.00002838 0.00165502 0.00002808 0.99999863
0.99999882 0.00063129 -0.00139923 -0.00063133 0.99999980 -0.00002497 0.00139921 0.00002585 0.99999902
0.99999928 -0.00007134 -0.00119875 0.00007076 0.99999988 -0.00048053 0.00119878 0.00048044 0.99999917
0.99999967 -0.00023511 -0.00077610 0.00023464 0.99999979 -0.00060711 0.00077624 0.00060692 0.99999951
0.99999967 0.00025030 -0.00077885 -0.00024980 0.99999977 0.00063550 0.00077901 -0.00063531 0.99999949
0.99999980 0.00006357 -0.00062973 -0.00006295 0.99999951 0.00098655 0.00062980 -0.00098651 0.99999932
0.99999799 -0.00033359 -0.00197627 0.00033488 0.99999973 0.00065222 0.00197605 -0.00065288 0.99999783
0.99999946 -0.00102343 0.00015906 0.00102350 0.99999938 -0.00044547 -0.00015860 0.00044563 0.99999989
0.99999285 -0.00325170 -0.00193259 0.00324736 0.99999221 -0.00224378 0.00193987 0.00223749 0.99999562
0.99999512 -0.00292290 -0.00109991 0.00292154 0.99999497 -0.00123363 0.00110351 0.00123042 0.99999863
0.99999818 -0.00022917 -0.00189216 0.00022739 0.99999953 -0.00093884 0.00189238 0.00093841 0.99999777
0.99999972 -0.00067724 0.00032557 0.00067749 0.99999946 -0.00078811 -0.00032504 0.00078833 0.99999964
0.99999992 0.00037959 0.00010852 -0.00037966 0.99999976 0.00057497 -0.00010830 -0.00057501 0.99999983
0.99999490 0.00157029 0.00278068 -0.00156475 0.99999679 -0.00199235 -0.00278380 0.00198799 0.99999415
0.99999570 0.00123246 0.00265979 -0.00122541 0.99999574 -0.00264883 -0.00266304 0.00264556 0.99999295
0.99999888 -0.00057515 0.00138533 0.00057615 0.99999958 -0.00071877 -0.00138492 0.00071956 0.99999878
0.99999903 0.00042481 0.00132446 -0.00042865 0.99999569 0.00290476 -0.00132322 -0.00290532 0.99999490
0.99999629 0.00017632 0.00271889 -0.00018473 0.99999520 0.00309145 -0.00271833 -0.00309194 0.99999153
0.99999552 -0.00154571 0.00256440 0.00154697 0.99999868 -0.00048690 -0.00256365 0.00049087 0.99999659
0.99999733 -0.00050828 0.00225546 0.00051196 0.99999854 -0.00162950 -0.00225463 0.00163065 0.99999613
0.99999702 -0.00001081 0.00244211 0.00001489 0.99999860 -0.00167061 -0.00244209 0.00167064 0.99999562
0.99999720 0.00084416 0.00220976 -0.00084194 0.99999914 -0.00100612 -0.00221061 0.00100426 0.99999705
0.99999646 0.00032343 0.00264271 -0.00032059 0.99999937 -0.00107608 -0.00264306 0.00107523 0.99999593
0.99999563 -0.00131550 0.00264892 0.00131605 0.99999911 -0.00020842 -0.00264864 0.00021191 0.99999647
0.99999766 0.00085138 0.00198972 -0.00085014 0.99999944 -0.00062449 -0.00199025 0.00062280 0.99999783
0.99999775 -0.00024698 0.00210530 0.00024704 0.99999997 -0.00002676 -0.00210529 0.00002728 0.99999778
0.99999430 0.00157799 0.00298497 -0.00158102 0.99999824 0.00101213 -0.00298336 -0.00101684 0.99999503
0.99999863 -0.00082006 0.00144075 0.00081802 0.99999867 0.00141170 -0.00144191 -0.00141052 0.99999797
0.99999947 0.00012273 0.00102559 -0.00012312 0.99999992 0.00038607 -0.00102554 -0.00038619 0.99999940
0.99999770 -0.00204182 -0.00066010 0.00204151 0.99999781 -0.00045936 0.00066103 0.00045802 0.99999968
0.99999900 0.00013142 -0.00140476 -0.00013189 0.99999993 -0.00033620 0.00140472 0.00033639 0.99999896
0.99999867 0.00058621 -0.00152225 -0.00058628 0.99999983 -0.00004501 0.00152223 0.00004591 0.99999884
0.99999947 -0.00008891 -0.00102961 0.00008851 0.99999992 -0.00038787 0.00102965 0.00038778 0.99999939
0.99999867 0.00131127 -0.00097351 -0.00131137 0.99999914 -0.00009800 0.00097338 0.00009927 0.99999952
0.99999936 0.00111921 -0.00018184 -0.00111921 0.99999937 -0.00002313 0.00018182 0.00002334 0.99999998
0.99999892 0.00138198 0.00050926 -0.00138177 0.99999895 -0.00042637 -0.00050985 0.00042567 0.99999978
0.99999972 0.00050496 -0.00055068 -0.00050520 0.99999978 -0.00042340 0.00055047 0.00042368 0.99999976
0.99999979 0.00036647 -0.00053716 -0.00036631 0.99999989 0.00030159 0.00053727 -0.00030139 0.99999981
0.99999992 0.00011496 -0.00039484 -0.00011464 0.99999967 0.00080293 0.00039493 -0.00080289 0.99999960
0.99999839 0.00036960 -0.00175380 -0.00036994 0.99999991 -0.00019075 0.00175373 0.00019140 0.99999844
0.99999953 0.00092517 0.00029909 -0.00092489 0.99999912 -0.00095419 -0.00029997 0.00095391 0.99999950
0.99999929 -0.00007624 -0.00118573 0.00007495 0.99999941 -0.00108445 0.00118581 0.00108436 0.99999871
0.99999877 0.00035725 -0.00152674 -0.00035790 0.99999985 -0.00042500 0.00152658 0.00042555 0.99999874
0.99999892 0.00026539 -0.00144527 -0.00026593 0.99999989 -0.00037534 0.00144517 0.00037573 0.99999889
0.99999891 -0.00032466 -0.00144033 0.00032500 0.99999992 0.00023618 0.00144025 -0.00023665 0.99999893
0.99999934 0.00009763 -0.00114341 -0.00009618 0.99999920 0.00126412 0.00114354 -0.00126401 0.99999855
0.99999971 -0.00022513 -0.00073387 0.00022542 0.99999989 0.00039910 0.00073378 -0.00039926 0.99999965
0.99999753 0.00006786 -0.00222151 -0.00006824 0.99999998 -0.00017236 0.00222149 0.00017251 0.99999752
0.99999707 -0.00089424 -0.00224908 0.00089392 0.99999959 -0.00014428 0.00224921 0.00014227 0.99999746
0.99999678 0.00071454 -0.00243553 -0.00071339 0.99999963 0.00047056 0.00243587 -0.00046882 0.99999692
0.99999977 0.00010929 -0.00066569 -0.00010930 0.99999999 -0.00002490 0.00066569 0.00002497 0.99999978
0.99999738 0.00100674 -0.00205756 -0.00100863 0.99999907 -0.00091459 0.00205663 0.00091666 0.99999746
0.99999688 0.00101442 -0.00228288 -0.00101433 0.99999948 0.00004082 0.00228292 -0.00003850 0.99999739
0.99999913 -0.00057891 -0.00118831 0.00057912 0.99999982 0.00018276 0.00118821 -0.00018345 0.99999928
0.99999550 0.00003894 -0.00299954 -0.00003522 0.99999923 0.00124069 0.00299959 -0.00124058 0.99999473
0.99999434 -0.00031047 -0.00335115 0.00031719 0.99999794 0.00200459 0.00335052 -0.00200564 0.99999238
0.99999462 0.00127899 -0.00302033 -0.00127346 0.99999751 0.00183069 0.00302267 -0.00182684 0.99999376
0.99999786 0.00091099 -0.00185953 -0.00091031 0.99999952 0.00036653 0.00185986 -0.00036484 0.99999820
0.99999703 0.00134835 -0.00202865 -0.00135100 0.99999823 -0.00130579 0.00202689 0.00130852 0.99999709
0.99999876 0.00034169 -0.00153931 -0.00034281 0.99999968 -0.00072616 0.00153907 0.00072669 0.99999855
0.99999983 0.00053943 -0.00021853 -0.00053916 0.99999907 0.00125499 0.00021921 -0.00125487 0.99999919
0.99999732 -0.00225288 0.00053872 0.00225204 0.99999626 0.00155329 -0.00054222 -0.00155207 0.99999865
0.99999934 0.00112132 -0.00023654 -0.00112112 0.99999902 0.00084373 0.00023748 -0.00084346 0.99999962
0.99999969 0.00029082 0.00072801 -0.00029065 0.99999993 -0.00023889 -0.00072808 0.00023868 0.99999971
0.99999964 0.00036653 0.00076461 -0.00036655 0.99999993 0.00002298 -0.00076460 -0.00002326 0.99999971
0.99999983 0.00051802 -0.00025337 -0.00051805 0.99999986 -0.00010013 0.00025332 0.00010026 0.99999996
0.99999999 -0.00014606 0.00008624 0.00014608 0.99999996 -0.00025829 -0.00008620 0.00025830 0.99999996
0.99999856 0.00043328 -0.00164139 -0.00043157 0.99999936 0.00104114 0.00164184 -0.00104043 0.99999811
0.99999887 -0.00020280 -0.00148867 0.00020465 0.99999921 0.00124124 0.00148842 -0.00124154 0.99999812
0.99999962 0.00011741 -0.00086175 -0.00011716 0.99999995 0.00029636 0.00086178 -0.00029626 0.99999958
0.99999946 -0.00000307 0.00103542 0.00000268 0.99999993 0.00037528 -0.00103542 -0.00037527 0.99999939
0.99999939 0.00061289 -0.00091866 -0.00061269 0.99999979 0.00020972 0.00091879 -0.00020916 0.99999956
0.99999942 0.00060654 -0.00089232 -0.00060706 0.99999965 -0.00058280 0.00089196 0.00058334 0.99999943
0.99999957 -0.00012765 -0.00092238 0.00012673 0.99999950 -0.00099624 0.00092251 0.00099612 0.99999908
0.99999985 0.00006662 -0.00055129 -0.00006723 0.99999937 -0.00111752 0.00055122 0.00111755 0.99999922
0.99999987 0.00016106 -0.00047977 -0.00016137 0.99999979 -0.00062935 0.00047967 0.00062943 0.99999969
0.99999846 0.00037422 -0.00171691 -0.00037493 0.99999985 -0.00040795 0.00171675 0.00040859 0.99999844
0.99999934 0.00056449 -0.00100494 -0.00056436 0.99999983 0.00012295 0.00100501 -0.00012239 0.99999949
0.99999997 0.00007897 0.00021018 -0.00007893 0.99999998 -0.00018030 -0.00021019 0.00018028 0.99999996
0.99999920 0.00093884 -0.00085238 -0.00093921 0.99999946 -0.00043857 0.00085197 0.00043937 0.99999954
0.99999940 -0.00022835 -0.00107279 0.00022833 0.99999997 -0.00001508 0.00107279 0.00001484 0.99999942
0.99999863 0.00084977 -0.00142055 -0.00084981 0.99999964 -0.00002778 0.00142053 0.00002898 0.99999899
0.99999959 -0.00035044 -0.00082913 0.00035119 0.99999954 0.00089778 0.00082881 -0.00089807 0.99999925
0.99999948 -0.00095382 0.00036013 0.00095362 0.99999940 0.00053504 -0.00036064 -0.00053470 0.99999979
0.99999999 -0.00004638 -0.00011424 0.00004639 1.00000000 0.00008836 0.00011424 -0.00008837 0.99999999
0.99999972 -0.00060725 0.00043647 0.00060738 0.99999977 -0.00029702 -0.00043629 0.00029729 0.99999986
0.99999921 0.00111102 -0.00058412 -0.00111163 0.99999885 -0.00103317 0.00058297 0.00103382 0.99999930
0.99999965 0.00008835 -0.00083395 -0.00008879 0.99999986 -0.00052833 0.00083390 0.00052841 0.99999951
0.99999856 0.00165737 -0.00036566 -0.00165694 0.99999792 0.00119302 0.00036763 -0.00119241 0.99999922
0.99999994 0.00029291 -0.00015860 -0.00029269 0.99999898 0.00139677 0.00015901 -0.00139672 0.99999901
0.99999984 0.00052001 0.00023658 -0.00051999 0.99999986 -0.00008974 -0.00023662 0.00008961 0.99999997
0.99999990 -0.00016714 0.00042371 0.00016744 0.99999974 -0.00070460 -0.00042360 0.00070467 0.99999966
0.99999927 0.00118489 0.00023384 -0.00118460 0.99999853 -0.00124190 -0.00023531 0.00124163 0.99999920
0.99999968 0.00063387 0.00048097 -0.00063329 0.99999908 -0.00119550 -0.00048173 0.00119520 0.99999917
0.99999921 0.00124141 0.00018414 -0.00124134 0.99999917 -0.00034268 -0.00018456 0.00034245 0.99999992
0.99999974 0.00041028 0.00059913 -0.00041034 0.99999991 0.00010116 -0.00059909 -0.00010141 0.99999982
0.99999948 0.00050274 0.00088357 -0.00050287 0.99999986 0.00014961 -0.00088350 -0.00015005 0.99999960
0.99999974 0.00017729 0.00070136 -0.00017827 0.99999901 0.00139363 -0.00070112 -0.00139375 0.99999878
0.99999884 0.00134976 0.00069955 -0.00135114 0.99999712 0.00198306 -0.00069687 -0.00198400 0.99999779
0.99999977 -0.00034746 -0.00059054 0.00034825 0.99999903 0.00135082 0.00059007 -0.00135103 0.99999891
0.99999969 -0.00017099 -0.00076490 0.00017151 0.99999976 0.00067067 0.00076478 -0.00067080 0.99999948
0.99999960 -0.00032989 -0.00083067 0.00032863 0.99999881 -0.00151030 0.00083116 0.00151003 0.99999851
0.99999975 0.00053987 -0.00046450 -0.00054066 0.99999841 -0.00169883 0.00046358 0.00169908 0.99999845
0.99999682 -0.00126119 -0.00218594 0.00126170 0.99999918 0.00023320 0.00218564 -0.00023596 0.99999758
0.99999534 -0.00297180 -0.00069296 0.00297162 0.99999555 -0.00025732 0.00069372 0.00025526 0.99999973
0.99999705 -0.00232437 -0.00070128 0.00232362 0.99999673 -0.00106830 0.00070376 0.00106667 0.99999918
0.99999793 -0.00175822 -0.00102048 0.00175832 0.99999845 0.00009497 0.00102031 -0.00009676 0.99999947
0.99999968 0.00019509 -0.00077395 -0.00019347 0.99999781 0.00208326 0.00077435 -0.00208311 0.99999753
0.99999651 0.00249340 -0.00087222 -0.00249248 0.99999633 0.00105760 0.00087485 -0.00105543 0.99999906
0.99999921 0.00051666 0.00114314 -0.00051746 0.99999962 0.00069862 -0.00114278 -0.00069921 0.99999910
0.99999975 0.00006652 0.00070969 -0.00006761 0.99999883 0.00152846 -0.00070959 -0.00152850 0.99999858
0.99999830 -0.00087129 0.00162249 0.00087197 0.99999953 -0.00041789 -0.00162212 0.00041930 0.99999860
0.99999959 -0.00080302 0.00042797 0.00080352 0.99999899 -0.00117123 -0.00042703 0.00117157 0.99999922
0.99999946 -0.00031895 0.00098501 0.00032003 0.99999935 -0.00109632 -0.00098466 0.00109663 0.99999891
0.99999974 0.00017968 -0.00069735 -0.00017874 0.99999907 0.00135193 0.00069760 -0.00135180 0.99999884
0.99999886 0.00091803 -0.00119694 -0.00091794 0.99999958 0.00006936 0.00119700 -0.00006826 0.99999928
0.99999925 0.00025627 -0.00120123 -0.00025603 0.99999995 0.00019916 0.00120128 -0.00019885 0.99999926
0.99999845 0.00033052 -0.00173157 -0.00033195 0.99999960 -0.00082849 0.00173130 0.00082907 0.99999816
0.99999895 0.00025016 -0.00142412 -0.00025187 0.99999925 -0.00120052 0.00142382 0.00120088 0.99999827
0.99999908 0.00000721 -0.00135456 -0.00000817 0.99999975 -0.00070897 0.00135456 0.00070898 0.99999883
0.99999704 0.00004558 -0.00243471 -0.00004548 1.00000000 0.00004363 0.00243471 -0.00004352 0.99999704
0.99999885 0.00077565 -0.00130631 -0.00077515 0.99999963 0.00037678 0.00130660 -0.00037577 0.99999908
0.99999933 0.00038881 -0.00109362 -0.00038811 0.99999972 0.00064556 0.00109387 -0.00064514 0.99999919
0.99999831 0.00112636 -0.00145448 -0.00112590 0.99999932 0.00031950 0.00145484 -0.00031786 0.99999889
0.99999914 0.00082365 -0.00102003 -0.00082282 0.99999933 0.00081487 0.00102070 -0.00081403 0.99999915
0.99999966 0.00078596 -0.00023420 -0.00078589 0.99999965 0.00028144 0.00023442 -0.00028126 0.99999993
0.99999973 0.00070202 -0.00021101 -0.00070198 0.99999973 0.00019299 0.00021114 -0.00019284 0.99999996
0.99999971 0.00076578 0.00002981 -0.00076579 0.99999967 0.00028866 -0.00002959 -0.00028868 0.99999996
0.99999970 0.00045492 0.00062269 -0.00045440 0.99999956 -0.00082343 -0.00062306 0.00082315 0.99999947
0.99999944 0.00086338 0.00060551 -0.00086296 0.99999939 -0.00068825 -0.00060610 0.00068773 0.99999958
0.99999943 -0.00000588 0.00106981 0.00000761 0.99999868 -0.00162172 -0.00106980 0.00162173 0.99999811
0.99999945 0.00041355 0.00096571 -0.00041244 0.99999926 -0.00114667 -0.00096618 0.00114627 0.99999888
0.99999939 -0.00017282 0.00109023 0.00017267 0.99999998 0.00013398 -0.00109025 -0.00013379 0.99999940
0.99999919 0.00080875 0.00098097 -0.00080933 0.99999950 0.00059160 -0.00098049 -0.00059239 0.99999934
0.99999998 0.00014105 0.00013021 -0.00014108 0.99999997 0.00021978 -0.00013018 -0.00021980 0.99999997
0.99999999 -0.00010334 0.00004472 0.00010337 0.99999981 -0.00061538 -0.00004466 0.00061539 0.99999981
0.99999978 0.00052573 -0.00040625 -0.00052607 0.99999951 -0.00083965 0.00040581 0.00083986 0.99999956
0.99999988 -0.00027570 -0.00039773 0.00027544 0.99999975 -0.00065130 0.00039791 0.00065119 0.99999971
0.99999982 -0.00002437 -0.00059288 0.00002407 0.99999987 -0.00050614 0.00059289 0.00050613 0.99999970
0.99999639 0.00268439 -0.00009585 -0.00268443 0.99999631 -0.00041821 0.00009473 0.00041847 0.99999991
0.99999960 0.00055666 -0.00070443 -0.00055690 0.99999979 -0.00034042 0.00070424 0.00034081 0.99999969
0.99999907 0.00089554 -0.00102408 -0.00089562 0.99999960 -0.00007815 0.00102401 0.00007906 0.99999947
0.99999963 0.00001667 -0.00085767 -0.00001681 0.99999999 -0.00016239 0.00085766 0.00016241 0.99999962
0.99999936 0.00073105 -0.00086076 -0.00073148 0.99999961 -0.00049470 0.00086040 0.00049533 0.99999951
0.99999983 -0.00038326 -0.00044973 0.00038309 0.99999986 -0.00037560 0.00044987 0.00037542 0.99999983
0.99999964 0.00018018 -0.00082755 -0.00018007 0.99999997 0.00013508 0.00082757 -0.00013493 0.99999965
0.99999974 -0.00016127 -0.00070306 0.00016167 0.99999983 0.00056305 0.00070297 -0.00056317 0.99999959
0.99999986 -0.00017502 -0.00050542 0.00017528 0.99999985 0.00052371 0.00050532 -0.00052380 0.99999974
0.99999959 0.00072585 -0.00054860 -0.00072568 0.99999969 0.00031912 0.00054883 -0.00031872 0.99999980
0.99999968 0.00076368 -0.00025118 -0.00076380 0.99999959 -0.00048474 0.00025081 0.00048493 0.99999985
0.99999970 0.00065608 -0.00042289 -0.00065640 0.99999950 -0.00075998 0.00042239 0.00076026 0.99999962
0.99999940 0.00085357 -0.00068680 -0.00085451 0.99999870 -0.00136825 0.00068563 0.00136884 0.99999883
0.99999958 0.00055878 -0.00072096 -0.00055955 0.99999927 -0.00107102 0.00072036 0.00107142 0.99999917
0.99999959 0.00052334 -0.00073783 -0.00052363 0.99999978 -0.00039700 0.00073763 0.00039739 0.99999965
0.99999947 0.00068422 -0.00077368 -0.00068414 0.99999976 0.00010309 0.00077375 -0.00010256 0.99999970
0.99999915 0.00082867 -0.00101015 -0.00082894 0.99999962 -0.00026371 0.00100993 0.00026455 0.99999946
0.99999896 0.00143218 -0.00017316 -0.00143218 0.99999897 -0.00000191 0.00017315 0.00000216 0.99999999
0.99999924 0.00123047 0.00010238 -0.00123040 0.99999902 -0.00066417 -0.00010320 0.00066404 0.99999977
0.99999950 0.00099611 0.00004324 -0.00099609 0.99999947 -0.00026649 -0.00004351 0.00026645 0.99999996
0.99999835 0.00176136 0.00044633 -0.00176130 0.99999844 -0.00012845 -0.00044655 0.00012767 0.99999989
0.99999960 0.00037488 0.00081465 -0.00037547 0.99999967 0.00072550 -0.00081438 -0.00072581 0.99999940
0.99999873 0.00144571 0.00067802 -0.00144639 0.99999845 0.00100396 -0.00067657 -0.00100494 0.99999927
0.99999931 0.00104102 0.00053551 -0.00104117 0.99999942 0.00028608 -0.00053521 -0.00028664 0.99999982
0.99999859 0.00164572 0.00033615 -0.00164580 0.99999862 0.00022690 -0.00033578 -0.00022746 0.99999992
0.99999953 0.00081977 0.00052033 -0.00081957 0.99999959 -0.00037960 -0.00052064 0.00037918 0.99999979
0.99999868 0.00157161 0.00040289 -0.00157131 0.99999850 -0.00072486 -0.00040403 0.00072422 0.99999966
0.99999841 0.00077636 0.00160673 -0.00077319 0.99999776 -0.00196918 -0.00160826 0.00196793 0.99999677
0.99999879 0.00100720 0.00118891 -0.00100558 0.99999857 -0.00135963 -0.00119027 0.00135843 0.99999837
0.99999983 0.00055875 0.00015078 -0.00055867 0.99999970 -0.00053583 -0.00015108 0.00053575 0.99999985
0.99999991 0.00023305 0.00034849 -0.00023319 0.99999989 0.00040120 -0.00034840 -0.00040128 0.99999986
0.99999977 0.00034549 0.00058262 -0.00034575 0.99999984 0.00044729 -0.00058246 -0.00044749 0.99999973
0.99999984 0.00053692 0.00018265 -0.00053686 0.99999982 -0.00028186 -0.00018280 0.00028176 0.99999994
0.99999977 0.00035989 -0.00056659 -0.00036035 0.99999960 -0.00081780 0.00056630 0.00081801 0.99999951
0.99999981 0.00061709 -0.00001332 -0.00061709 0.99999977 -0.00026914 0.00001315 0.00026915 0.99999996
0.99999982 0.00050095 0.00034491 -0.00050114 0.99999971 0.00057637 -0.00034462 -0.00057655 0.99999977
0.99999994 0.00034957 -0.00003308 -0.00034957 0.99999994 0.00001042 0.00003308 -0.00001041 1.00000000
0.99999966 0.00080675 0.00015864 -0.00080668 0.99999960 -0.00039700 -0.00015896 0.00039688 0.99999991
0.99999986 0.00008272 0.00052983 -0.00008245 0.99999986 -0.00051426 -0.00052987 0.00051422 0.99999973
0.99999978 0.00054043 0.00037894 -0.00054050 0.99999984 0.00018456 -0.00037884 -0.00018477 0.99999991
0.99999985 0.00043236 0.00032794 -0.00043252 0.99999978 0.00050582 -0.00032772 -0.00050596 0.99999982
0.99999997 0.00010738 0.00022504 -0.00010729 0.99999991 -0.00042009 -0.00022509 0.00042007 0.99999989
0.99999997 -0.00003192 -0.00025236 0.00003200 0.99999995 0.00031046 0.00025235 -0.00031047 0.99999992
0.99999961 0.00037356 -0.00079556 -0.00037361 0.99999993 -0.00006273 0.00079554 0.00006303 0.99999968
0.99999915 -0.00104385 0.00077537 0.00104372 0.99999944 0.00016504 -0.00077554 -0.00016423 0.99999969
0.99999977 -0.00066551 0.00012674 0.00066540 0.99999941 0.00086137 -0.00012731 -0.00086129 0.99999962
0.99999915 -0.00129982 -0.00005192 0.00129988 0.99999849 0.00115307 0.00005042 -0.00115314 0.99999933
0.99999930 -0.00102234 0.00059760 0.00102228 0.99999947 0.00009697 -0.00059770 -0.00009636 0.99999982
0.99999951 -0.00057166 0.00080450 0.00057203 0.99999973 -0.00045434 -0.00080424 0.00045480 0.99999957
0.99999897 -0.00034358 0.00139557 0.00034480 0.99999955 -0.00087930 -0.00139527 0.00087978 0.99999864
0.99999833 -0.00087702 0.00160419 0.00087774 0.99999952 -0.00044611 -0.00160380 0.00044751 0.99999861
0.99999567 -0.00179973 0.00232906 0.00180161 0.99999805 -0.00080499 -0.00232760 0.00080918 0.99999696
0.99999689 -0.00079799 0.00236495 0.00079946 0.99999949 -0.00062101 -0.00236445 0.00062289 0.99999701
0.99999544 -0.00124927 0.00275086 0.00125172 0.99999882 -0.00088996 -0.00274975 0.00089340 0.99999582
0.99999450 -0.00162332 0.00289368 0.00162560 0.99999837 -0.00078710 -0.00289240 0.00079180 0.99999550
0.99999025 -0.00286587 0.00335911 0.00286827 0.99999563 -0.00070973 -0.00335706 0.00071936 0.99999411
0.99999380 -0.00138823 0.00323505 0.00138835 0.99999904 -0.00003257 -0.00323501 0.00003706 0.99999477
0.99999199 -0.00207441 0.00342270 0.00207447 0.99999785 -0.00001322 -0.00342267 0.00002032 0.99999414
0.99998973 -0.00302091 0.00337941 0.00302088 0.99999544 0.00001254 -0.00337943 -0.00000233 0.99999429
0.99999352 -0.00183019 0.00309906 0.00183273 0.99999799 -0.00081702 -0.00309756 0.00082269 0.99999486
0.99999463 -0.00154346 0.00289179 0.00154648 0.99999826 -0.00104363 -0.00289017 0.00104809 0.99999527
0.99999369 -0.00140299 0.00326261 0.00140210 0.99999898 0.00027589 -0.00326299 -0.00027131 0.99999464
0.99999250 -0.00173127 0.00346468 0.00172891 0.99999827 0.00068209 -0.00346586 -0.00067609 0.99999377
0.99999188 -0.00163405 0.00368500 0.00163531 0.99999861 -0.00033856 -0.00368444 0.00034458 0.99999315
0.99999468 -0.00042017 0.00323553 0.00042641 0.99999805 -0.00192773 -0.00323471 0.00192910 0.99999291
0.99999221 -0.00002701 0.00394818 0.00003420 0.99999834 -0.00182083 -0.00394813 0.00182095 0.99999055
0.99999315 -0.00124083 0.00348840 0.00124450 0.99999867 -0.00105149 -0.00348709 0.00105582 0.99999336
0.99998902 -0.00197406 0.00424918 0.00197639 0.99999790 -0.00054306 -0.00424810 0.00055146 0.99999082
0.99998777 -0.00271168 0.00413558 0.00271443 0.99999610 -0.00065772 -0.00413378 0.00066894 0.99999123
0.99998798 -0.00198278 0.00448412 0.00198305 0.99999803 -0.00005571 -0.00448400 0.00006460 0.99998994
0.99998512 -0.00280379 0.00467920 0.00280265 0.99999604 0.00025023 -0.00467989 -0.00023712 0.99998902
0.99998442 -0.00223400 0.00511595 0.00223204 0.99999743 0.00038910 -0.00511681 -0.00037767 0.99998684
0.99998865 -0.00269664 0.00392716 0.00269467 0.99999624 0.00050671 -0.00392851 -0.00049613 0.99999216
0.99998752 -0.00214453 0.00451316 0.00214239 0.99999759 0.00047728 -0.00451417 -0.00046761 0.99998970
0.99998085 -0.00236659 0.00571883 0.00236595 0.99999719 0.00011853 -0.00571910 -0.00010500 0.99998364
0.99998084 -0.00103222 0.00610410 0.00103416 0.99999942 -0.00031558 -0.00610377 0.00032189 0.99998132
0.99997588 -0.00038196 0.00693503 0.00038080 0.99999991 0.00016837 -0.00693510 -0.00016572 0.99997594
0.99994850 0.00003191 0.01014865 -0.00004212 0.99999949 0.00100532 -0.01014861 -0.00100570 0.99994800
0.99997013 -0.00028737 0.00772316 0.00028992 0.99999990 -0.00032994 -0.00772306 0.00033217 0.99997012
0.99993495 0.00319103 0.01095068 -0.00317350 0.99999366 -0.00161799 -0.01095577 0.00158314 0.99993873
0.99996052 0.00162266 0.00873679 -0.00161206 0.99999796 -0.00122001 -0.00873875 0.00120588 0.99996109
0.99995389 -0.00004598 0.00960245 0.00005607 0.99999945 -0.00105076 -0.00960239 0.00105125 0.99995334
0.99994531 -0.00020755 0.01045613 0.00022381 0.99999877 -0.00155447 -0.01045580 0.00155673 0.99994412
0.99993379 0.00009244 0.01150725 -0.00007362 0.99999866 -0.00163595 -0.01150739 0.00163499 0.99993245
0.99994315 -0.00204376 0.01046503 0.00206201 0.99999637 -0.00173356 -0.01046145 0.00175504 0.99994374
0.99994032 -0.00228105 0.01068431 0.00227558 0.99999727 0.00052351 -0.01068547 -0.00049917 0.99994278
0.99993664 -0.00269998 0.01092817 0.00269790 0.99999634 0.00020455 -0.01092868 -0.00017506 0.99994026
0.99993359 -0.00363946 0.01093470 0.00364987 0.99999290 -0.00093287 -0.01093123 0.00097272 0.99993978
0.99994414 -0.00243045 0.01028671 0.00241879 0.99999642 0.00114552 -0.01028946 -0.00112057 0.99994643
0.99994939 -0.00169015 0.00991731 0.00167576 0.99999753 0.00145891 -0.00991975 -0.00144222 0.99994976
0.99992848 -0.00284032 0.01161716 0.00283648 0.99999592 0.00034697 -0.01161810 -0.00031399 0.99993246
0.99993079 -0.00062352 0.01174854 0.00068611 0.99998559 -0.00532464 -0.01174505 0.00533234 0.99991681
0.99991645 -0.00203161 0.01276580 0.00203630 0.99999786 -0.00035425 -0.01276505 0.00038022 0.99991845
0.99992037 -0.00088145 0.01258914 0.00086554 0.99999882 0.00126896 -0.01259025 -0.00125796 0.99991995
0.99990672 -0.00129422 0.01359683 0.00125847 0.99999573 0.00263768 -0.01360018 -0.00262032 0.99990408
0.99990505 -0.00038352 0.01377495 0.00037476 0.99999973 0.00063816 -0.01377519 -0.00063293 0.99990492
0.99990078 -0.00129651 0.01402687 0.00127559 0.99999806 0.00149998 -0.01402879 -0.00148194 0.99990049
0.99990754 -0.00010458 0.01359745 0.00008628 0.99999909 0.00134656 -0.01359758 -0.00134526 0.99990664
0.99989599 0.00019785 0.01442123 -0.00021413 0.99999934 0.00112764 -0.01442099 -0.00113061 0.99989537
0.99989679 0.00029510 0.01436425 -0.00028409 0.99999966 -0.00076835 -0.01436447 0.00076419 0.99989653
0.99989550 0.00074299 0.01443769 -0.00071904 0.99999836 -0.00166361 -0.01443891 0.00165306 0.99989439
0.99989052 0.00017248 0.01479563 -0.00015440 0.99999924 -0.00122358 -0.01479583 0.00122116 0.99988979
0.99988731 0.00039462 0.01500717 -0.00038620 0.99999977 -0.00056386 -0.01500739 0.00055800 0.99988723
0.99988598 0.00059324 0.01508902 -0.00059733 0.99999979 0.00026665 -0.01508886 -0.00027563 0.99988612
0.99988111 0.00071884 0.01540293 -0.00071510 0.99999971 -0.00024813 -0.01540310 0.00023708 0.99988134
0.99988451 0.00018350 0.01519675 -0.00018617 0.99999997 0.00017435 -0.01519672 -0.00017716 0.99988451
0.99988506 0.00030559 0.01515851 -0.00029552 0.99999973 -0.00066687 -0.01515871 0.00066231 0.99988488
0.99989165 -0.00082342 0.01469746 0.00083863 0.99999912 -0.00102841 -0.01469660 0.00104063 0.99989146
0.99988686 -0.00012874 0.01504156 0.00015980 0.99999786 -0.00206334 -0.01504126 0.00206551 0.99988474
0.99989733 0.00005143 0.01432901 -0.00003100 0.99999898 -0.00142576 -0.01432907 0.00142517 0.99989632
0.99989524 0.00023671 0.01447265 -0.00022100 0.99999938 -0.00108728 -0.01447290 0.00108397 0.99989467
0.99990171 0.00142574 0.01394801 -0.00141862 0.99999886 -0.00052048 -0.01394874 0.00050064 0.99990259
0.99990301 0.00042655 0.01392084 -0.00041685 0.99999967 -0.00069957 -0.01392113 0.00069370 0.99990286
0.99990958 0.00122424 0.01339145 -0.00122485 0.99999925 0.00003709 -0.01339139 -0.00005349 0.99991033
0.99990665 0.00080657 0.01363932 -0.00080010 0.99999956 -0.00048023 -0.01363970 0.00046927 0.99990686
0.99990951 0.00098819 0.01341618 -0.00099285 0.99999945 0.00034082 -0.01341583 -0.00035411 0.99990994
0.99990844 -0.00044901 0.01352423 0.00044300 0.99999980 0.00044787 -0.01352443 -0.00044184 0.99990844
0.99991004 -0.00045572 0.01340566 0.00044855 0.99999975 0.00053782 -0.01340591 -0.00053176 0.99991000
0.99991410 -0.00152864 0.01301743 0.00152929 0.99999883 -0.00003994 -0.01301736 0.00005984 0.99991527
0.99991287 0.00070853 0.01318136 -0.00070790 0.99999975 -0.00005276 -0.01318139 0.00004342 0.99991312
0.99991673 0.00038653 0.01289932 -0.00036929 0.99999904 -0.00133860 -0.01289983 0.00133372 0.99991590
0.99990699 0.00097592 0.01360328 -0.00096816 0.99999936 -0.00057750 -0.01360384 0.00056428 0.99990730
0.99991423 0.00156279 0.01300314 -0.00156520 0.99999876 0.00017496 -0.01300285 -0.00019530 0.99991544
0.99990914 0.00285185 0.01317470 -0.00282957 0.99999454 -0.00170963 -0.01317951 0.00167220 0.99991175
0.99990933 0.00194733 0.01332428 -0.00193553 0.99999772 -0.00089891 -0.01332600 0.00087304 0.99991082
0.99991488 0.00123619 0.01298851 -0.00123104 0.99999916 -0.00040433 -0.01298900 0.00038831 0.99991556
0.99991958 0.00093953 0.01264698 -0.00093511 0.99999950 -0.00035532 -0.01264731 0.00034347 0.99991996
0.99993781 0.00079542 0.01112428 -0.00079979 0.99999960 0.00038807 -0.01112397 -0.00039695 0.99993805
0.99994728 0.00194021 0.01008306 -0.00196701 0.99999456 0.00264877 -0.01007787 -0.00266846 0.99994566
0.99995888 0.00156411 0.00893209 -0.00157239 0.99999834 0.00092021 -0.00893063 -0.00093422 0.99995968
0.99996604 0.00215802 0.00795414 -0.00216030 0.99999763 0.00027734 -0.00795352 -0.00029451 0.99996833
0.99998064 0.00057321 0.00619679 -0.00056915 0.99999962 -0.00065770 -0.00619717 0.00065416 0.99998058
0.99998167 0.00206639 0.00569164 -0.00206613 0.99999786 -0.00005203 -0.00569174 0.00004026 0.99998380
0.99998678 0.00169212 0.00485582 -0.00168663 0.99999793 -0.00113608 -0.00485773 0.00112788 0.99998757
0.99999032 0.00107428 0.00426668 -0.00106470 0.99999691 -0.00224669 -0.00426908 0.00224212 0.99998837
0.99999300 0.00067162 0.00368035 -0.00066905 0.99999953 -0.00070014 -0.00368082 0.00069767 0.99999298
0.99999686 0.00029043 0.00248837 -0.00029075 0.99999995 0.00012606 -0.00248833 -0.00012678 0.99999690
0.99999952 -0.00038320 0.00090147 0.00038473 0.99999848 -0.00169849 -0.00090082 0.00169884 0.99999815
0.99999597 0.00239800 0.00152289 -0.00239671 0.99999677 -0.00084895 -0.00152492 0.00084530 0.99999848
0.99999893 0.00077238 0.00123854 -0.00077361 0.99999921 0.00099327 -0.00123777 -0.00099423 0.99999874
0.99999367 0.00353665 0.00038833 -0.00353724 0.99999257 0.00153357 -0.00038290 -0.00153494 0.99999875
0.99999856 0.00168862 0.00015275 -0.00168884 0.99999747 0.00148749 -0.00015024 -0.00148774 0.99999888
0.99999767 0.00212361 -0.00038568 -0.00212313 0.99999699 0.00123218 0.00038829 -0.00123136 0.99999917
0.99999940 0.00090388 -0.00061381 -0.00090368 0.99999954 0.00032343 0.00061411 -0.00032288 0.99999976
0.99999656 0.00176906 -0.00193428 -0.00176894 0.99999843 0.00006562 0.00193439 -0.00006220 0.99999813
0.99999649 0.00110372 -0.00240737 -0.00110381 0.99999939 -0.00003672 0.00240733 0.00003938 0.99999710
0.99999455 0.00180318 -0.00276724 -0.00180528 0.99999808 -0.00075665 0.00276587 0.00076164 0.99999588
0.99999002 0.00134453 -0.00426094 -0.00134362 0.99999907 0.00021453 0.00426122 -0.00020880 0.99999090
0.99998821 0.00195161 -0.00444754 -0.00194803 0.99999777 0.00080989 0.00444911 -0.00080122 0.99998978
0.99998273 0.00075643 -0.00582827 -0.00074655 0.99999828 0.00169739 0.00582954 -0.00169301 0.99998157
0.99997796 0.00110110 -0.00654739 -0.00109084 0.99999817 0.00156992 0.00654911 -0.00156274 0.99997733
0.99996619 0.00112867 -0.00814516 -0.00112332 0.99999915 0.00066252 0.00814590 -0.00065335 0.99996661
0.99996273 0.00116039 -0.00855473 -0.00117845 0.99999709 -0.00210697 0.00855226 0.00211698 0.99996119
0.99995939 0.00244132 -0.00867480 -0.00243984 0.99999701 0.00018105 0.00867521 -0.00015988 0.99996236
0.99995771 0.00121661 -0.00911576 -0.00119444 0.99999632 0.00243681 0.00911870 -0.00242581 0.99995548
0.99995657 0.00121814 -0.00923969 -0.00120080 0.99999751 0.00188212 0.00924196 -0.00187094 0.99995554
0.99995019 0.00109278 -0.00992070 -0.00109903 0.99999920 -0.00062490 0.00992001 0.00063577 0.99995059
0.99994864 0.00144343 -0.01003209 -0.00145407 0.99999839 -0.00105403 0.01003056 0.00106856 0.99994912
0.99993993 0.00310262 -0.01051262 -0.00310732 0.99999508 -0.00043159 0.01051123 0.00046423 0.99994465
0.99993639 0.00289250 -0.01090145 -0.00288699 0.99999570 0.00052128 0.01090291 -0.00048978 0.99994044
0.99992422 0.00381260 -0.01170522 -0.00381527 0.99999270 -0.00020563 0.01170435 0.00025027 0.99993147
0.99992351 0.00310736 -0.01197194 -0.00310206 0.99999508 0.00046165 0.01197331 -0.00042447 0.99992823
0.99992144 0.00159603 -0.01243242 -0.00160010 0.99999867 -0.00031780 0.01243189 0.00033767 0.99992266
0.99990468 0.00126787 -0.01374839 -0.00126726 0.99999920 0.00005268 0.01374844 -0.00003525 0.99990549
0.99989679 0.00069560 -0.01435013 -0.00070389 0.99999959 -0.00057320 0.01434973 0.00058324 0.99989687
0.99989376 0.00196920 -0.01444242 -0.00198885 0.99999712 -0.00134606 0.01443973 0.00137464 0.99989480
0.99988782 0.00255354 -0.01475874 -0.00255157 0.99999673 0.00015237 0.01475908 -0.00011469 0.99989107
0.99989086 0.00287960 -0.01449083 -0.00287709 0.99999584 0.00019367 0.01449133 -0.00015196 0.99989498
0.99988485 0.00248688 -0.01497006 -0.00251041 0.99999564 -0.00155308 0.01496613 0.00159049 0.99988674
0.99989014 0.00312146 -0.01449008 -0.00312948 0.99999496 -0.00053133 0.01448835 0.00057662 0.99989487
0.99988885 0.00274262 -0.01465520 -0.00274375 0.99999623 -0.00005723 0.01465498 0.00009743 0.99989261
0.99988879 0.00308179 -0.01459177 -0.00309639 0.99999473 -0.00097815 0.01458868 0.00102323 0.99989306
0.99988878 0.00380456 -0.01442051 -0.00382878 0.99999130 -0.00165270 0.01441410 0.00170773 0.99989465
0.99989384 0.00223721 -0.01439790 -0.00225346 0.99999684 -0.00111286 0.01439536 0.00114519 0.99989573
0.99988589 0.00235638 -0.01492161 -0.00237520 0.99999641 -0.00124360 0.01491862 0.00127890 0.99988789
0.99987905 0.00118452 -0.01550778 -0.00119643 0.99999900 -0.00075923 0.01550686 0.00077770 0.99987946
0.99987162 0.00049619 -0.01601556 -0.00053084 0.99999753 -0.00215960 0.01601444 0.00216783 0.99986941
0.99986965 0.00028674 -0.01614319 -0.00033967 0.99999458 -0.00327582 0.01614216 0.00328087 0.99986432
0.99984689 0.00057003 -0.01748899 -0.00060267 0.99999809 -0.00186088 0.01748789 0.00187113 0.99984532
0.99984406 0.00081940 -0.01764037 -0.00084764 0.99999837 -0.00159345 0.01763904 0.00160815 0.99984313
0.99983930 0.00110693 -0.01789248 -0.00111769 0.99999920 -0.00059134 0.01789181 0.00061124 0.99983974
0.99984077 0.00117973 -0.01780557 -0.00118925 0.99999916 -0.00052416 0.01780494 0.00054525 0.99984133
0.99982215 0.00100285 -0.01883255 -0.00101343 0.99999933 -0.00055239 0.01883198 0.00057138 0.99982250
0.99981248 0.00138264 -0.01931569 -0.00139889 0.99999868 -0.00082802 0.01931452 0.00085488 0.99981309
0.99980997 0.00088319 -0.01947414 -0.00088942 0.99999956 -0.00031147 0.01947385 0.00032873 0.99981031
0.99980880 0.00095405 -0.01953069 -0.00094662 0.99999948 0.00038996 0.01953105 -0.00037140 0.99980918
0.99981175 0.00034619 -0.01939962 -0.00032951 0.99999957 0.00086339 0.01939991 -0.00085683 0.99981144
0.99982238 0.00057377 -0.01883804 -0.00057392 0.99999984 -0.00000253 0.01883804 0.00001334 0.99982255
0.99982325 0.00094547 -0.01877690 -0.00095887 0.99999929 -0.00070461 0.01877623 0.00072249 0.99982345
0.99982804 0.00055414 -0.01853627 -0.00057853 0.99999897 -0.00131081 0.01853552 0.00132130 0.99982733
0.99983417 0.00132619 -0.01816244 -0.00134620 0.99999850 -0.00108957 0.01816097 0.00111384 0.99983446
0.99984142 0.00168143 -0.01772887 -0.00170423 0.99999774 -0.00127119 0.01772669 0.00130120 0.99984202
0.99983997 0.00232925 -0.01773732 -0.00234319 0.99999696 -0.00076509 0.01773548 0.00080653 0.99984239
0.99985533 0.00310273 -0.01672425 -0.00310608 0.99999516 -0.00017431 0.01672363 0.00022623 0.99986012
0.99987171 0.00285990 -0.01575995 -0.00286232 0.99999589 -0.00013099 0.01575951 0.00017609 0.99987580
0.99988348 0.00266453 -0.01503083 -0.00267433 0.99999622 -0.00063243 0.01502909 0.00067255 0.99988683
0.99989867 0.00270253 -0.01397643 -0.00272003 0.99999554 -0.00123297 0.01397304 0.00127086 0.99990156
0.99991391 0.00362912 -0.01260947 -0.00364856 0.99999219 -0.00151887 0.01260386 0.00156474 0.99991934
0.99993908 0.00202256 -0.01085090 -0.00203501 0.99999728 -0.00113637 0.01084858 0.00115839 0.99994048
0.99995970 0.00077150 -0.00894454 -0.00079179 0.99999712 -0.00226459 0.00894276 0.00227158 0.99995743
0.99997493 -0.00042661 -0.00706814 0.00040614 0.99999572 -0.00289732 0.00706935 0.00289438 0.99997082
0.99997926 -0.00193324 -0.00614317 0.00192065 0.99999604 -0.00205558 0.00614712 0.00204374 0.99997902
0.99998159 -0.00197173 -0.00573863 0.00196787 0.99999783 -0.00067811 0.00573995 0.00066680 0.99998330
0.99998187 -0.00280765 -0.00532703 0.00281046 0.99999592 0.00052082 0.00532554 -0.00053578 0.99998568
0.99998767 -0.00143947 -0.00475222 0.00144055 0.99999894 0.00022376 0.00475189 -0.00023061 0.99998868
0.99999088 -0.00126495 -0.00407896 0.00126830 0.99999886 0.00081888 0.00407792 -0.00082404 0.99999135
0.99999297 -0.00045125 -0.00372161 0.00045230 0.99999986 0.00028095 0.00372148 -0.00028263 0.99999304
0.99999498 -0.00138402 -0.00284893 0.00138538 0.99999893 0.00047329 0.00284827 -0.00047723 0.99999583
0.99999761 0.00037526 -0.00215361 -0.00037540 0.99999993 -0.00006170 0.00215359 0.00006251 0.99999768
0.99999907 -0.00017003 -0.00135142 0.00016848 0.99999933 -0.00114878 0.00135161 0.00114855 0.99999843
0.99999900 0.00002423 -0.00141356 -0.00002636 0.99999887 -0.00150354 0.00141352 0.00150358 0.99999787
0.99999910 -0.00005834 -0.00133908 0.00005616 0.99999867 -0.00162909 0.00133917 0.00162901 0.99999778
0.99999928 -0.00071418 -0.00096154 0.00071231 0.99999785 -0.00194717 0.00096293 0.00194648 0.99999764
0.99999962 0.00045020 -0.00073998 -0.00045201 0.99999689 -0.00245126 0.00073888 0.00245159 0.99999672
0.99999980 -0.00008361 -0.00062792 0.00008238 0.99999810 -0.00194666 0.00062808 0.00194661 0.99999791
0.99999983 0.00007561 -0.00057764 -0.00007585 0.99999991 -0.00042284 0.00057761 0.00042288 0.99999974
0.99999968 0.00058019 -0.00054324 -0.00057985 0.99999964 0.00062342 0.00054360 -0.00062311 0.99999966
0.99999986 0.00053098 -0.00007567 -0.00053092 0.99999951 0.00083103 0.00007611 -0.00083099 0.99999965
0.99999960 0.00089649 0.00005335 -0.00089650 0.99999956 0.00029006 -0.00005309 -0.00029011 0.99999996
0.99999973 -0.00013751 0.00072032 0.00013764 0.99999997 -0.00018878 -0.00072029 0.00018888 0.99999972
0.99999976 0.00053729 0.00044719 -0.00053727 0.99999985 -0.00004736 -0.00044721 0.00004712 0.99999990
0.99999997 -0.00008736 0.00021717 0.00008744 0.99999994 -0.00033933 -0.00021714 0.00033935 0.99999992
0.99999992 -0.00030181 -0.00027534 0.00030181 0.99999995 0.00000951 0.00027533 -0.00000959 0.99999996
0.99999995 -0.00019326 -0.00023365 0.00019331 0.99999996 0.00019786 0.00023362 -0.00019790 0.99999995
0.99999994 0.00035118 -0.00007200 -0.00035117 0.99999993 0.00009493 0.00007203 -0.00009490 0.99999999
0.99999993 -0.00036419 -0.00005457 0.00036420 0.99999992 0.00013860 0.00005452 -0.00013862 0.99999999
0.99999979 0.00059989 -0.00024328 -0.00059993 0.99999981 -0.00015878 0.00024319 0.00015893 0.99999996
0.99999988 -0.00045499 -0.00019628 0.00045498 0.99999989 -0.00009242 0.00019633 0.00009234 0.99999998
1.00000000 -0.00001246 -0.00009528 0.00001246 1.00000000 0.00000736 0.00009528 -0.00000736 1.00000000
0.99999937 0.00112003 -0.00010424 -0.00111998 0.99999926 0.00048176 0.00010478 -0.00048165 0.99999988
0.99999989 0.00044472 -0.00013484 -0.00044471 0.99999990 0.00004547 0.00013486 -0.00004541 0.99999999
0.99999998 -0.00017730 -0.00012010 0.00017730 0.99999998 0.00000825 0.00012010 -0.00000827 0.99999999
0.99999994 -0.00023635 0.00026431 0.00023627 0.99999992 0.00031872 -0.00026439 -0.00031866 0.99999991
0.99999983 0.00052743 0.00023806 -0.00052746 0.99999985 0.00013715 -0.00023799 -0.00013727 0.99999996
0.99999929 0.00110315 0.00044856 -0.00110313 0.99999939 -0.00005216 -0.00044861 0.00005167 0.99999990
0.99999896 0.00122094 0.00076274 -0.00122050 0.99999909 -0.00057369 -0.00076344 0.00057276 0.99999954
0.99999930 0.00076999 0.00089911 -0.00076994 0.99999970 -0.00005553 -0.00089915 0.00005484 0.99999959
0.99999973 0.00029466 0.00067751 -0.00029471 0.99999995 0.00007125 -0.00067749 -0.00007145 0.99999977
0.99999983 0.00024867 0.00053440 -0.00024860 0.99999996 -0.00011842 -0.00053443 0.00011829 0.99999985
0.99999952 0.00077496 0.00060542 -0.00077521 0.99999961 0.00041706 -0.00060510 -0.00041753 0.99999973
0.99999983 0.00018413 0.00055839 -0.00018428 0.99999995 0.00026556 -0.00055834 -0.00026566 0.99999981
0.99999997 -0.00003080 0.00025620 0.00003101 0.99999966 -0.00082250 -0.00025618 0.00082250 0.99999963
0.99999983 -0.00038739 0.00043550 0.00038763 0.99999977 -0.00055323 -0.00043529 0.00055340 0.99999975
0.99999990 0.00040390 0.00017879 -0.00040391 0.99999992 0.00005283 -0.00017876 -0.00005290 0.99999998
0.99999964 0.00076732 0.00036812 -0.00076718 0.99999963 -0.00038682 -0.00036841 0.00038653 0.99999986
0.99999934 0.00109134 0.00036604 -0.00109120 0.99999933 -0.00039130 -0.00036647 0.00039090 0.99999986
0.99999986 0.00049092 0.00021573 -0.00049091 0.99999988 -0.00007046 -0.00021577 0.00007035 0.99999997
0.99999994 0.00021295 0.00027239 -0.00021286 0.99999992 -0.00034157 -0.00027246 0.00034151 0.99999990
0.99999994 0.00025833 0.00022959 -0.00025825 0.99999991 -0.00034909 -0.00022968 0.00034903 0.99999991
0.99999968 0.00080049 0.00007645 -0.00080044 0.99999948 -0.00062428 -0.00007695 0.00062421 0.99999980
0.99999986 0.00052798 0.00003102 -0.00052794 0.99999918 -0.00116828 -0.00003163 0.00116826 0.99999932
0.99999988 0.00035128 0.00034205 -0.00035074 0.99999867 -0.00159542 -0.00034261 0.00159530 0.99999867
0.99999999 0.00012263 0.00007133 -0.00012253 0.99999900 -0.00141193 -0.00007150 0.00141192 0.99999900
0.99999990 0.00043480 0.00014415 -0.00043473 0.99999978 -0.00050141 -0.00014437 0.00050135 0.99999986
0.99999982 0.00055793 0.00020340 -0.00055795 0.99999984 0.00011030 -0.00020334 -0.00011041 0.99999997
0.99999976 0.00069285 0.00004297 -0.00069283 0.99999972 -0.00028058 -0.00004316 0.00028055 0.99999996
0.99999995 0.00029127 0.00012303 -0.00029125 0.99999994 -0.00016864 -0.00012308 0.00016861 0.99999998
0.99999992 0.00031612 0.00022894 -0.00031615 0.99999994 0.00013268 -0.00022890 -0.00013276 0.99999996
0.99999995 0.00030380 0.00007527 -0.00030379 0.99999994 -0.00019134 -0.00007533 0.00019132 0.99999998
0.99999979 0.00064408 0.00007488 -0.00064406 0.99999975 -0.00029725 -0.00007507 0.00029720 0.99999995
0.99999984 0.00053430 0.00016679 -0.00053429 0.99999986 -0.00002255 -0.00016680 0.00002246 0.99999999
0.99999997 0.00024438 0.00000022 -0.00024438 0.99999993 -0.00029267 -0.00000029 0.00029267 0.99999996
0.99999990 0.00045031 -0.00001379 -0.00045031 0.99999981 -0.00041319 0.00001361 0.00041320 0.99999991
0.99999992 0.00040163 0.00002814 -0.00040162 0.99999987 -0.00032300 -0.00002827 0.00032298 0.99999995
0.99999977 0.00067502 0.00000235 -0.00067502 0.99999955 -0.00066258 -0.00000280 0.00066258 0.99999978
0.99999977 0.00066971 -0.00004645 -0.00066973 0.99999971 -0.00037129 0.00004621 0.00037132 0.99999993
0.99999996 0.00028307 0.00003604 -0.00028307 0.99999996 0.00002092 -0.00003603 -0.00002093 1.00000000
0.99999995 0.00029970 0.00001880 -0.00029969 0.99999994 -0.00015008 -0.00001885 0.00015008 0.99999999
0.99999993 0.00036375 0.00009236 -0.00036374 0.99999993 -0.00009333 -0.00009240 0.00009330 0.99999999
0.99999983 0.00058022 0.00003113 -0.00058022 0.99999983 -0.00004979 -0.00003116 0.00004977 1.00000000
0.99999994 0.00033625 -0.00002526 -0.00033625 0.99999991 -0.00025459 0.00002518 0.00025460 0.99999997
0.99999992 0.00039351 -0.00000976 -0.00039351 0.99999980 -0.00049001 0.00000957 0.00049001 0.99999988
0.99999991 0.00042281 -0.00000622 -0.00042281 0.99999988 -0.00025659 0.00000611 0.00025659 0.99999997
0.99999991 0.00042072 -0.00001693 -0.00042072 0.99999990 0.00015957 0.00001699 -0.00015957 0.99999999
0.99999991 0.00042901 -0.00000362 -0.00042901 0.99999980 -0.00045686 0.00000342 0.00045687 0.99999990
0.99999994 0.00033091 0.00004766 -0.00033089 0.99999988 -0.00035500 -0.00004777 0.00035498 0.99999994
0.99999986 0.00052666 -0.00002484 -0.00052666 0.99999986 0.00001640 0.00002484 -0.00001639 1.00000000
0.99999988 0.00048572 0.00001509 -0.00048571 0.99999985 -0.00024944 -0.00001521 0.00024943 0.99999997
0.99999983 0.00057582 0.00001413 -0.00057581 0.99999981 -0.00020342 -0.00001425 0.00020342 0.99999998
0.99999986 0.00052969 0.00002579 -0.00052968 0.99999986 -0.00009396 -0.00002584 0.00009395 1.00000000
0.99999990 0.00044793 0.00002384 -0.00044793 0.99999989 -0.00010229 -0.00002388 0.00010228 0.99999999
0.99999983 0.00057409 0.00006251 -0.00057407 0.99999981 -0.00023153 -0.00006264 0.00023149 0.99999997
0.99999990 0.00045147 0.00002780 -0.00045146 0.99999987 -0.00021516 -0.00002790 0.00021514 0.99999998
0.99999990 0.00044582 -0.00007180 -0.00044582 0.99999990 -0.00005310 0.00007178 0.00005313 1.00000000
0.99999994 0.00034917 0.00004898 -0.00034916 0.99999992 -0.00018377 -0.00004905 0.00018376 0.99999998
0.99999993 0.00038617 -0.00001450 -0.00038618 0.99999990 -0.00022194 0.00001441 0.00022195 0.99999998
0.99999992 0.00039565 -0.00001045 -0.00039565 0.99999992 -0.00007976 0.00001042 0.00007977 1.00000000
0.99999987 0.00050963 0.00000327 -0.00050963 0.99999986 -0.00014269 -0.00000334 0.00014269 0.99999999
0.99999991 0.00042943 0.00004134 -0.00042942 0.99999989 -0.00021154 -0.00004143 0.00021153 0.99999998
1.00000000 0.00000000 0.00000000 0.00000000 1.00000000 0.00000000 0.00000000 0.00000000 1.00000000
1.00000000 0.00000000 0.00000000 0.00000000 1.00000000 0.00000000 0.00000000 0.00000000 1.00000000
1.00000000 0.00000000 0.00000000 0.00000000 1.00000000 0.00000000 0.00000000 0.00000000 1.00000000
