0.05391376 -0.01913194 1.00071117
0.04387605 -0.02440999 0.99853485
0.03868809 -0.01354077 1.00064355
0.05641749 0.00260977 0.99208921
0.03078250 -0.01315018 0.99799846
0.06305230 -0.01631093 0.99025708
0.03998126 -0.00308291 0.99041040
0.03138887 -0.01127367 0.98712621
0.05083262 -0.02233890 0.98577916
0.05687030 -0.02311867 0.98294797
0.05863602 -0.03182372 0.97940423
0.03932988 -0.00730465 0.97889915
0.05525379 -0.00511135 0.97456010
0.06371001 -0.03178914 0.97198670
0.04540285 -0.02338488 0.96550937
0.09430172 -0.03850082 0.96308099
0.04013652 -0.01580246 0.96411833
0.05080959 -0.01846975 0.95913643
0.03613155 -0.00809586 0.95530934
0.06449110 -0.02018585 0.95033743
0.05267722 -0.01418666 0.95042012
0.10304039 -0.10576164 0.94129933
0.04677907 -0.01295155 0.95127583
0.04562782 -0.00404552 0.95948036
0.04581534 -0.02127701 0.96233274
0.05950725 0.01190399 0.96320205
0.03285355 -0.00967803 0.97646189
0.06216614 -0.02520874 0.98491678
0.02927429 -0.01049666 0.99251723
0.02859729 -0.01396538 0.99227541
0.02765828 -0.01217652 1.00013756
0.04688636 -0.01446611 1.01433802
0.06413898 -0.01025105 1.02499414
0.04005645 -0.01191021 1.03850701
-0.01920383 -0.01302386 1.05252615
0.01198105 0.00705274 1.06414806
0.05452019 0.00665128 1.07638386
0.11286000 0.00221197 1.08651241
0.04714966 0.00462394 1.10300962
0.01898199 -0.01675940 1.11592388
0.03669770 -0.00793797 1.12883195
0.06611538 0.00243057 1.13344152
0.02397106 -0.01314779 1.14227353
-0.04459716 -0.00245314 1.14863308
0.06523634 0.02122807 1.15956195
-0.00590300 -0.01491663 1.17990155
-0.01546422 -0.02544773 1.20325481
-0.01496302 -0.00711555 1.22783565
0.01281732 0.00067455 1.25184455
0.02024456 -0.02852646 1.26885030
-0.02685730 -0.00998774 1.29463018
0.03904213 0.00737099 1.31537009
0.00778285 0.00030394 1.34140843
0.05069460 0.03521914 1.36353919
0.01402322 0.01152189 1.38390696
0.06129948 0.02931840 1.40331919
-0.01192327 0.00494536 1.42451560
0.01974197 0.00292115 1.44809056
0.01661848 0.02419811 1.46370742
0.03687119 -0.00881610 1.48644117
0.00042335 -0.00918074 1.51059539
-0.00310394 -0.00233225 1.53012062
0.07522035 -0.02458511 1.54987766
-0.00382276 0.02553972 1.56885059
0.02433588 -0.01132169 1.59803807
0.05557402 0.01438390 1.61404854
0.03365205 0.00863595 1.63458581
-0.04219668 0.02406071 1.64981328
0.01064811 -0.01343260 1.65972313
0.04659377 -0.01109707 1.67650106
-0.01073509 0.00805450 1.69058326
0.00658770 0.00384634 1.70501384
0.00551409 -0.00253301 1.72590267
-0.03246856 -0.01548125 1.73794010
0.08653569 0.04752113 1.75256778
-0.08316120 -0.07491489 1.76798750
0.00219922 -0.00662096 1.78166416
0.09779853 0.00772401 1.79362777
-0.08470477 -0.08111221 1.80695659
-0.01307983 0.00124465 1.83200233
-0.12905249 -0.04682982 1.83816434
-0.00845784 -0.02839470 1.86007767
0.00088413 -0.02833672 1.87150574
0.01538249 -0.01011444 1.89063192
-0.02206832 -0.00566683 1.90355836
-0.04436171 -0.02369764 1.91445157
-0.02918461 -0.01527330 1.92517990
-0.01491647 0.02075503 1.93083269
-0.07241579 0.00476334 1.94376760
0.00756527 -0.04903956 1.95300495
-0.02018023 -0.00951662 1.96786730
-0.01565414 -0.01971151 1.97915144
0.08342845 0.02189223 1.98802144
0.00367579 -0.02670190 2.00104200
-0.07580733 -0.00131727 2.00771929
0.00795090 -0.01564502 2.01611727
0.00772545 -0.01125270 2.02610779
0.01112805 -0.01940611 2.04149545
-0.03773192 0.01047001 2.04936292
0.02908119 -0.03834223 2.05392998
-0.26447444 0.06396204 2.05100631
0.57619071 0.12429379 1.98934923
-0.02667480 -0.08948630 2.08712892
0.05588135 -0.02481910 2.09311142
-0.02439001 0.00236237 2.10570322
0.01074439 -0.00378806 2.11380516
0.02362125 -0.01855226 2.12910282
-0.00565442 -0.01546967 2.12762106
-0.02105220 -0.00966153 2.14234169
-0.00271355 0.00319350 2.15239418
0.00975210 -0.02204930 2.15482086
0.02893485 -0.02093328 2.16551193
0.04752469 0.00552504 2.18272762
0.03113186 -0.01559689 2.18042168
0.05960549 -0.03997111 2.19282794
0.04532261 -0.00956909 2.20013174
0.06430269 -0.02891386 2.20463485
-0.04213249 -0.02337344 2.22201636
0.01791557 -0.02838366 2.22765514
0.03932602 -0.03036141 2.23585080
0.33424357 -0.10888504 2.21778547
-0.02259195 -0.00836735 2.25523444
0.06839360 -0.03474426 2.26156803
0.03892866 0.03992237 2.26941035
0.14233175 0.04540181 2.27601469
-0.02155754 0.00173186 2.28698071
-0.00286714 0.00587732 2.29435119
0.03496495 -0.04644202 2.30459088
-0.08897672 -0.03424987 2.31296755
0.06409622 0.08640935 2.31671338
-0.04794784 0.01941923 2.32415003
0.08550119 -0.10913289 2.33852622
0.01196609 0.00112222 2.34925427
-0.00107617 -0.01363363 2.35252436
-0.09685566 -0.02107648 2.36537345
-0.00112140 -0.02981937 2.35114400
0.02763758 -0.02597178 2.38017311
0.01409410 -0.02715460 2.36362545
0.16383616 -0.00108610 2.37287392
-0.03685738 0.00426344 2.38310767
0.03501943 -0.02228730 2.38600634
0.04171739 0.00293166 2.38298781
-0.00840444 -0.02126235 2.39338422
-0.13947052 0.01616234 2.40490692
0.03260551 -0.03235921 2.38542999
0.01104944 -0.00926907 2.39857941
0.06616293 -0.03234569 2.40173502
0.05943693 0.00613529 2.40076587
-0.07704813 0.00355021 2.40540961
-0.08151827 0.03854880 2.40294729
0.32902388 -0.12324235 2.37813415
-0.14799623 -0.05972373 2.40566949
-0.06445826 -0.03604997 2.40660438
-0.01163855 -0.02938091 2.40868264
-0.00983314 -0.02203867 2.40599896
-0.27815383 0.01152805 2.38735914
0.17967794 -0.05353876 2.39695365
0.43803529 0.03218169 2.36146531
-0.03816988 -0.01652706 2.40554809
-0.16314961 0.02239481 2.39221478
0.10740162 -0.04381189 2.40428722
0.00286492 0.02867806 2.41152162
0.08718941 0.03282985 2.41113900
0.07352227 0.00886955 2.41658649
0.05482365 0.03251346 2.41404701
-0.16317595 -0.01639410 2.43249837
-0.01197617 -0.02300821 2.41573549
-0.01011892 -0.02285905 2.43831296
0.04043705 -0.03164006 2.45241681
0.03238099 0.00686122 2.45419589
0.04065133 0.01670451 2.47584422
0.01918756 -0.02392820 2.47988452
-0.14174946 -0.01557785 2.50190741
0.16488384 0.06509040 2.48380433
-0.07424147 -0.02159169 2.50873204
0.03092695 -0.00758544 2.53087466
-0.00325940 -0.00208662 2.53760818
0.02763427 0.01185457 2.55280424
-0.11075349 -0.02323792 2.55509717
-0.00368434 -0.01533920 2.57717297
-0.04549560 -0.04278311 2.57463326
0.09485597 0.02849399 2.59137101
-0.10128753 -0.01253825 2.59922466
-0.01205879 -0.02571047 2.61451806
-0.04397424 -0.00446851 2.62829208
-0.11510705 0.02988134 2.63763334
0.04986045 0.01097832 2.65046887
-0.00248067 -0.00629798 2.65814839
-0.04698180 -0.00232552 2.66431949
0.02047317 -0.00998579 2.67882950
-0.07063477 0.01465435 2.69144720
0.18132096 -0.06666684 2.68308368
0.00873009 0.03119838 2.69329210
0.05668658 0.00332476 2.69139339
0.03557941 -0.03854872 2.69851211
-0.01893741 -0.02034840 2.70183566
0.03102241 -0.03435762 2.70216709
0.04034984 -0.06398240 2.70404054
-0.03674444 -0.03102995 2.70420203
-0.01603169 -0.01887916 2.71562733
-0.01112452 -0.02432404 2.71498884
0.00015463 -0.01483171 2.71596802
-0.00500442 -0.00181188 2.71999552
-0.03749375 -0.02576643 2.71516501
0.00389723 -0.02558835 2.72880615
0.03168767 -0.03181567 2.71935336
0.00449110 -0.02717611 2.71962001
0.00606565 -0.02397648 2.73125402
0.01160025 -0.04029812 2.72059420
0.07618304 -0.02795161 2.72040948
-0.06125001 -0.04290246 2.71832371
0.03413920 -0.02812832 2.72061708
0.10014262 -0.03193840 2.71111323
-0.00248966 -0.02673849 2.71757927
-0.06986438 -0.03905917 2.71920279
0.09105859 -0.07565090 2.68887637
0.06661936 -0.03622648 2.70441042
0.02556159 -0.01321211 2.70752854
0.02226881 0.00648515 2.71499114
0.02998456 -0.00664409 2.71502920
0.01884693 -0.00418236 2.70887115
0.00765705 -0.04907947 2.69937671
-0.00912528 -0.05755581 2.69227001
-0.02180795 -0.05241058 2.69427909
-0.09431702 -0.04601467 2.69481615
-0.07881314 -0.01941854 2.69579292
-0.02017648 -0.00742269 2.69392879
-0.09692635 -0.02790272 2.68334428
-0.07633003 -0.02248089 2.69783084
-0.01673331 -0.04146062 2.69076576
-0.19408895 -0.05145491 2.68673032
-0.06109965 -0.02209903 2.69386734
-0.13108910 -0.01185854 2.68110793
-0.04373733 -0.02080586 2.69745136
-0.08880401 -0.04276352 2.68460288
-0.08006701 -0.03127788 2.68220112
-0.04576103 -0.03386228 2.68296927
0.03426979 -0.00464165 2.68407571
-0.05794013 -0.00515390 2.68711029
0.05840037 -0.02652296 2.68013259
0.04088159 -0.01985392 2.68309694
-0.01318117 -0.02800495 2.67432760
-0.01156400 -0.02772656 2.67994912
-0.00781534 -0.02383163 2.67192017
-0.05884191 -0.02234286 2.67384639
-0.08099498 -0.05611503 2.66988704
-0.06975746 -0.04283437 2.66038510
0.00020204 -0.03269858 2.67924600
-0.00381638 -0.01578818 2.67767352
-0.04845625 -0.03343878 2.67571663
-0.03264644 -0.02880010 2.66839910
0.01315827 -0.03309502 2.66477166
-0.03515908 -0.03377124 2.67394749
-0.05894659 -0.03437878 2.67111855
-0.08207317 -0.03239465 2.66729887
-0.00142958 -0.03612896 2.66613511
-0.09379452 -0.03897700 2.66575911
-0.05971081 -0.00723393 2.66920789
0.01661257 -0.02493059 2.66597105
-0.03059539 -0.03279546 2.66216577
-0.02904566 -0.03835120 2.66473007
-0.06792898 -0.02991651 2.65701886
-0.01870326 -0.02044842 2.66902146
0.01213684 -0.05122923 2.66629479
-0.01911959 -0.03344414 2.66305309
-0.01415388 -0.02969250 2.66076657
0.11266182 -0.01994319 2.66328294
-0.03459122 -0.03791311 2.66075076
-0.09916345 -0.04963383 2.66248555
-0.04006358 -0.02474219 2.66087410
0.00938591 -0.02418682 2.65935574
-0.00167768 -0.05353000 2.66566922
-0.08551567 -0.02209189 2.66047093
-0.00281385 -0.05368424 2.66100913
-0.06597173 -0.04617218 2.66019837
-0.02086684 -0.03285954 2.65449201
-0.02018859 -0.03404269 2.67233325
-0.03862995 -0.01722654 2.66269223
-0.02806337 -0.03858000 2.66188225
0.31069195 -0.02322238 2.64368701
0.00864814 -0.03882228 2.65546516
-0.02860709 -0.01414854 2.66839291
-0.00587177 -0.03089281 2.66158176
-0.12105303 -0.02134621 2.65906808
-0.01702862 -0.02787965 2.66063070
-0.09867345 -0.04371828 2.65872002
-0.02345295 -0.01574312 2.66650093
-0.03671661 -0.04768540 2.66130198
-0.01373867 -0.02901033 2.65973149
0.07339301 -0.02621223 2.66052485
-0.04620465 -0.04194509 2.65463382
0.07383690 -0.02836274 2.66781956
-0.00936438 -0.02709095 2.66096188
-0.02838869 -0.04337440 2.66212352
-0.00838324 -0.02730008 2.66436065
0.01168768 -0.04111864 2.66587591
-0.10258972 -0.02220923 2.66535930
-0.02912227 -0.07101137 2.66007839
-0.00988518 -0.05252743 2.66569689
0.00934540 -0.04071832 2.65784031
-0.05826984 -0.03858074 2.67053394
-0.15469346 -0.05135027 2.66557246
-0.02258265 -0.02567892 2.66366037
-0.09176855 -0.04618374 2.66420025
0.06137103 -0.03877930 2.66339397
-0.00049834 -0.03032650 2.67390520
-0.05066075 -0.03207348 2.66782531
-0.04163175 -0.03650965 2.67132574
-0.02655599 -0.03094639 2.66652640
-0.01403117 -0.04685901 2.66343802
0.00447446 -0.07271417 2.67513263
-0.01289669 -0.03312419 2.67057477
0.07738676 -0.02479649 2.66614057
-0.03016267 -0.04711489 2.66875599
-0.07582799 -0.06422319 2.65663919
-0.10210127 -0.03592468 2.66447864
0.00008215 -0.04540267 2.66020748
-0.00954732 -0.04187739 2.67001706
-0.06788375 -0.01985732 2.68696712
-0.02903347 -0.02610946 2.61823029
-0.24095964 -0.05324131 2.64728862
-0.20288339 -0.06602904 2.64652048
-0.08591267 -0.01834103 2.65743244
-0.01550974 -0.03253053 2.65750719
0.04241726 -0.02157011 2.65344099
-0.07011291 -0.04571298 2.65739730
0.02238333 -0.03068138 2.66058692
-0.01897429 -0.02962010 2.66112161
-0.01794514 -0.03917877 2.65391409
-0.00464782 -0.03186279 2.66451273
0.10866869 -0.02576085 2.65835043
0.14705656 0.00991916 2.64938821
0.08045506 -0.04129854 2.66256517
-0.03492603 -0.04455725 2.65547100
-0.04192532 -0.03202295 2.66123424
-0.01687415 -0.03017205 2.66426316
0.04732928 -0.04237216 2.65892040
0.01445682 -0.03444061 2.66196377
-0.05244974 -0.02390780 2.65785724
-0.04161349 -0.04187417 2.66586647
0.04050253 -0.02056910 2.65853984
-0.00407626 -0.03943021 2.66387606
-0.08011155 -0.03168550 2.64829305
-0.02071075 -0.03136712 2.65841624
-0.01554881 -0.02901041 2.65979238
0.01046881 -0.02917059 2.65404634
0.00804517 -0.05131843 2.65571739
-0.02261444 -0.02038817 2.65470761
-0.03029186 -0.02505654 2.65227471
-0.03397679 -0.03211745 2.65844015
-0.04168239 -0.03966449 2.65169223
0.17651554 0.00915406 2.64719483
-0.01950071 -0.02875239 2.64732851
0.11795354 -0.01054944 2.64631824
0.00296847 -0.02324907 2.65901874
-0.01217476 -0.04226683 2.65428312
-0.03114485 -0.02957720 2.65165620
-0.03672562 -0.04092789 2.65296678
0.04295683 -0.01905324 2.65603876
0.05871367 -0.02094479 2.65348125
0.01844966 -0.03362640 2.65817122
-0.04044923 -0.04553861 2.65254939
-0.03903862 -0.03060086 2.65720642
-0.01807677 -0.03234866 2.65780399
-0.02487565 -0.03619698 2.65867353
-0.14277457 -0.04422065 2.65269138
-0.00237751 -0.02167287 2.65466930
-0.03422674 -0.03345254 2.65168091
-0.03054999 -0.02978309 2.65830438
-0.03162829 -0.03118623 2.65614510
-0.00523493 -0.02978077 2.65892357
-0.04532611 -0.03858885 2.65660967
-0.07691948 -0.02983234 2.65183875
-0.04174999 -0.00963981 2.66024178
-0.04963918 -0.06937538 2.65518389
-0.02712190 -0.03482764 2.65260730
-0.07200168 -0.05597269 2.65392674
-0.01981713 -0.03916160 2.65966072
-0.09327457 -0.05884822 2.65075612
-0.01327597 -0.02898212 2.65148518
-0.04697209 -0.03509417 2.64545342
-0.06381078 -0.03767667 2.64546368
0.08876181 -0.02648851 2.64455553
-0.09963357 -0.05846042 2.64779521
-0.03950278 -0.04508618 2.64816054
-0.01899898 -0.04006580 2.65024220
0.03806460 -0.02006752 2.65035424
0.08957826 0.00360711 2.64613841
-0.02342839 -0.03130137 2.64424926
0.00027347 -0.03719371 2.64895665
0.09293308 0.01248964 2.64390865
-0.03197839 -0.03151802 2.65312213
0.16189067 -0.07387504 2.64272413
0.13241346 -0.06503123 2.64327917
0.02825048 -0.01890246 2.64763509
-0.00253630 -0.03486267 2.64985575
-0.00868538 -0.03777995 2.64828754
-0.01479385 -0.02903127 2.65303574
-0.02134953 -0.04384304 2.64788536
0.13169645 0.00129720 2.64767569
-0.07790191 -0.06954267 2.64584222
-0.01650650 -0.02888857 2.64932024
0.14486034 0.02676686 2.65330598
-0.02229055 -0.03159222 2.65228173
-0.02744079 -0.03150948 2.65329418
-0.08229095 -0.05018077 2.65298050
0.02826332 -0.04372620 2.65036326
-0.02544211 -0.03615090 2.65520952
-0.02231086 -0.02128667 2.65505486
-0.01560395 -0.02580967 2.65184518
-0.01502580 -0.02471397 2.64711299
-0.03337926 -0.02850233 2.65547699
-0.10319075 -0.02269969 2.64792694
-0.00892102 -0.03667076 2.64751268
0.08624439 -0.06443366 2.64747741
0.00895497 -0.05980523 2.63955677
-0.02776753 -0.03836592 2.64651284
-0.00161439 -0.03765471 2.64167129
-0.00887782 -0.03941701 2.64145033
-0.01880878 -0.03274794 2.63787262
0.04692830 -0.00940636 2.63489435
0.01755288 -0.02877093 2.63240306
-0.02898072 -0.02430522 2.63084270
-0.13728042 -0.01772089 2.62964519
0.15817779 0.03246891 2.62991293
0.00168143 -0.02280365 2.62977257
-0.01084654 -0.01467226 2.63749412
-0.00158966 -0.02820125 2.63260414
-0.24818237 -0.06634941 2.62434008
0.05418726 -0.01245230 2.63395169
-0.01674556 -0.02358280 2.63653193
0.03739791 -0.00810427 2.64211465
-0.00625319 -0.02850380 2.63876565
-0.02009386 -0.02939092 2.63952159
-0.01915858 -0.02367107 2.63635943
0.37344324 -0.07388418 2.61739337
0.00100258 -0.03451569 2.65071942
-0.02090238 -0.02354085 2.64904598
0.01391319 -0.03130156 2.64800229
0.05296197 -0.01468648 2.64933309
0.00288570 -0.03350738 2.65874525
-0.12161802 -0.03092020 2.65429971
-0.02721863 -0.03038675 2.65545165
-0.10068774 -0.04785526 2.65303905
0.52675920 -0.09195395 2.60055621
-0.13078463 -0.07035866 2.66407645
0.18262044 0.01602760 2.65168403
0.00988858 -0.00215394 2.66377699
0.00042252 -0.03218736 2.66306269
0.01169913 -0.01696086 2.66598180
-0.00776984 -0.03241083 2.67044191
-0.31225496 0.03251659 2.64488815
0.05329860 -0.01674197 2.66611942
-0.06590172 -0.04817138 2.65730563
-0.01402084 -0.03497556 2.64791498
0.11529687 -0.03440452 2.65719257
0.09961966 -0.00814678 2.65269704
0.02404087 0.01573791 2.65246264
-0.05405806 -0.06727188 2.64460623
0.06075887 -0.01196242 2.64675605
0.09324989 -0.00837733 2.66439167
0.07159526 -0.01676092 2.60761643
0.12186707 -0.00645911 2.63133385
0.05019178 -0.05434972 2.62146474
0.05594766 0.05661151 -2.62831313
0.00403510 0.03335132 -2.61969126
0.08151334 -0.01350224 2.61560224
0.04200292 -0.03183270 2.61519387
0.06011180 0.02978000 -2.60488758
-0.00830172 -0.03857422 2.62070436
-0.13401297 0.00920740 -2.59897696
-0.01197128 -0.02937408 2.60303512
-0.03402841 -0.02820904 2.60096876
0.04486744 -0.03223805 2.59190974
-0.00353327 -0.03629520 2.59849610
-0.21661029 -0.04924155 2.59623227
0.08883134 -0.01812756 2.59783471
-0.06523914 -0.04139123 2.60172923
-0.02733041 -0.04689960 2.58525957
0.07228102 -0.01534997 2.58515854
0.03802383 -0.01734712 2.59583788
0.07942512 -0.00497038 2.59828409
0.00986231 -0.00729210 2.59915057
-0.13878879 -0.05334999 2.57935268
-0.00818546 -0.02666955 2.59818022
-0.10236832 -0.06530704 2.59393627
0.03830660 -0.01695531 2.59499363
-0.04697708 -0.05181229 2.59727972
-0.00699479 -0.03492719 2.59605810
-0.01847084 -0.03179921 2.60165777
0.03556747 0.01159341 2.60099274
0.00195674 -0.02365870 2.60642159
0.08455175 -0.01749284 2.60020517
-0.04134890 -0.03342456 2.60119873
0.00807317 -0.04195222 2.61145682
-0.00758289 -0.05207696 2.60202093
-0.11447588 -0.02589775 2.60621626
-0.06127867 -0.02645350 2.60382211
0.00576979 -0.00973113 2.61543961
-0.00233076 -0.04598632 2.60303581
-0.00872105 -0.02922453 2.60368402
0.02233933 -0.01103634 2.60415459
0.00399106 -0.01998683 2.60395262
-0.07514288 -0.01387393 2.60688395
0.03211622 0.00646083 2.60684877
0.07224415 -0.02373483 2.60813520
-0.02756734 -0.03494935 2.60754710
-0.10376605 -0.06584291 2.60478502
-0.01171685 -0.03166327 2.60910342
-0.01555151 -0.01579576 2.61133213
-0.02890815 -0.03246376 2.60928275
0.03977640 -0.03671778 2.60779109
-0.01848406 -0.03211711 2.60515767
-0.01353053 -0.03866925 2.60849564
-0.05191982 -0.07282788 2.60072018
-0.10322870 -0.01994016 2.59956307
-0.15087420 -0.00743253 2.59507451
0.05628217 -0.02474879 2.60043358
-0.03092759 -0.01733548 2.59704083
-0.08373359 -0.02636613 2.59185458
0.01170645 -0.03508463 2.58837500
-0.00846190 -0.07959887 2.58739566
-0.14815342 -0.00179673 2.58321967
-0.02430583 -0.02837390 2.58491894
-0.01356545 -0.04155488 2.57892747
-0.01508693 -0.03629825 2.57500260
-0.00020729 -0.01808531 2.57018992
-0.12534156 -0.02629304 2.56950169
-0.07916201 -0.02830096 2.56717679
-0.06330866 -0.03682940 2.56011769
-0.10273773 -0.06101239 2.55651995
0.78782195 -0.14279568 2.42015398
-0.02762166 -0.01482899 2.55766887
0.00768817 -0.04383118 2.55559798
-0.00009384 -0.00661316 2.55323168
-0.04866697 -0.03243864 2.55170489
-0.06335950 -0.02252526 2.54947727
0.06114513 -0.03406874 2.54353442
-0.23905907 -0.03060565 2.53423196
0.03698656 -0.01768647 2.54460389
-0.03204791 -0.01734137 2.54271456
-0.04759200 -0.02637905 2.54838527
0.00850989 -0.01875342 2.54820109
-0.01512457 -0.06073053 2.53934757
-0.15430392 -0.02161295 2.53232591
-0.02884639 -0.05261237 2.53580494
-0.01569218 -0.04051165 2.53745735
-0.11924127 0.00065319 2.53445691
-0.25732659 -0.02695408 2.52340705
-0.02887408 -0.02661531 2.54021816
-0.05189677 -0.02252564 2.53277807
-0.05971146 -0.03047343 2.54436880
-0.01151502 -0.03154084 2.53579001
-0.33939544 -0.14099483 2.50380934
-0.21985177 -0.01542645 2.52327677
0.02968453 0.00871183 2.52998195
-0.00265437 -0.02200155 2.54229274
-0.09899174 -0.08510823 2.52899683
0.00099376 -0.04164161 2.53906484
-0.10187112 -0.02141826 2.54201314
-0.10719691 -0.02373889 2.53246637
-0.00134448 -0.03311996 2.53984812
0.00716835 -0.07135695 2.52906592
0.48640859 -0.09001524 2.48682385
0.00319472 0.02278605 2.53499696
0.17627821 -0.00591424 2.53187952
-0.06306078 -0.06023225 2.53295705
-0.04130615 -0.04841492 2.53851525
-0.00642116 -0.02733704 2.53529486
0.05582959 -0.02963105 2.53007186
-0.05598722 -0.03768380 2.54473285
-0.05322159 -0.06155782 2.54688910
-0.14175261 -0.03487264 2.54034171
-0.01359444 -0.03212589 2.54720300
-0.00243536 -0.02501217 2.54537369
-0.04968240 -0.03950148 2.54944452
-0.01023432 -0.02937096 2.55368711
0.04206941 -0.04022836 2.55633352
-0.06533784 -0.04806725 2.55544184
0.04317985 0.00100156 2.55726031
-0.08749668 -0.03636286 2.56352302
-0.02548390 -0.05383623 2.55962914
-0.11714169 -0.03509195 2.56104198
0.01660914 -0.02234436 2.56713645
-0.01297236 -0.02116482 2.56349243
-0.01654458 -0.03114258 2.57076448
-0.11889023 -0.06346573 2.56337834
-0.00488199 -0.02745608 2.57267032
-0.03668571 -0.03860719 2.57326621
-0.07807923 -0.03769154 2.56987657
0.03638705 -0.04866538 2.57787987
-0.01012836 -0.02142551 2.58127522
0.01189633 -0.00614879 2.58494433
-0.02157751 -0.02206330 2.58392915
-0.01338448 -0.03087576 2.58636134
-0.00477679 -0.04077664 2.66020740
-0.01432621 -0.01508280 2.53815182
-0.01251721 -0.01474601 2.60536090
-0.08324882 -0.03694013 2.59918702
-0.03389960 -0.03062253 2.62400739
-0.00369717 -0.00843803 2.60984765
-0.06992388 -0.04091342 2.60977491
-0.02271361 -0.01551011 2.62038444
0.00426392 -0.03016014 2.63128239
0.05987047 -0.02329297 2.61865208
-0.01377263 -0.02225129 2.62924054
-0.02439934 -0.03799892 2.64030762
-0.03741254 -0.03802053 2.63026549
-0.02215765 -0.02696009 2.62995169
-0.04859583 -0.03234685 2.64767119
-0.03597000 -0.02453113 2.63627952
-0.01501978 -0.03318209 2.64236567
-0.04723768 -0.03103483 2.64777377
-0.01314568 -0.03304137 2.64825002
-0.02849796 -0.03813088 2.65047800
-0.00086819 -0.02947881 2.65347371
-0.00086358 -0.03544418 2.65524117
-0.03042571 -0.02794821 2.65871059
-0.02653978 -0.03736914 2.65687092
-0.03490434 -0.04292604 2.66961960
-0.00757424 -0.01853172 2.66939648
-0.07771492 -0.05031135 2.66833292
-0.01292552 -0.02764269 2.66661991
-0.00210506 -0.02910788 2.68661471
-0.02623918 -0.02319300 2.67782502
-0.02372867 -0.02712382 2.68505795
-0.01440786 -0.02537802 2.68816898
-0.17830298 -0.07451007 2.68318514
-0.00398073 -0.02277516 2.69818855
0.02101827 -0.02206695 2.70322025
-0.04231657 -0.03822871 2.70462987
-0.00579185 -0.01652315 2.70442340
-0.02316686 -0.04476765 2.70064401
-0.15798339 -0.05708742 2.72733768
-0.09847205 -0.03526060 2.69492256
-0.02977732 -0.02745366 2.71961988
-0.00498468 -0.00523976 2.72596638
-0.01393763 -0.03139713 2.72156530
-0.02336338 -0.02461861 2.73869453
-0.02233716 -0.03754974 2.73188293
-0.02529782 -0.04080474 2.73141047
-0.00255296 -0.03068954 2.73446225
-0.04404345 -0.05337355 2.73023078
-0.01890736 -0.04561762 2.73098456
-0.06015361 -0.07272664 2.73017511
-0.03215883 -0.02773346 2.73060877
-0.03292414 -0.03789473 2.73171684
-0.03768545 -0.04435491 2.73146855
0.02595655 -0.02633219 2.73411509
-0.02784478 -0.02229385 2.73228368
-0.03479507 -0.04486216 2.72589620
0.00690506 -0.02682908 2.72312783
-0.02539960 -0.04212296 2.73201862
-0.02169011 -0.01088160 2.73123220
-0.02195636 -0.01601977 2.72952765
0.02356217 -0.03241759 2.73151809
-0.04719580 -0.03675000 2.72172398
-0.01622191 -0.03228127 2.72851521
-0.02591616 -0.03625160 2.72691617
-0.02807784 -0.03056609 2.73210780
0.00222943 -0.02938954 2.72902922
0.00629939 -0.04852569 2.72322571
0.03725083 0.01490998 2.72823789
-0.02543106 -0.02356157 2.72881193
-0.03018840 -0.01869963 2.72601458
-0.03016877 -0.05595000 2.72275859
-0.02127024 -0.03577256 2.72001300
-0.01975684 -0.03674594 2.73176789
-0.03855433 -0.03411505 2.72483728
0.09934881 -0.02296558 2.72320635
-0.04546925 -0.04248763 2.72777151
-0.02909840 -0.03424488 2.71978344
-0.00841440 -0.03790292 2.72479646
-0.02478177 -0.04478875 2.71588714
-0.04094002 -0.04300168 2.71055131
-0.01627767 -0.03802472 2.70974106
-0.19394909 -0.06882307 2.69930535
-0.04354365 -0.05060359 2.70548630
-0.00762678 -0.02222010 2.70505011
-0.04082210 -0.04280750 2.70023092
-0.09697331 -0.06266834 2.69333864
-0.02987075 -0.03411322 2.70190664
-0.01269337 -0.03073279 2.69815700
-0.01002160 -0.02913695 2.70116978
0.04015989 -0.00194082 2.69423032
-0.02288942 -0.02753931 2.69863669
-0.00670161 -0.02818700 2.70197249
-0.07829111 -0.04207373 2.69411693
-0.00485302 -0.04120916 2.69899293
0.03865798 -0.03582321 2.69816218
-0.03350346 -0.04072121 2.68829220
-0.07493365 -0.03976442 2.69418435
0.01578286 -0.02734372 2.68967833
-0.01415619 -0.02307729 2.68454306
-0.06363304 -0.04099707 2.67983387
-0.02730769 -0.04547363 2.67246263
-0.07343584 -0.03886702 2.67437406
-0.01701098 -0.02896160 2.67127756
0.00124638 -0.03555526 2.66914801
0.00401681 -0.03458138 2.67199268
-0.01328090 -0.03548479 2.66894751
-0.02383057 -0.04666550 2.67219205
-0.00460150 -0.03592636 2.66850352
-0.01345882 -0.03817739 2.66750003
-0.01102072 -0.03592759 2.66481031
-0.02950916 -0.03774704 2.66613418
-0.01670079 -0.03495846 2.66940410
0.02677429 -0.03627652 2.66440145
-0.03058557 -0.03065528 2.65797186
-0.02491449 -0.03151922 2.65445164
0.00772068 -0.02969322 2.65718070
-0.03589829 -0.03538305 2.65364489
-0.00484214 -0.04624818 2.64854620
-0.08903468 -0.03879835 2.64571257
-0.01842932 -0.01545822 2.64097819
-0.02923130 -0.03853233 2.64249134
-0.05081508 -0.03245886 2.62891761
0.02467371 -0.02844234 2.62916490
-0.01416212 -0.03300970 2.62873028
-0.00192424 -0.03368055 2.61981276
0.00098829 -0.03490665 2.62208490
0.02480399 -0.04725411 2.61280161
0.00487005 -0.02197213 2.60775855
-0.03063438 -0.03608703 2.60594963
-0.03147377 -0.02668220 2.59246821
-0.02663214 -0.03642909 2.59303161
0.00760895 -0.01301903 2.59127984
0.06777643 -0.04615244 2.58193070
-0.01775983 -0.03152735 2.57370737
0.01248933 -0.05023137 2.57094861
0.01834220 -0.04695771 2.56303299
-0.02016279 -0.05558481 2.56339528
-0.01586654 -0.03930170 2.54996584
-0.04785224 -0.04396533 2.53995905
-0.06173889 -0.03951572 2.54769579
-0.08299369 -0.04134821 2.54088704
-0.01632090 -0.04565160 2.53922172
-0.00093766 -0.05007031 2.52851436
-0.05376607 -0.03302307 2.52404861
-0.02676032 -0.03836162 2.52802948
-0.00441727 -0.03690986 2.52368843
0.03690558 -0.02338661 2.51816727
-0.10653453 -0.04548904 2.51270891
-0.01101795 -0.04013884 2.50933832
0.12733717 0.00853032 2.50592369
-0.01955235 -0.06407624 2.49761370
0.10791788 0.00460499 2.49573927
0.04571873 -0.02279610 2.49393267
-0.10533194 -0.05175614 2.48893983
-0.10917662 -0.08231066 2.48678616
-0.00724592 -0.03624264 2.48171148
0.03228103 -0.02598996 2.47758004
0.06407937 -0.05081961 2.46621575
0.00576103 -0.03170302 2.46089112
-0.01917672 -0.02628103 2.46758592
-0.06498469 -0.04998496 2.45374332
-0.01308933 -0.03872529 2.45082126
0.01590394 -0.03596930 2.44440249
-0.00519597 -0.02506762 2.44287672
-0.10470564 -0.05796398 2.43283484
-0.02914729 -0.03301378 2.42978636
0.02105245 -0.02543115 2.42407238
0.01857476 -0.02621116 2.41936076
-0.01269476 -0.02608595 2.42243009
-0.09217017 -0.02513583 2.42068080
0.06527908 -0.02471484 2.41407707
0.04901452 -0.00929395 2.41263942
-0.00108330 -0.03184795 2.40481295
-0.03449579 -0.02852688 2.41561338
0.02072766 -0.02321208 2.40776524
0.01526656 -0.04024378 2.40320031
0.05492218 -0.03449524 2.40010743
-0.05413732 -0.04733141 2.39135139
-0.04347822 -0.02239370 2.39904240
-0.03026479 -0.03323504 2.38602910
-0.02610103 -0.02917508 2.38354481
-0.05968107 -0.03488550 2.37907274
-0.03296006 -0.02944120 2.37226836
-0.05522456 -0.04120621 2.37048120
-0.02949388 -0.04022110 2.36310985
-0.01156574 -0.03126144 2.36109906
-0.02105889 -0.03025936 2.35674184
0.02079155 -0.02057838 2.34539957
-0.01058355 -0.04215816 2.34841600
0.02928090 -0.02622844 2.34005835
-0.04154548 -0.01222104 2.33403399
-0.03081061 -0.04016679 2.32213260
-0.04199272 -0.01935788 2.32478203
0.03805680 -0.02944446 2.31332466
-0.01227968 -0.02943997 2.30872178
-0.07768010 -0.03809310 2.30121213
-0.00689104 -0.03084970 2.29644656
-0.10092747 -0.04430419 2.29345247
0.03872380 0.00278842 2.28526420
-0.00631068 -0.03647368 2.28459073
-0.00058645 -0.03248050 2.27710990
0.02554499 -0.00353039 2.26135462
-0.01579653 -0.01681160 2.27092868
-0.02104237 -0.01967124 2.25941690
-0.12294718 0.02932517 2.25086053
0.00159562 -0.00757876 2.25203495
-0.02121360 -0.03037732 2.24113895
-0.01144479 -0.04186049 2.23983810
-0.11809224 -0.05253824 2.22105360
-0.08292616 -0.04643263 2.21807726
0.00454129 -0.02192417 2.21652778
-0.02544125 -0.04646338 2.22196186
0.00918795 -0.03343913 2.21726813
-0.04535570 -0.03175799 2.21450476
0.03350784 -0.03737087 2.21443161
-0.02179552 -0.03855568 2.20405966
-0.01621232 -0.01314162 2.20210867
-0.01990483 -0.02800953 2.20525534
0.05004578 -0.02393854 2.20919852
-0.01972681 -0.01884931 2.18867200
0.03128557 -0.02876771 2.18779651
-0.02520488 -0.02326216 2.19161274
-0.03655540 -0.02570076 2.18844874
0.02868837 -0.01987119 2.18777922
0.00444918 -0.01548533 2.18195623
-0.01966367 -0.02551164 2.17327460
-0.03864867 -0.01795886 2.17093782
-0.02741594 -0.01674691 2.16765559
-0.03673682 -0.01069528 2.16688079
-0.01951348 -0.02326482 2.16045246
-0.03106917 -0.03500539 2.16173282
0.00856962 -0.02155345 2.16774098
0.00020733 -0.01725577 2.14632483
-0.08001998 -0.06485050 2.13573535
-0.02145421 -0.03417968 2.14945608
-0.04009088 -0.02312286 2.13756201
-0.00811147 -0.02810506 2.13318280
0.05034525 0.00779193 2.12997472
-0.06609648 -0.00947501 2.13387328
-0.02481486 -0.03268276 2.12331020
0.00275601 -0.02092376 2.12464775
-0.01599140 -0.01687177 2.12190884
-0.01574923 -0.02363836 2.11750533
-0.03887417 -0.04595207 2.11574346
-0.02943617 -0.03189681 2.10382948
0.03177046 -0.02535320 2.09842129
-0.00411529 -0.02842230 2.10718069
0.00406506 -0.01756671 2.07138552
0.16115620 0.05621792 2.07005345
0.00911725 -0.02554711 2.05669574
-0.04455748 -0.04983467 2.05317706
0.02030560 -0.04190771 2.03623575
0.02949614 -0.01797071 2.02722596
-0.00210964 -0.03774325 2.01862991
-0.03126316 -0.04630822 2.00311293
-0.00374466 -0.01618555 2.01075805
-0.02018832 -0.03814596 1.98491213
0.00812183 -0.01861445 1.98142495
-0.03226801 -0.05679437 1.97695502
-0.04730434 -0.04574145 1.95993347
-0.01705269 -0.03338962 1.96514402
-0.01501705 -0.03225601 1.95514737
-0.06544925 -0.06956150 1.94491594
-0.00227088 -0.04958173 1.93252860
0.02973690 -0.01097957 1.91963556
-0.01157714 -0.05466183 1.90743514
-0.01668089 -0.03484629 1.89346326
0.00810627 -0.02801411 1.87513748
0.01915645 -0.02133495 1.85980989
-0.01295716 -0.02308500 1.84447206
0.02935268 -0.01184722 1.83226388
-0.02136982 -0.03535538 1.82168115
0.02797385 -0.00990298 1.80570711
-0.05031725 -0.05873444 1.78944776
0.02134177 -0.02118776 1.77732657
0.05226262 -0.03069743 1.75768561
-0.01502597 -0.02183298 1.73874783
0.01374953 -0.02622956 1.71849427
0.00038997 -0.03412498 1.70363195
0.01854277 -0.02417353 1.68802575
0.02097948 -0.02959632 1.67055038
-0.07230753 -0.02383365 1.64827922
0.01589468 -0.03345641 1.63685441
-0.00131589 -0.02788009 1.60791138
-0.00467457 -0.03059756 1.61409571
0.02246384 -0.02605705 1.60287168
-0.01142552 -0.03825613 1.56243129
0.01957279 -0.04053020 1.58077406
-0.01374550 -0.02584194 1.56955896
-0.03585439 -0.02375446 1.53306124
0.02844388 -0.04245191 1.55698024
0.01500228 -0.01993532 1.51115197
-0.03182513 0.00174427 1.54611136
-0.00219277 -0.01545726 1.54255708
0.02402561 -0.02039439 1.49557952
0.01954946 -0.01786089 1.53850100
0.00381867 -0.02035632 1.53876028
0.03716630 -0.01935434 1.47713408
0.02573829 -0.03274258 1.53284677
0.01252264 -0.04693591 1.46972470
0.02118293 -0.02337596 1.53756439
-0.00177586 -0.01866846 1.53608872
0.01893973 -0.02627352 1.46505172
0.04027032 -0.02680104 1.53150040
0.01418893 -0.02309029 1.52147735
0.00572463 -0.02114351 1.46057717
0.00017966 -0.03181156 1.52378777
0.01298813 -0.01716982 1.45464399
0.02020481 -0.00623091 1.52528085
-0.01873016 0.00210318 1.52595389
-0.01481233 -0.01086878 1.45114395
-0.00050258 -0.02502388 1.52083429
0.00403592 -0.01516396 1.51418694
0.03105351 -0.02217074 1.46164897
0.02023166 -0.03411716 1.51596474
0.00550049 -0.02050784 1.45472276
0.00852578 -0.01869459 1.51203459
0.02446362 -0.02349370 1.50675120
0.02685680 -0.01201764 1.46215792
0.02552169 -0.03175708 1.51171142
0.04553192 -0.02130797 1.50911126
0.03337669 -0.04034399 1.46178083
0.05145326 -0.03976215 1.50604070
0.01227541 -0.02087626 1.51203829
0.03246779 -0.02331218 1.46632107
0.02825694 -0.02074864 1.51042822
0.01520841 -0.02505432 1.47079173
-0.01366628 -0.00640826 1.51193642
-0.03108329 -0.01545650 1.51289255
-0.01464749 -0.02777613 1.48129316
0.00853042 -0.01027956 1.51224071
-0.01065025 -0.01965929 1.51583942
0.03528779 -0.01846931 1.49149924
0.00994679 -0.01804078 1.52417484
0.03708616 -0.01385433 1.49696258
0.03258980 -0.00432068 1.53078603
-0.06814597 -0.02338008 1.52850341
0.02011637 -0.01207515 1.50541270
0.00114487 -0.00558026 1.52976876
0.01907693 -0.02228219 1.53208389
-0.05012629 -0.03982772 1.51778753
0.00388521 -0.00410810 1.53340296
0.00442731 -0.01543720 1.52908962
0.00670142 -0.02747272 1.52325667
-0.00680182 -0.01405259 1.52962974
-0.00394224 -0.03932191 1.52476942
0.02245689 -0.02536501 1.53334725
0.00728604 -0.01978534 1.53278245
-0.03016885 -0.00412206 1.53440821
-0.00378175 -0.01717983 1.52756284
0.01406391 -0.02575206 1.52503419
0.05975563 -0.03513901 1.53437669
0.01919064 -0.02026728 1.51774330
0.05606616 -0.01774440 1.53655802
0.02996255 -0.02675699 1.51752187
0.03111216 -0.02078248 1.51530576
0.02834588 -0.02248327 1.54201649
0.00681163 -0.01914849 1.51791145
0.04154626 -0.02170709 1.51897659
0.06916607 -0.01535730 1.55189569
-0.04667814 -0.00216764 1.52434570
-0.01620404 -0.02117059 1.56342529
0.01426249 -0.02333355 1.53117803
-0.01839123 -0.01777017 1.53365855
-0.00492806 -0.00882668 1.57425511
0.02454066 -0.02395412 1.54406201
0.02899170 -0.03255030 1.55057540
-0.00778307 -0.01817115 1.58945239
0.04182165 -0.02213881 1.55931883
0.01638388 -0.01083817 1.57088339
0.00198084 -0.01859857 1.60801131
0.01061713 -0.01538185 1.57922071
0.01494195 -0.01797816 1.61742679
0.03534397 -0.00496329 1.59472654
0.00158845 -0.02973758 1.60351241
-0.02682005 -0.01480148 1.63009244
0.01151231 -0.00916561 1.61803760
-0.00012344 -0.00347990 1.62657827
0.02479854 -0.01886576 1.64634051
-0.01947047 0.01538397 1.64204118
-0.01202282 -0.01385936 1.64922567
-0.00922277 -0.00720557 1.66771653
0.03356687 -0.03911418 1.66431845
-0.01148805 0.02253987 1.68148080
-0.00239972 -0.01348845 1.67379971
0.02726187 -0.02231398 1.69897300
0.03951177 -0.02864513 1.69684954
0.04816561 -0.02862135 1.69786115
-0.01569232 -0.00611324 1.70478456
0.02653237 -0.01391261 1.70148050
-0.01840712 -0.03583132 1.70346988
0.01671658 -0.03227102 1.70781890
-0.02273792 -0.01948465 1.70536447
0.03326910 -0.03190223 1.70628834
0.00062454 -0.03294459 1.70428704
0.06741087 -0.03442163 1.70865054
-0.02646635 -0.03991703 1.70733680
0.01605266 -0.03549929 1.71244939
-0.00968784 -0.01931804 1.71051063
-0.01515117 -0.01774797 1.71135405
-0.00625334 -0.02534452 1.71628620
-0.00668706 -0.02919761 1.71403113
0.00025946 -0.02736286 1.71302758
0.00272619 -0.02496428 1.71588888
-0.00925933 -0.02275628 1.71069849
-0.00521653 -0.01801306 1.71254138
0.01786330 -0.02931234 1.70111993
0.00539561 -0.01503151 1.69524706
0.00837215 -0.03893163 1.68372029
-0.03690828 -0.02464643 1.67817567
-0.01850462 -0.03146818 1.67609516
0.01661786 -0.03627388 1.66857096
-0.02252042 -0.02126081 1.66249675
0.00748958 -0.02194153 1.65431779
-0.01168301 -0.01752822 1.64895199
0.00560197 -0.03030575 1.62918855
-0.00737917 -0.02423773 1.62845323
-0.00604288 -0.02003045 1.60599829
0.01393819 -0.02485592 1.59120584
-0.03142664 -0.02647428 1.59544716
0.00115762 -0.02839988 1.56251551
0.00697226 -0.03346047 1.57150283
-0.00288293 -0.02408048 1.53577353
0.03777275 -0.03807279 1.51375570
0.05092375 -0.03679921 1.53699354
0.02625515 -0.02849657 1.48755678
0.01916106 -0.02462163 1.47321220
0.01834728 -0.03403917 1.51012082
0.01907237 -0.02783218 1.44645257
0.04591043 -0.02088972 1.51513935
0.02725068 -0.02149265 1.46125688
0.04972073 -0.03101409 1.44056254
0.02802558 -0.02324551 1.51858813
0.06122977 -0.01760682 1.43432446
0.01310056 -0.01802039 1.43865813
0.00675287 -0.00904927 1.52279852
0.03972153 -0.02403288 1.42601128
0.02517342 -0.02857191 1.52965619
0.02507569 -0.02269319 1.41288847
0.01821552 -0.02113941 1.39973148
0.00118809 -0.00875750 1.52398003
0.01709579 -0.01620295 1.39975117
0.04376627 -0.01369709 1.39068194
0.02283439 -0.02418209 1.51840240
0.00675468 -0.00703681 1.39015812
0.01902829 -0.02912925 1.51655725
0.02206093 -0.02065392 1.38227711
0.03151372 -0.03038076 1.38168390
-0.01848218 0.00427960 1.50354385
0.02908636 -0.02025043 1.38307593
0.04370349 -0.01259951 1.37866915
0.03064415 -0.02246667 1.49840419
0.03556317 -0.02877120 1.38261435
0.08130929 -0.04204655 1.48866935
0.02818967 -0.01999967 1.38171937
0.04174003 -0.03155587 1.39553837
0.03125946 -0.01392318 1.48335475
0.01049722 -0.02244580 1.40464569
0.02942712 -0.02082429 1.40293462
0.02184274 -0.03118185 1.48343772
0.03038267 -0.01473575 1.40596092
0.00448630 -0.01282855 1.40902666
0.04759330 -0.02638464 1.49961415
0.03090096 -0.03024419 1.41522784
0.03535761 -0.02600312 1.49921813
0.02880585 -0.02185371 1.40181883
0.01773043 -0.02118679 1.41886970
0.00986428 -0.00092509 1.50615107
0.03002381 -0.01666335 1.43827925
0.02297461 -0.01115698 1.43494314
0.02961087 -0.01997937 1.50080037
-0.03262934 -0.00604214 1.43400361
0.03625858 -0.01024032 1.50106993
0.05866725 -0.03741197 1.44496995
0.04590680 0.00466386 1.44839557
0.04482666 -0.00941713 1.50072640
0.01068036 -0.02978225 1.45523720
-1.37080435 0.00809248 0.51987768
-1.27790661 -0.00447764 0.79520748
0.37256788 -0.00275302 1.43478092
0.69465313 -0.10139912 1.34205560
0.04641084 0.01989555 1.50271144
-1.47683541 0.03565785 0.32248993
-0.16890591 0.01730965 1.51878785
-0.13070614 -0.03824485 1.51951310
0.16042935 -0.00057950 1.52595101
0.03451813 0.00317934 1.54354797
0.57274551 -0.13317070 1.46050633
0.06098260 -0.01295470 1.54826675
0.09496532 0.00163672 1.56919595
0.06455856 0.01520087 1.57506831
-1.52004855 -0.00470594 0.45276480
0.06854929 -0.00651106 1.60522977
0.02509733 -0.01420069 1.61463320
0.81791208 -0.12368587 1.37275684
0.01489457 -0.01129872 1.61751011
0.05982416 0.01041371 1.63712463
0.00040420 -0.01375751 1.64737148
-0.02375010 -0.00229279 1.66338075
0.01844380 -0.03574076 1.65475426
1.02757365 -0.13058827 1.30889076
0.09821120 -0.01746651 1.67929881
-0.02110049 0.01829440 1.72159743
-1.53139358 -0.05380556 0.64062625
0.02889790 -0.01344812 1.71205336
