0.00000000 0.00000000 0.00000000
0.03313135 -0.00024696 1.11062567
0.04899440 0.00798104 1.13179926
0.06412288 -0.01492893 1.17250407
0.02373338 0.00832837 1.16339218
0.02010234 0.00138507 1.14536148
0.03257533 -0.00176534 1.17542618
0.05175258 -0.00529330 1.15157404
0.05371525 -0.00843678 1.14450454
0.09324805 -0.00644325 1.06946742
0.04682331 -0.01422888 1.14120608
0.06698183 -0.01194788 1.06581080
0.04647826 -0.00708402 1.07371999
0.02790801 -0.01316296 1.10121134
0.02653430 -0.00524767 1.07963106
0.04329492 0.01054049 1.07263541
0.03054989 0.00192252 1.07371840
0.02370302 0.01004552 1.12120938
0.01083263 0.01374385 1.08780375
0.05221317 -0.02561559 1.14151875
0.09520607 -0.00298025 1.11456826
0.01984824 -0.02910928 1.17469344
-0.00732201 -0.05886705 1.26143813
-0.03535758 -0.04893174 1.33688028
-0.06879727 -0.15048619 1.28113313
0.03208680 0.01128457 1.13213921
0.01825775 0.00068670 1.23467119
-0.11996334 -0.03758414 1.33021579
-0.03450338 -0.00996385 1.27027152
-0.00690492 -0.00195310 1.18522761
0.00214860 0.00014097 1.22883339
0.00239786 -0.00353726 1.27256315
-0.02418249 -0.00467897 1.23993931
-0.00696111 -0.00142570 1.25489289
0.00497530 -0.01220167 1.24252444
0.03816140 -0.00193374 1.22407011
0.01168200 -0.00640283 1.24243566
0.05077705 -0.00738507 1.27927503
0.04932326 0.01675904 1.32760510
0.05897989 0.00520406 1.33329976
0.03122676 -0.00272265 1.31192312
0.01349576 0.00196717 1.30383102
0.07404152 0.01867341 1.34909121
0.02643236 -0.00400138 1.32807459
0.04381469 0.01616950 1.32922199
0.00936544 -0.00156272 1.30015682
0.00833172 -0.00233726 1.30506483
0.03255591 0.00923412 1.37260585
0.04517119 0.01465042 1.39236246
0.01365574 -0.00314086 1.34411962
-0.01331980 -0.00587849 1.34019839
0.01062158 -0.00049246 1.36986540
0.00139199 -0.00385430 1.39707513
0.00201200 0.00256459 1.41298379
0.01480773 0.00018590 1.46267067
-0.00527793 -0.00373243 1.44380262
-0.02250536 -0.01759852 1.45698665
-0.01600553 -0.01087553 1.46571674
-0.01088261 -0.00643813 1.48565253
0.01052634 -0.00120175 1.53904866
0.01362664 -0.00212782 1.53337050
0.00608058 -0.00107539 1.56037525
0.00417611 0.00235995 1.59782945
-0.00079004 0.00168323 1.57770408
-0.00194237 -0.00202360 1.60673545
-0.00124674 -0.00195078 1.64628378
0.00289938 -0.00563499 1.67987808
-0.02306373 -0.00817723 1.65411356
-0.00614650 -0.00858894 1.68317332
0.01406407 -0.00463793 1.70215617
-0.01656491 -0.00911886 1.70203156
-0.02295612 -0.01025925 1.70047524
-0.02842604 -0.01347083 1.71605249
0.01333705 -0.05775987 1.67954725
-0.00932415 -0.01388750 1.72657556
-0.08650765 -0.18352793 1.80750178
-0.02872836 -0.01349286 1.78045363
-0.03983758 -0.00171160 1.81950633
0.00883187 -0.05677742 1.86549251
-0.03478210 -0.00433041 1.83770205
-0.06169731 -0.00246008 1.82624534
-0.00252929 -0.00823709 1.85442355
-0.07176117 0.00073969 1.85840646
-0.02897216 -0.01361471 1.86845111
0.02527469 0.00167023 1.94651574
-0.01734024 -0.00515025 1.89842222
-0.00919922 -0.00195390 1.93457562
-0.07491539 -0.04061831 1.85097771
0.00473070 -0.01015648 1.92922074
-0.01974585 -0.01272773 1.93049342
0.04536343 0.01177551 1.97254261
-0.02886338 -0.00038439 1.98856279
-0.01066065 0.01168293 2.01313320
0.00379248 0.00197275 2.01590670
-0.00232324 -0.00119897 2.01086691
0.02569072 -0.00385540 2.00904335
0.00905454 -0.00700930 2.01012878
0.00919381 -0.01030735 2.03365684
-0.00337776 -0.00516402 2.01762839
-0.05988688 0.02864336 2.00836717
0.12824344 0.05965793 1.99665179
0.02887193 0.01583098 2.05727378
-0.02695379 -0.05933824 2.08813504
0.11086272 0.04635661 2.10836037
0.01400724 -0.00908000 2.07374979
0.00106830 -0.00647725 2.08237601
-0.00834465 -0.01141322 2.11548982
-0.03890381 -0.00761993 2.09379005
-0.00874700 -0.01886357 2.09638332
-0.01116896 -0.01722062 2.12985830
-0.01455313 -0.01794895 2.11175609
-0.01661827 -0.01837768 2.04979047
-0.03539279 -0.00125072 2.10821381
0.01769272 0.00891009 2.10344545
-0.03947519 0.00878421 2.13513087
-0.02874461 -0.00392806 2.11264209
-0.01688553 -0.01269080 2.13569150
-0.00659416 -0.01292765 2.12085728
-0.01022946 -0.01377225 2.19477108
-0.00695002 -0.01368347 2.16737762
-0.06917191 -0.02353581 2.22236933
-0.02658417 -0.02769766 2.14609437
0.00197959 -0.03528090 2.11950956
-0.03566304 -0.02993295 2.15054726
-0.01794300 -0.02241329 2.23156620
-0.09043197 -0.13725054 2.14297869
-0.05127639 -0.07084370 2.25199180
-0.14078396 -0.11059055 2.21888869
-0.06494652 -0.16310716 2.20142778
0.00048251 -0.01745079 2.21878250
-0.08558666 -0.02536594 2.19356068
-0.02479145 -0.02053814 2.27271433
-0.12149211 0.01201054 2.26771563
-0.07201326 -0.00274566 2.28515496
-0.15223249 -0.01522733 2.24297233
-0.07830833 -0.02689253 2.21560057
-0.11949965 -0.01042320 2.24108133
-0.11221266 -0.00416114 2.25789083
-0.16551168 0.00518097 2.26343244
-0.20883646 0.00602679 2.26586587
-0.19211944 -0.06075522 2.23787613
0.01482049 -0.01548348 2.29020583
-0.09867729 -0.03098990 2.26733604
-0.05770867 -0.02300573 2.34771402
0.00819434 -0.02068897 2.34510453
-0.07133857 -0.01691431 2.30090177
0.04814708 -0.01983065 2.37733170
0.10800438 0.01990131 2.41819231
-0.00575288 -0.01647966 2.39847665
0.01379816 -0.04180642 2.22880036
-0.05197293 -0.02893502 2.17566989
-0.00530354 -0.02909985 2.30552901
0.04272761 -0.02432195 2.20479087
0.06613012 -0.03540439 2.25541410
0.03246989 -0.04126173 2.31021081
-0.06102866 -0.03674037 2.30019304
0.04452303 -0.02910873 2.30509932
0.00498653 -0.01337527 2.33918528
0.04588611 -0.04135667 2.35482775
0.00200778 -0.03092421 2.38544679
-0.01409777 -0.04393403 2.36746935
0.00284295 -0.00035923 2.41220478
-0.01322229 -0.00560222 2.39327027
-0.02322259 -0.01346454 2.38308353
-0.01463636 -0.01036115 2.38646122
-0.00945705 -0.02418373 2.35703926
-0.01047734 -0.00421275 2.29668378
-0.07135981 -0.01613378 2.31691465
-0.02496326 -0.00491573 2.37361257
-0.01322267 0.00427049 2.42178321
0.01188748 0.00294073 2.53090547
-0.00894148 -0.01302572 2.47187119
-0.03139560 -0.00822542 2.44573152
-0.05756005 -0.01613644 2.37903401
-0.02185331 -0.01296529 2.46338920
-0.01573542 -0.00654403 2.48336925
-0.00536701 0.00420767 2.49843776
-0.10701976 -0.02448263 2.40237628
-0.04334235 -0.02143271 2.46013857
-0.02525309 -0.00937000 2.51690736
-0.12226169 -0.01315945 2.47702274
-0.03987628 -0.00934083 2.58564197
-0.01025645 -0.01515799 2.53050326
0.07556785 -0.06750754 2.48613738
-0.00113033 -0.11663215 2.46143365
-0.09872997 -0.06080755 2.52258777
-0.00743520 -0.02134143 2.61186680
-0.03257649 -0.01518112 2.67635122
-0.08509207 -0.02375321 2.64900985
0.00579247 -0.02925185 2.67820505
-0.02504016 -0.02759993 2.62964044
-0.01644776 -0.02173203 2.63298804
-0.04108457 -0.01096910 2.63062125
0.00523810 -0.02308119 2.63541604
-0.08031621 0.01208561 2.63425771
-0.09364788 0.02368110 2.68972059
-0.01811765 -0.00767696 2.69347099
-0.01937462 -0.01407902 2.66206648
-0.06407816 -0.09141813 2.60736363
-0.01860869 -0.02345753 2.62695605
-0.06614410 -0.09409362 2.62678723
-0.02369695 -0.02431446 2.64819713
-0.03107783 -0.02316423 2.67642489
-0.01971073 -0.03009105 2.62250402
-0.02743007 -0.02755200 2.71493205
-0.02159935 -0.02052096 2.67698964
-0.01239930 -0.02643887 2.67437639
-0.00210135 -0.01859852 2.63657215
-0.05869989 -0.03585936 2.65117834
-0.05533159 -0.06287967 2.67344965
0.01949969 -0.03900538 2.71112463
-0.02374815 -0.06183376 2.59333925
-0.11393171 0.01736068 2.57586620
0.01509498 -0.02077171 2.49799153
-0.13552596 1.23192906 2.61468362
-0.01520751 -0.02754643 2.62280475
-0.06577806 -0.04837282 2.78987872
0.03809185 0.01247725 2.52997091
0.03451808 -0.15696082 2.59575153
-0.05992551 0.03060866 2.88280514
-0.00914365 -0.02672898 2.65021254
-0.00869243 -0.03148242 2.65097465
0.12882253 -0.04005477 3.06719522
-0.00621226 -0.11750850 2.65382798
-0.02193416 -0.04694971 2.59822541
0.04491491 -0.03336493 2.81594995
-0.06440677 -0.06083278 2.34726664
-0.01083310 -0.03460860 2.63926546
0.08738459 -0.00609669 2.99954728
0.01524039 0.00494945 2.72391137
0.09601339 0.54203821 2.95761511
0.06302932 -0.90350319 2.46021162
0.05873656 -0.07824326 2.56268372
0.18204683 0.00114396 2.97095721
-0.00269853 -0.08731498 2.50811317
0.33139697 0.08149453 3.30741966
-0.11683779 -0.07416842 1.94606315
0.03493342 -0.05430010 2.51134167
-0.01079260 -0.00180351 2.80553303
-0.00571958 -0.03378115 2.60314906
0.01392736 -0.01720357 2.80186048
-0.05234848 -0.06636736 2.44574585
0.01145410 -0.31188765 2.56085347
-0.06396881 -0.50232934 2.32463693
0.03263304 -0.02652619 2.89220265
-0.02990710 -0.02806560 2.57664544
-0.05097705 0.00954901 2.64055935
-0.22353445 0.38279314 2.19644769
-1.42561707 0.11685710 0.81367689
0.06905726 -0.05890800 2.80143843
-0.03981884 -0.09011960 2.73376589
-0.12170297 -0.10248862 2.27607582
0.02354153 -0.02729151 2.74537809
-0.08565655 -0.03203514 2.29018788
0.01134658 -0.86081636 2.99465321
0.09020991 -0.91634565 2.63616893
-0.01231790 -0.52211320 2.67650305
-0.16248058 -0.72404165 3.18516901
-0.19395984 -0.09599441 2.99938482
-0.13774240 -0.23784163 2.84329005
0.00000000 0.00000000 0.00000000
-0.17193465 2.04761009 2.77328555
-0.17579782 0.62924767 2.66919161
-0.28927437 0.07447631 2.95652576
-0.13958847 -1.23797121 2.86339453
-0.16736677 -0.66811650 2.03926967
-0.10016818 -0.38181512 2.50922439
0.07426917 -0.74658603 2.01901486
-0.12739764 -0.67629545 2.58964603
-0.21385343 -0.06663154 2.57307455
-0.09407329 -1.65798437 2.44520215
-0.20283861 -0.16705615 2.43557211
0.02412951 0.36080347 2.58532817
-0.39235106 3.10997540 3.14465648
-0.31638113 -0.08086067 2.37915993
-0.29395043 1.32747083 4.20848983
-0.07404634 -0.59511570 2.45043651
-0.21683958 -1.60948832 2.44849786
-0.37118176 0.42153178 3.26694578
-0.45712100 1.12702940 3.24885311
-0.08303564 -2.36912843 2.71840062
-0.12635667 -1.25782380 2.52035197
-0.18329318 -2.36933644 3.03617782
-0.49109797 -0.85909602 3.32499877
-0.26751798 -2.42930142 3.19340078
-0.41920213 -0.95988232 2.78837906
-0.35048809 -2.26864813 3.13588267
-0.16410512 0.08209725 2.59901014
-0.08818507 -0.08111414 2.50983976
-0.12062729 0.12058342 2.43654091
0.09693518 -0.04886543 2.30391449
-0.13606300 0.16451357 2.93932116
-0.37036871 1.98569424 2.81217125
-0.09713801 0.04082505 2.71656990
-0.21655066 0.14553814 2.69368742
-0.00946783 0.54480209 2.70847352
-0.01368581 -0.42784093 2.51541560
-0.68734223 -0.13069864 3.37775499
0.02111729 0.22422382 2.18426001
-0.74400056 -0.75683197 2.60689356
-0.01982983 -0.01743902 2.54182385
0.00728804 -0.13094694 2.77227644
0.05542733 -0.05390646 2.58104483
-0.51211533 -0.75421349 2.65957729
-0.08951842 0.04665693 2.66595008
-0.47851016 -1.19432304 2.82433024
-0.35681445 0.01356827 3.09150805
0.12230395 -0.24051154 2.56872143
0.05746887 0.18079358 2.83416167
0.01455300 -0.35895040 2.78114016
0.08661822 0.00485589 2.41482521
0.19402200 -2.52112827 2.89695604
0.26332564 0.01971100 2.22158635
0.10492676 -0.17890009 2.61975886
0.14036420 -0.75870792 2.75513438
-2.33587844 -0.21868872 3.06933290
-1.73262318 0.00776009 3.41955607
-0.22654361 -0.40600415 3.02284637
-0.16703963 0.70048530 2.75373721
-0.01117063 0.04312434 2.62832175
0.03881175 0.83889159 2.61847429
0.04001210 -0.24059150 3.29285139
-0.02597080 0.48390364 3.06407534
-0.29579774 3.77665764 2.58292958
0.35400222 -1.93325245 2.46584679
0.09619362 0.10030067 2.51471759
0.12111030 0.18881449 2.38499709
0.24767792 -0.01835452 2.55696880
0.09970481 -0.76444660 2.37345141
-0.03510708 -0.33613924 2.47650328
0.01502762 -0.92561855 2.33872544
0.05459259 -0.54543864 2.45550216
-0.05563411 -0.03371154 2.86410961
-0.04779107 -0.56004236 2.47424952
0.00741370 -0.07643750 2.53446486
-0.09813651 0.02180116 2.92748683
0.10680192 0.86201645 3.45076587
-0.12806521 -0.03534454 2.85670699
-0.23514585 -0.03105924 2.39274603
-0.01040740 0.11824253 2.59467364
-0.10016677 -0.02130740 2.47580731
-0.12735826 -0.01974207 2.26103826
0.03775912 0.40016711 3.11262436
-0.02094300 -0.03357114 2.54678950
-0.00487984 0.05301294 2.92058110
0.08861438 0.08561594 3.00688955
-0.06393447 0.25841637 2.86985162
-0.20430405 -0.07853632 3.09980065
0.00752939 -0.05459911 2.67276463
-0.03381332 -0.18066331 2.51294726
-0.03761409 -0.05890589 2.80873054
-0.05985611 -0.38055649 2.70871237
-0.01818180 -0.03000189 2.37781428
-0.16445453 0.23868634 3.54705763
-0.06896603 -0.04511918 3.03583833
-0.10429801 0.96066694 2.71932369
-0.03589641 0.08574484 2.79802437
-0.03353144 -0.09199090 2.63688540
0.00870885 -0.17176725 2.81706925
-0.06099342 -0.03814705 2.45264685
0.02603981 -0.06140935 2.75226091
-0.05876211 -0.00034890 2.25390472
0.07444510 -0.36531734 3.56728484
-0.03680208 -0.05695277 2.69037848
-0.02940358 0.02383057 2.61012756
-0.00452095 -0.22689596 2.83856903
0.02733137 -0.63001508 3.01032189
0.01358224 -0.08255799 2.89951367
-0.18948449 -1.03541128 2.52157586
-0.13877765 -0.01306878 2.44543297
-0.08906336 -0.00226781 2.49311496
-0.04524921 -0.09968231 2.60806799
-0.01823957 -0.61412800 2.36528827
-0.27786919 -0.97037308 2.78710028
-0.07076133 -0.08378819 2.47108784
-0.15883440 -0.58698956 2.85678726
-0.06322422 1.64550810 2.60762888
-0.23854643 0.03303779 2.79875711
-0.02968095 -2.77714152 2.91913245
-0.05378514 -0.55412931 2.60545150
-0.09305774 -0.29831146 2.51741689
-0.08341208 -0.19582506 2.18037793
-0.32972353 0.85895068 3.46955540
-0.24213056 -0.04132497 1.96820154
-0.13170421 -0.14957292 3.54317879
-0.10418383 -0.05071973 2.44490929
-0.09945554 -0.37303942 2.65256983
-0.42626859 0.59962275 3.54352897
0.00441865 -0.41994744 2.59580195
-0.24543822 0.06790684 3.07579876
-0.16495891 3.40035510 2.70832412
-0.00353008 -1.17922433 2.92861498
-0.39182862 2.02683901 3.22320707
-0.19295784 -0.06117031 2.52028485
-0.02878976 -0.07057425 2.86288677
-0.36603849 -0.27837329 2.99236974
-0.30794941 -0.91215151 3.61418125
0.11068522 -0.93463388 2.30443486
-0.13134591 0.36299085 2.92153568
0.21960767 -0.04011992 3.10620086
-0.22890745 -0.03115995 2.07251247
0.13010230 -0.08574030 3.57551575
-0.14940898 -0.86335417 2.87619221
-0.14519921 -0.71538937 2.50774805
-0.06192826 -0.08961255 2.93650983
0.02605842 -0.95419841 2.85605647
0.09975948 0.32014617 3.20975504
-0.04735802 -0.26850124 2.46153493
-0.13981312 -0.12749320 2.70800248
-0.02337847 -0.09179443 3.39074479
-0.15430087 -0.04467057 2.58945505
-0.37156254 -0.07344399 2.16344344
0.08822665 0.00156007 2.98998300
0.34543645 0.08935279 3.44912488
-0.04756155 -0.06606672 2.49032959
-0.13949233 -0.04811716 2.38077323
-0.10350409 -0.06986775 2.38020201
0.04701874 -0.04590538 2.65594661
-0.03738924 -0.18863041 2.25767710
0.01817024 -0.01999505 2.91358013
0.20029821 -0.04797684 3.00899023
-0.06184040 -0.04412333 2.45104087
0.02573362 -0.02701798 2.77950914
-0.12521133 -0.04330603 2.68027577
-0.08322514 0.00409060 2.43659728
-0.15601855 0.02550345 2.84521069
-0.05896498 -0.05124025 2.78740530
-0.36574753 -0.05851186 2.64923732
0.02591255 -0.02926512 3.03599855
-0.17848169 0.02621144 3.42825351
-0.02516180 -0.02932800 2.42246207
0.20958182 -0.04512516 3.58537651
0.08724643 -0.01924168 3.11553144
1.05944813 0.04933537 5.13338711
0.24557728 -0.03827232 3.83262034
0.07262743 -0.04377366 3.39035373
0.41112269 -0.05375569 4.63360975
-0.23566599 -0.06028444 2.50293031
-0.25886820 0.00076208 2.00300770
0.09448382 -0.13511304 3.04524276
2.57343495 -0.08113777 4.97000919
0.89988275 0.09184678 3.51421726
0.19425819 -0.09110704 3.00507874
-0.27485112 -0.08074193 2.12917819
1.98016689 0.13062387 4.41189124
1.43627959 -0.18280702 3.91147532
0.05003628 -0.11429052 2.99318126
1.31550841 0.20254842 3.93049119
-0.01381927 -0.02465204 2.58001271
0.67236923 0.08261488 5.58953878
-0.12177126 -0.00109342 3.22921904
0.96247232 0.04096547 4.82799933
0.09020298 0.02784724 3.34905835
0.84667493 0.04704018 4.58281187
0.25411154 -0.07708460 3.97537755
-0.09508965 -0.06176995 2.63802941
0.47638620 0.04817069 3.68745667
-0.10366562 -0.05954685 2.41562676
-0.19207708 -0.02838676 2.95414689
0.02396615 -0.09087231 2.80715481
-0.06130718 -0.06575323 2.84971036
-0.02947503 -0.08792993 2.92660212
-0.16975491 -0.05354544 2.38460062
0.88313809 0.00751214 5.11158888
0.07179117 -0.03832395 3.20400208
0.04058879 -0.02668034 3.04345319
0.09246332 -0.04263169 2.89616612
0.03122057 -0.00860361 2.80391533
-0.13408474 -0.00037391 2.05992836
0.14160770 -0.03367757 2.28057942
0.20469881 0.11423223 3.29403494
0.28309992 0.03766566 3.46653796
0.21086860 0.01631028 3.49606887
0.00209081 -0.01228447 2.88207314
0.02610728 0.00991025 2.71435459
0.68206465 0.07675272 3.95151513
0.31579391 0.01838621 4.21201522
-1.17673178 0.23868006 3.11904417
-0.65548310 0.09462173 1.43798963
-0.37010647 0.03250648 0.61850723
-0.70650788 0.17913305 1.97395077
-0.72322120 0.14131090 1.97181657
-0.02443302 -0.12047940 2.06019941
0.15062149 -0.02520445 2.71873062
-0.00889500 0.05066889 3.25250806
0.00424356 -0.02354767 2.69316617
0.21471439 -0.02819386 2.77957875
0.08107454 -0.02015515 2.68402777
0.14117775 0.00850419 2.70657940
0.02706435 -0.05312770 2.22673027
0.08887130 0.00643935 2.82873833
0.08641495 0.06107156 3.14935699
0.14220895 -0.04682077 3.47742045
0.13879156 -0.06044490 3.30428269
0.06161566 -0.02718026 2.61315754
0.09355862 0.01799481 2.86146987
0.23003102 0.00521514 3.39313603
0.17959347 -0.01012081 3.06539288
0.09171580 -0.00005629 2.98939601
-0.08199586 -0.04705856 2.43284454
0.01872796 -0.02534829 2.61035769
0.21287742 -0.02655864 2.76614487
0.18271943 -0.05696893 3.23121602
0.00226334 -0.03586795 2.53690430
-0.03029849 -0.04899835 2.61713834
0.32143754 0.01145152 3.10237684
0.03962727 -0.01056728 2.76336724
-0.11338316 -0.06357854 2.39780604
-0.08493879 -0.05185318 2.78233382
0.24637820 -0.03168583 3.24913178
0.13516037 -0.00502304 3.00795435
0.04740414 0.01300071 2.83824147
-0.02613945 -0.05584805 2.66064188
0.01129882 -0.02910987 2.74861791
-0.01663584 -0.12338640 2.24146682
0.00700702 -0.05114213 2.60210347
-0.07878438 -0.04423110 2.19596364
0.00101692 0.02161016 2.68739380
0.32503930 0.01344189 3.21617585
0.03836616 -0.00676071 2.95577458
0.08005829 -0.02880583 2.93696292
0.03133422 -0.03333437 2.49708374
0.23250732 -0.03474624 3.33857937
-0.01487725 -0.02086382 2.65564063
-0.05644463 -0.08222181 2.40401434
0.06580469 -0.03677066 2.68891795
0.16618970 0.21616861 2.94849557
0.06716589 -0.06799639 2.80754943
0.00625353 -0.05358478 2.62778555
0.02185592 -0.03562905 2.50797703
-0.03935117 -0.05897467 2.67348116
-0.01632779 -0.04616089 2.46778747
-0.22911729 -0.06767561 2.12446699
-0.03328553 -0.02758346 2.67086650
-0.00973985 -0.05456821 2.46638766
-0.05073266 -0.01527614 2.52431218
-0.03235252 -0.02733494 2.73125349
-0.03280374 -0.02283105 2.62515402
-0.03783196 -0.07667701 2.51885925
-0.04031350 -0.05302694 2.50708020
-0.09501300 -0.04982978 2.32745255
0.00261278 -0.04110851 2.61481708
-0.03827382 -0.03714059 2.45911540
-0.00092548 -0.03835359 2.34425379
-0.04140456 -0.04719750 2.77099100
-0.02702262 -0.05843639 2.54982570
0.01481266 -0.00778851 2.57047937
-0.04114374 -0.04524410 2.55365207
0.01855918 0.00335829 2.60110574
0.00588734 -0.02316730 2.53477744
0.05900196 -0.03141178 2.68406492
-0.01522868 0.01860016 2.56493456
0.07990889 0.03188912 2.84629674
0.05330478 0.01107132 2.84748572
0.14352561 -0.03684459 3.09485483
0.01003682 -0.04505216 2.66748776
-0.03458220 -0.05125061 2.50245366
0.01478512 -0.03396773 2.48879916
-0.05538370 -0.03491849 2.32541238
0.07575386 -0.02585809 2.49214556
-0.02431258 -0.02248871 2.47411771
-0.02490690 -0.02089960 2.48139551
-0.10321570 0.03840608 2.38244431
0.04233793 -0.04088757 2.54553747
-0.01450294 -0.02355755 2.38529470
-0.04037274 -0.01365533 2.45251123
0.01921039 -0.02920080 2.52357632
-0.06265625 -0.00124727 2.23309236
0.02962953 -0.00962244 2.48724591
-0.03172588 -0.03632104 2.45312645
-0.08715027 -0.06145472 2.30053599
-0.00436810 -0.04150121 2.51244320
-0.01876618 0.00601110 2.62446706
-0.02479671 -0.03533448 2.60704567
-0.06309786 -0.05419228 2.49723811
-0.05621699 -0.03555611 2.33697428
-0.04216157 -0.00754009 2.56578269
-0.03251440 -0.04579044 2.46933205
-0.02371692 -0.03936827 2.44837056
0.05359350 -0.00001868 2.77635711
-0.00394025 -0.02384901 2.55002630
0.03019055 0.00002563 2.66623574
0.01896973 -0.00842969 2.56244899
-0.00381149 -0.01968514 2.44344674
-0.00305398 -0.02652404 2.63759305
0.02240632 -0.03512617 2.79600715
0.00060203 -0.00173807 2.62633597
-0.05017884 -0.02376903 2.48659255
-0.03047653 -0.03517308 2.47797174
-0.02125130 -0.03113206 2.58284374
-0.02815662 -0.04214246 2.51237709
-0.02792224 -0.02096049 2.57911234
-0.03726935 -0.02073621 2.54713247
-0.02164671 0.04495673 2.57670501
0.00952506 -0.03324106 2.53535996
-0.02408190 -0.03751071 2.54162313
-0.00364443 -0.02216584 2.55350910
0.01143384 -0.02652103 2.69645282
0.00153276 -0.03782173 2.56871305
-0.01710219 -0.05309809 2.59861455
-0.01858654 -0.08387045 2.61699433
-0.01016238 -0.05046957 2.57553828
-0.01339511 -0.04171445 2.56723170
-0.01062824 -0.02806677 2.61685326
-0.02237217 -0.02829668 2.59661368
-0.03744075 -0.02985696 2.56799406
-0.04711319 -0.00911232 2.53855034
-0.02332605 -0.03189173 2.66306560
-0.02367138 -0.03387918 2.53235204
0.04524466 -0.02527255 2.84809585
-0.02103614 -0.02432475 2.62461330
0.01500429 -0.02194665 2.78145931
0.00553069 -0.41464587 2.79925651
-0.03718401 -0.02168935 2.71046679
-0.02738308 -0.02986413 2.67406176
-0.03897788 -0.03545898 2.74197380
-0.06368267 0.01962906 2.66352009
-0.01994312 -0.03786769 2.65902265
-0.04387495 -0.02848983 2.62175753
-0.03132326 -0.03640735 2.66304731
-0.01868802 -0.03437396 2.59608281
0.12405407 -0.26647727 2.87595113
0.02429297 -0.01272620 2.80439001
-0.03131004 -0.02972929 2.62980890
-0.00203526 -0.00289451 2.72012791
-0.01839335 -0.02298233 2.73699869
-0.03368834 -0.03147994 2.61698700
0.15598547 0.01892884 3.36381789
0.02503293 -0.01965985 2.83399942
0.02505100 -0.02370907 3.00165444
-0.01001273 -0.02435729 2.81977835
-0.00082940 -0.01975385 2.72403111
0.01606441 -0.02900998 2.75755502
-0.08324243 -0.04571864 2.63213501
0.02332772 -0.02739684 2.98586948
-0.00789713 -0.04325380 2.81135534
-0.02352740 -0.01617773 2.72196508
0.05579166 0.00136830 3.02215625
0.00308655 -0.02410056 2.84544689
-0.01649959 -0.01757454 2.70565510
-0.06076007 -0.04160441 2.81215708
-0.01259728 -0.02644665 2.83248392
-0.01244231 -0.03446921 2.74784356
-0.00626043 -0.02711842 2.75463460
-0.00918119 -0.03166284 2.80058196
-0.03777023 -0.03691790 2.63789511
-0.02616587 -0.03421949 2.76700506
-0.03437585 -0.04334713 2.71425741
-0.05709544 -0.04192460 2.79783465
-0.01451139 0.03179037 2.68680042
0.00249048 -0.02038569 2.80114456
0.02560573 -0.01958534 2.86778963
-0.00626288 -0.02678685 2.74570895
0.00889118 -0.02836802 2.84958882
0.02491989 -0.02718750 2.83939905
-0.01596434 -0.02427387 2.72918644
-0.03034095 -0.03502669 2.67804680
-0.01220056 -0.03996564 2.72082656
0.01757446 -0.02817251 2.84779499
-0.02853808 -0.03257436 2.73009806
-0.03887816 -0.02500438 2.69193298
-0.02610072 -0.02642276 2.72382697
-0.01611797 -0.04018236 2.74243497
-0.00642750 -0.04216786 2.76568624
-0.01714033 -0.02694671 2.76618997
-0.02680054 -0.03198848 2.74128120
-0.02182448 -0.03643952 2.80571843
-0.04988596 -0.02496767 2.77198962
-0.01950304 -0.04317793 2.69703646
-0.03453890 -0.04089986 2.85509472
-0.01800754 -0.03239591 2.78589122
-0.02227664 -0.05750205 2.76857866
-0.00017758 -0.04737865 2.83199981
-0.00651116 -0.03613692 2.72425448
-0.02009466 -0.05073122 2.93757324
0.03629260 -0.01983813 2.80496061
0.00943957 0.01135468 2.81019341
-0.05676779 -0.01448791 2.81853591
0.01036527 -0.03237312 2.76433735
-0.03478360 -0.05503465 2.59678569
0.03359722 -0.02681510 2.89756676
-0.01799567 -0.01523601 2.76291804
-0.04203532 -0.02330665 2.69431318
0.00308502 -0.03717571 2.56211121
0.01324083 0.00215198 2.77596817
0.01433393 -0.00670067 2.78115349
-0.03610950 -0.01293109 2.39674076
-0.10229257 -0.05960854 1.98618707
-0.01376611 -0.03891454 2.45193406
-0.02478514 -0.03766743 2.56609678
-0.01722077 -0.02778473 2.70248832
-0.07015549 -0.02880548 2.42240498
-0.00973991 -0.03576944 2.64947487
-0.00338835 -0.03357664 2.65192148
-0.02133666 -0.04252658 2.56498519
0.01295099 -0.03538383 2.45712057
-0.03202310 -0.03186446 2.63123080
-0.02045653 -0.03194145 2.64504249
-0.01398608 -0.03749013 2.68064480
-0.03480633 -0.03519339 2.68419634
-0.04028486 -0.03538567 2.61324286
-0.04076762 -0.02788792 2.69716244
-0.02544944 -0.02604611 2.76819367
-0.04278517 -0.03650081 2.60369586
-0.02943972 -0.03142049 2.65286884
-0.04727928 -0.06408782 2.62872568
-0.03887648 -0.02875162 2.59046137
-0.03189250 -0.04466916 2.60944947
-0.03626719 0.58514396 2.43417521
-0.03853455 0.00949681 2.62652977
-0.05042683 -0.03680053 2.66151656
-0.01531031 -0.03543413 2.60810988
-0.03096937 -0.01762179 2.61229635
0.05647486 -0.00475002 2.35618721
0.11166974 -0.15152566 2.38151428
-0.04309850 -0.00968644 2.61387427
0.22438349 0.03038056 2.14034286
-0.03397557 0.68647819 2.38477119
-0.01785510 -0.09485575 2.62247983
0.10675951 -0.00347229 1.74837261
0.00451623 -0.03869026 2.79818056
-0.02851431 -0.05411493 3.09394973
-0.02367305 -0.03737192 2.70715171
-0.06451991 -0.04853319 2.72072928
-0.04124834 -0.04626975 2.63034221
-0.00472014 -0.31273239 2.67574559
-0.01857501 -0.04699530 2.70570273
-0.17110587 -0.01366824 2.18312466
-0.02148684 -0.03621408 2.59835259
-0.15829473 0.24639095 2.45454201
-0.02500445 -0.03712069 2.53284570
-0.05255675 0.00989174 2.55835501
-0.01663858 -0.03967548 2.48061673
0.02686048 -0.02060205 2.25843411
-0.01447673 -0.03268639 2.49092449
-0.13639777 -0.05931359 2.79159721
0.04290815 -0.02704223 2.32702080
0.07047154 -0.26168867 2.35108827
0.35985059 -1.48331077 2.68646573
0.03449736 -0.01809685 2.65153761
-0.07704137 -0.06069577 1.86497162
-0.38036430 -0.11401536 1.07500603
-0.16139175 -0.06975057 1.92769171
-0.07064722 -0.04769844 2.34877271
-0.01623535 -0.06323694 2.41099484
-0.06467165 -0.05727545 2.22255768
-0.07703067 -0.06029602 2.51358072
-0.05455677 -0.02955274 2.14001315
-0.02126768 -0.01393639 2.24307559
-0.09796489 0.60118532 2.29512086
-0.34385804 1.67220908 2.38270828
-0.15610046 0.61171375 2.91056118
0.05249730 -0.02603582 1.95721056
0.14085964 0.03269510 1.86053455
0.05260271 -0.01105137 1.85313808
0.01673268 -0.03697919 1.76931676
0.00249128 -0.07346185 2.09862316
0.01155792 -0.06179827 2.24166094
-0.08971458 -0.06465569 2.58802843
0.06067277 -0.04586768 3.05449649
-0.08666035 -0.03998624 2.07042839
-0.08773914 -0.05873957 2.15851699
-0.02544011 -0.04147598 2.33414830
-0.00490259 -0.03336645 2.40808922
0.00980877 -0.02434772 1.95457257
-0.03543547 -0.07262017 2.39017748
0.00293973 -0.07646687 2.46290529
-0.04963079 -0.06972921 2.32450684
-0.01674223 -0.02525364 2.15771211
-0.17823482 -0.09468236 2.87144049
0.01595315 -0.03946137 2.41299628
0.03668270 -0.02215361 2.17307287
-0.08586322 -0.03163731 2.97791834
-0.02867001 -0.16818266 2.50508967
-0.03656149 -0.11092636 2.51041408
0.01299583 -0.26845626 2.27209772
-0.04541575 -0.25020820 2.45338241
-0.05472257 -0.03016969 2.46487801
-0.07238064 -0.17598637 2.59739162
-0.08715353 -0.06022933 2.49488314
0.06959444 -1.01476512 2.48866060
0.10861956 -0.14644404 2.11360070
-0.04230103 -0.09013985 2.68382659
-0.07717546 0.18223480 2.93661716
0.02370625 0.02221664 2.57192149
-0.00570152 -0.02743109 2.50416093
-0.08259972 -0.09767925 2.19587674
-0.05025432 -0.04447421 2.53223015
0.07080583 -0.03586602 2.44877633
-0.02203750 -0.05488747 2.35347081
-0.04998456 -0.04170873 2.22884137
0.03361049 0.00509636 2.50958558
-0.02972944 -0.11317018 2.13431930
0.02718065 -0.01486526 2.99902198
-0.01660605 -0.01972941 2.57078232
-0.13061405 -0.03950498 1.97409439
-0.03971275 0.10740534 2.58559816
0.01282243 0.44318294 2.71496758
-0.04024150 0.09179646 2.25262457
0.06561830 0.01635681 2.41237065
0.03992403 -0.00534802 2.01853503
0.07515604 -0.01780954 2.06996849
0.00397021 -0.02371038 2.13237577
0.05060094 -0.04346375 2.43505300
0.04479065 0.02914710 1.78354188
-0.03075716 -0.05671993 2.18827220
0.07299372 -0.03272154 2.37190588
0.03503999 -0.00628715 2.17335806
-0.04720759 -0.02495070 2.20238982
0.00849707 -0.07464556 2.18570867
-0.06031360 -0.04519378 2.12096983
0.02621498 -0.04207009 2.20014250
-0.01112847 -0.04390306 1.97180280
-0.07330057 -0.06836219 1.94834723
-0.20461421 -0.04779606 1.87972500
-0.06235427 -0.03112769 1.85107385
-0.02381993 -0.01019776 2.07105575
-0.02488462 -0.00248243 2.43141129
0.13524473 -0.02151311 2.37360442
0.01694800 -0.04045017 1.85593710
0.02670430 -0.02982831 2.20385929
0.15444780 -0.00142833 2.27984217
0.03423708 -0.01939850 2.21724595
-0.03361842 -0.05214684 2.20122957
0.08431329 -0.20434957 1.99421485
0.03852417 0.05786891 2.20061172
0.02997912 -0.03908461 2.10116620
0.02159493 -0.05554036 1.94430706
-0.08100394 0.00136493 2.06150135
0.52747255 0.22074725 2.21827225
-0.04241553 -0.02087072 2.10376037
-0.03029131 -0.04314906 1.92338845
0.37135273 -0.07053297 1.92232329
-0.10134884 0.01044212 1.96992259
-0.13564313 0.01998848 1.72268667
0.05608523 0.02962470 2.12524040
-0.13296060 -0.01636854 2.04832313
-0.17203943 0.00930159 1.86652524
-0.10690816 0.04148121 1.92145901
0.19284339 -0.03748979 1.75744635
0.08575280 -0.04033616 2.14614127
-0.11819900 -0.07349893 2.07351020
-0.16893108 -0.01921885 2.99483184
0.01307400 -0.03859147 2.18544904
0.07762501 -0.01035986 2.55516514
0.10550519 0.00003580 2.52480906
-0.01315625 -0.04949728 2.01459199
0.10234646 -0.02059031 2.17263210
0.05248965 -0.00990073 2.09777258
-0.00680325 -0.02081730 2.06945436
0.01808057 -0.02335332 1.96218336
0.01104770 -0.02221058 1.96879350
0.02708042 -0.00949983 2.13132581
0.05204336 -0.02019173 1.99710382
-0.01326841 -0.05083473 1.83804157
0.01644636 -0.01021564 2.03018539
0.02976295 -0.00538912 2.14195446
0.02192956 -0.00078630 2.07567448
0.05086644 0.00053684 2.04954641
0.04962756 -0.02020608 2.04307745
0.06821722 0.02615614 2.11977743
0.13812301 0.01183443 2.08934429
0.05462823 -0.00179795 1.99003571
0.00582028 -0.00072153 1.80457114
0.02435218 -0.01523031 1.99074512
0.04379925 -0.01476403 1.89965191
0.04285223 -0.01051715 1.89431470
0.02012559 -0.01303180 1.91191427
0.01741532 -0.01894439 1.85197997
0.04114580 -0.01029702 1.90653731
0.01144354 -0.02552236 1.88624965
0.01361794 -0.02570063 1.74674573
0.04262170 -0.02611167 1.88580285
0.05854171 -0.02417671 1.88586114
0.02199123 -0.02896404 1.68465173
-0.01419800 -0.03100747 1.52325797
0.00706933 -0.02491211 1.62386399
0.01603025 -0.02566689 1.73402622
0.00750475 -0.02911664 1.58682952
-0.01652111 -0.04153307 1.57590653
-0.02622053 -0.05779381 1.47314639
-0.02764788 -0.03626786 1.48319235
-0.00392207 -0.02552772 1.51233225
0.02867961 -0.00402854 1.67934581
0.01741516 -0.01178364 1.60525446
-0.01551815 -0.03259796 1.46289317
-0.00081804 0.02069809 1.92627614
0.00744308 -0.02130164 1.52715280
0.03099448 -0.03220996 1.41426761
0.00640815 -0.01221768 1.56372099
0.01407068 -0.02114316 1.47795993
0.01016959 0.01913479 1.62474880
0.03129100 -0.02638693 1.38411445
0.07825767 -0.00128791 1.55687059
0.05482558 0.02034590 1.63076644
0.05494574 0.00193682 1.59396649
0.01252623 -0.02320931 1.47995307
0.01807689 -0.03094568 1.44940759
0.03595281 -0.00586938 1.51780089
0.04972885 0.00459617 1.52006741
0.04489315 0.00318198 1.52695831
0.04282949 0.01150515 1.59646722
-0.00534194 0.01204615 1.65706340
0.00643018 -0.00966238 1.54632124
0.01394315 -0.01849732 1.51646829
0.05982804 -0.00248795 1.63277969
0.04185763 0.00362981 1.62116678
0.00916996 0.00028167 1.63474107
0.02492246 -0.00525721 1.59996894
0.01919278 -0.01560057 1.54494153
0.01454774 -0.01039786 1.56624789
0.01364630 -0.00339003 1.66442375
0.00942594 -0.00028546 1.63125922
-0.00115632 0.00001197 1.66167093
0.00390152 -0.01240937 1.60057479
-0.00029875 0.00022232 1.66175815
-0.00110711 -0.00807456 1.67657042
-0.01329036 -0.01438751 1.66954431
-0.02636623 0.01485287 1.76492404
-0.02309387 0.00054538 1.68749412
-0.03840722 0.00355361 1.76318153
-0.01879085 0.00919720 1.73856236
-0.01477508 0.00330502 1.70909501
0.00795922 -0.00789774 1.65912668
-0.00226381 -0.00058877 1.71476680
-0.01491792 0.00593813 1.75710830
-0.00596879 -0.01815416 1.71917532
0.01379636 -0.01121086 1.64042647
0.01024760 -0.01007473 1.67174594
-0.01254037 0.00526383 1.73641984
0.00754301 -0.00933581 1.64119414
0.01996789 -0.01597434 1.64025352
0.01485914 -0.00884103 1.69443076
0.08194769 -0.03421527 1.77411487
0.22218679 0.01099969 1.88886637
0.02135072 -0.00772585 1.72780077
0.06438427 -0.02150313 1.81022297
0.09560919 -0.02044857 1.88828402
0.01638447 0.02010521 1.74042789
0.03373506 0.00631354 1.79259478
0.02968860 0.00307259 1.71064144
0.03214235 0.04538561 1.77027491
0.00710857 0.01872378 1.76427966
-0.00064612 0.01398099 1.75570849
0.01607793 0.01041919 1.74595377
0.00336867 0.02647300 1.76056768
0.01739547 -0.01447677 1.69081696
0.01640304 -0.01164101 1.74118788
0.06268094 -0.01724324 1.74872817
0.01635194 -0.02392992 1.73606740
0.01441373 -0.02680098 1.78736198
0.03068297 -0.02435873 1.78239149
-0.01778265 -0.00701304 1.75242776
0.05932444 -0.02722032 1.89834991
0.04003971 -0.02637026 1.78647710
0.04065251 -0.01875677 1.88917013
-0.02007234 -0.02893007 1.93729804
0.15261443 -0.02702601 2.08175921
-0.01311366 -0.00956354 1.79914528
0.01985789 -0.03775043 1.88746530
-0.01824138 -0.00940061 1.82786043
0.04075685 -0.05034117 2.07501429
-0.02688179 -0.00839416 1.84135590
-0.00125912 -0.04797983 2.05476030
-0.04863518 -0.02067048 1.86717971
-0.01016748 0.02842637 1.99641483
-0.05608441 -0.03053199 1.90426954
-0.05372536 -0.02157942 2.02492601
-0.04897255 -0.01525464 1.90614386
-0.06637348 -0.00632400 1.93093379
-0.02393979 -0.01263703 1.83718484
-0.04499422 -0.01593748 1.88556588
-0.00878061 -0.00806667 1.77214908
-0.00708087 -0.00757560 1.72688448
-0.02239633 -0.01522955 1.79707781
0.06607086 -0.02268845 1.67752660
-0.09824092 -0.02228845 2.05301991
-0.25239057 -0.07633339 2.38774630
-0.49528677 -0.14339581 3.07344527
-0.26122227 -0.07775734 2.36801870
-0.29693369 -0.11296902 2.39189652
-0.35678640 -0.06791737 2.51034492
-0.07339599 -0.04013303 1.98133655
-0.11997365 -0.00772712 2.11749085
-0.19315720 -0.01526782 2.35014202
-0.09156845 0.01304563 2.04974897
-0.08022052 -0.01858458 2.10839869
-0.08867222 -0.01026292 2.18558462
-0.14519072 -0.00215758 2.36330679
-0.09424913 -0.00647005 2.12349740
-0.05697423 -0.01116280 2.16003163
-0.08965280 -0.03148422 2.12898779
-0.14865438 -0.01389025 2.37436522
-0.13404030 -0.00761610 2.48834143
-0.05522013 0.00618634 2.09109304
-0.19555955 0.03347668 3.35770293
-0.03051816 -0.00215031 2.14251252
-0.08703851 -0.02042439 2.09942699
-0.08748223 -0.02157991 2.00940063
-0.05931603 -0.00648706 2.05591892
-0.01403260 -0.02159316 1.87088679
-0.02851140 -0.02151653 1.84606557
-0.01296288 -0.00975544 1.88696799
-0.07441933 -0.02478491 1.89617005
-0.02308418 -0.01058447 1.80462563
-0.03141653 -0.03376784 1.87283325
-0.03053115 -0.02646853 1.89674235
-0.01743695 0.00214108 1.87439631
-0.00308187 -0.01052640 1.92999060
0.00046897 -0.02551593 1.76977178
-0.02904908 -0.00330974 1.83163698
0.03362693 0.24736820 2.20814061
-0.03441405 -0.00014922 1.79085619
-0.02858558 -0.00131604 1.80348908
-0.00174334 -0.02452025 1.66250977
-0.00464794 -0.01704402 1.68600633
-0.02932894 -0.02374408 1.72154312
0.00374351 -0.01536685 1.67013830
-0.02868535 0.02316883 1.74263494
-0.05387653 0.02143185 1.75098708
-0.01803691 0.00497591 1.69778004
-0.06760024 0.03545531 1.79600086
-0.14484241 -0.02182271 1.98597817
-0.17118375 0.11810807 2.00793701
-0.08576613 0.16373488 1.73347526
-0.00710703 0.09537277 1.69913835
0.04877194 0.01312874 1.77561162
0.06529287 0.07260744 1.94173872
0.00668983 0.07679073 1.81068043
0.05293937 0.02764040 1.82120008
0.04441048 0.00310298 1.74766256
0.04205285 -0.00805940 1.79572218
0.05303719 0.01887711 1.90566530
0.01551239 -0.02483990 1.49859456
0.01205426 -0.00762759 1.61179615
0.00646699 -0.01376240 1.52033831
-0.00852532 0.01230842 1.63414516
0.07056051 0.02427950 2.27080030
0.07370252 0.00400292 2.03488999
0.05219429 0.00341278 1.90584488
0.01648188 -0.03241923 1.63290215
0.01454039 -0.00303662 1.52612538
-0.01359754 -0.03508524 1.58926867
-0.00805400 -0.02616447 1.56271141
-0.00511876 0.01963856 1.63415007
0.10069232 -0.01446760 1.59641738
0.04963931 0.01421094 1.69949424
0.08637449 -0.00608182 1.78050779
0.04948806 -0.01112867 1.52522880
0.09683745 0.00297858 1.61045738
0.07945882 0.00554711 1.59422350
0.02928589 -0.02189590 1.52383887
0.02172909 -0.01097587 1.54716998
0.08847449 0.01108939 1.60314924
0.09541891 -0.02451315 1.57680884
-0.00788516 -0.01299994 1.53893411
0.01381830 -0.02968490 1.54438408
0.03190207 0.00723978 1.56472330
-0.00191792 -0.02368887 1.56018517
0.02828352 -0.02613262 1.56399159
0.00030431 -0.00656638 1.58365484
0.02213454 -0.02059834 1.51721371
0.10368777 -0.02576026 1.57251616
0.04145385 -0.01262524 1.52099518
0.03819561 -0.01679504 1.50980311
-0.08319197 -0.00260309 1.42186729
-0.08444916 0.00476736 1.43294184
-0.05729101 -0.10876312 1.73286800
-0.34109390 0.14536110 1.42663389
0.21428718 -0.03694035 1.22200490
-0.28310406 -0.10443940 2.08708438
-0.52988001 -0.12940632 2.34156538
0.02298065 0.10933043 2.58285638
0.16896962 0.16711369 2.56454075
0.06597859 -0.06248661 2.76276319
-0.73435693 -0.00354784 3.07357401
-0.02033995 0.02866475 3.58114502
-0.03129544 0.01978380 2.25941147
-0.04316883 0.01913792 1.96614731
-0.00774656 0.00148257 1.77561482
-0.08141858 0.00434718 2.15429601
-0.11371178 0.00582124 2.24945838
-0.07238153 -0.00925110 1.94652077
-0.05211256 0.00000902 1.89908319
-0.14161275 0.01665958 2.29526230
-0.14101096 -0.01090607 2.07814561
-0.30844873 -0.00852315 2.37449304
-0.12032242 -0.00190961 1.96102016
-0.12736481 -0.04036601 1.82067087
-0.23879920 -0.03151341 2.23360993
-0.17527571 0.02664486 2.25278014
-0.20086415 0.00156534 2.33680214
-0.21625323 -0.00910026 2.17953389
-0.08294467 -0.00439462 2.05153939
-0.08878464 -0.03046602 2.09082224
-0.12758156 -0.00298198 2.34774676
-0.07572216 -0.01634733 2.14330548
-0.10076861 -0.03730695 2.09590082
-0.07449985 -0.05306287 2.25883579
-0.06333096 -0.02695239 2.09526273
