-0.00716036 -0.00355424 0.96189520
-0.00062535 -0.00056509 0.96332178
-0.00386842 0.00447329 0.96373249
0.00885434 0.00114860 0.96083259
-0.00922560 -0.00008709 0.95861992
0.01395611 0.00702470 0.93261868
-0.00911766 0.00486845 0.93748306
-0.01064143 -0.00360682 0.92990873
0.00227146 0.01323417 0.92937720
0.00755370 0.00909916 0.93042486
-0.00254820 0.00167605 0.92315838
0.00245326 -0.00058987 0.95074374
0.02120728 0.01359872 0.88380398
-0.02483630 0.00615196 0.90977285
0.00249526 0.01709616 0.90841720
0.00346146 -0.00474718 0.90439335
0.01350708 -0.01292540 0.90077468
-0.00770872 -0.01227362 0.89695862
-0.01385385 0.00520210 0.89182506
0.04533287 0.02300774 0.89075795
-0.00371126 0.00986317 0.88757819
-0.01387774 0.00477910 0.88076980
0.01208598 0.00503523 0.87422919
-0.00971425 -0.00629120 0.86914502
-0.00854794 -0.01075229 0.86310699
0.02024767 -0.00080164 0.85685430
-0.00012949 0.01312419 0.85780630
-0.02292639 -0.00570145 0.82660742
0.00681724 -0.00870151 0.82421228
-0.02522256 -0.00604823 0.81405602
0.01860312 -0.00260543 0.79669764
0.00773335 -0.00794539 0.79287400
-0.00358879 -0.00194183 0.78548080
0.00256026 -0.01025714 0.77222007
-0.02919439 -0.00195477 0.76648909
0.00535066 0.01759241 0.76030074
-0.02191730 -0.00052829 0.74432454
-0.03284386 -0.00218216 0.73743564
-0.02905403 -0.02199798 0.72746699
-0.00834546 -0.00312447 0.74231227
-0.00283096 -0.00948701 0.69064432
0.00159544 0.01026868 0.69348074
-0.01011851 -0.00125614 0.68854691
-0.00184309 -0.01190636 0.67690803
-0.01004387 -0.00182430 0.66306778
0.00624565 -0.00482640 0.65306918
-0.00772988 0.00742502 0.63761979
0.00378532 0.00503221 0.63748902
-0.03126325 -0.01259789 0.64924590
0.01689146 0.00333406 0.60569229
-0.03235743 0.00166675 0.59840987
-0.01037088 -0.00110912 0.58506494
-0.01674909 0.00518440 0.56851724
0.00012138 -0.00240862 0.54829718
-0.01379785 -0.00984788 0.52685619
0.01120580 -0.00773727 0.50739996
-0.02050870 0.00471420 0.48299749
-0.04831714 -0.01291969 0.46133794
-0.00313560 0.00763317 0.43948380
0.00067457 -0.01010011 0.42178942
0.00254089 -0.00142435 0.39757586
0.00211181 -0.00397035 0.37245276
-0.09800883 -0.00401660 0.34984274
0.00232844 -0.00981140 0.31145640
-0.01078369 -0.01595708 0.29855896
-0.06110246 -0.00942249 0.26899111
-0.04634656 -0.01839403 0.26316515
0.02181379 0.00915388 0.26055605
-0.00647046 -0.02129526 0.25888710
0.01953560 0.00201841 0.25731972
0.04168384 -0.01070703 0.26359346
0.05833227 -0.00548848 0.23468763
-0.01269178 0.00849045 0.25140915
0.03695772 -0.01296652 0.25286114
0.01684650 -0.00270469 0.23894449
0.02125137 0.01305552 0.24797731
-0.01369281 0.00703700 0.24943455
0.03428182 0.01004668 0.25281112
0.04911124 -0.00793595 0.25293976
-0.00766187 -0.00313336 0.26396195
0.02459856 0.01043609 0.25513201
0.00548334 0.01354671 0.26094784
0.01959162 -0.00306745 0.26671733
0.03248712 0.00083994 0.26542736
0.00852234 -0.01361400 0.27234099
0.04760708 0.02093186 0.28325648
0.04107914 0.02049466 0.29734641
0.03113572 0.00508434 0.30230386
0.03498786 -0.00028863 0.32483625
0.03846957 -0.00619441 0.34056394
0.04319506 -0.00053418 0.35719613
0.05477059 0.00242067 0.38536055
0.05143311 0.00692269 0.39604354
0.07745748 0.01163261 0.40233989
0.06176769 0.02292050 0.42286573
0.05729082 0.00819161 0.43558541
0.02663484 0.01039498 0.45683337
0.04756807 0.00854012 0.46106242
0.06249168 0.01572921 0.46989367
0.06287942 0.00859528 0.48541455
0.07244696 -0.02117723 0.50115393
0.06281016 0.02950711 0.52200198
0.03943830 0.01039391 0.51439707
0.03813769 0.00296685 0.53279616
0.03756283 0.00427861 0.55214303
0.01901610 0.00200352 0.56648568
0.03338204 0.01668785 0.57718783
0.01304390 -0.00206860 0.58315111
0.01538006 0.00513606 0.60590641
0.00859140 0.00142114 0.60181896
0.01238189 0.00953844 0.62026375
0.00474587 0.01317031 0.63153218
0.00348493 0.01273514 0.63994206
-0.00389698 0.01577565 0.65478348
0.00193099 0.00732975 0.66295482
-0.00854458 -0.01645148 0.68207891
0.00966513 0.00265978 0.68773871
0.00102799 -0.01055236 0.69205788
0.02852572 -0.00293517 0.69723568
-0.00578711 0.01659828 0.70380996
-0.00357171 0.01972648 0.72156981
-0.00396691 0.00509210 0.73894359
-0.02573659 -0.00815258 0.73857467
-0.00043286 0.00820154 0.73646279
0.03671292 -0.00010215 0.72686580
-0.00083988 -0.00966898 0.73053226
-0.02242474 0.00147803 0.73762736
-0.01239604 0.01886147 0.73070310
-0.00557922 0.00120935 0.74375148
0.01363032 -0.01733239 0.74017347
0.02747144 0.03813714 0.72367743
0.00915754 0.02202810 0.73471121
-0.02336344 -0.02123614 0.73835101
0.00377349 -0.00834298 0.74154256
-0.00563778 0.00482704 0.73621653
-0.00500537 0.00118199 0.73682292
-0.02720800 -0.00083378 0.73541240
0.00860118 0.01485967 0.74087149
-0.00453015 -0.01064233 0.74248498
-0.02545318 0.00152682 0.73971671
-0.01383631 0.00226405 0.74399559
-0.00169908 0.01038053 0.74520519
-0.04463151 -0.00129954 0.74829750
0.00197972 0.01016087 0.74622399
0.00079336 0.00365725 0.75795734
-0.01529540 -0.02018924 0.75536172
-0.00232295 0.01189501 0.75676308
-0.01528931 0.00384482 0.76401626
-0.00924711 0.01008356 0.76765780
-0.01554699 0.00228609 0.77561606
0.01159174 0.02552111 0.77917641
0.01539035 -0.00337114 0.78078027
-0.01193251 0.00806585 0.78821316
-0.03967887 0.00957859 0.79412356
-0.01498445 0.01956998 0.81171185
-0.00173822 0.00411354 0.78126040
-0.01865774 -0.00311300 0.79597214
-0.01992693 0.01119023 0.80946397
-0.00891071 0.01470890 0.82277702
-0.00644597 0.00231756 0.80111641
-0.01960120 0.01019629 0.82221975
-0.01243484 0.01531425 0.82353418
-0.00658637 0.01028671 0.82730741
-0.00383973 0.00188810 0.82290880
-0.01304240 -0.00061430 0.83355942
0.00903054 0.00607952 0.79689172
-0.02823387 0.01162319 0.80061455
-0.01627299 0.01008507 0.79575587
-0.01024146 -0.00520193 0.77612837
-0.01087283 -0.00095032 0.78146987
-0.01013936 -0.00085341 0.78966868
-0.02064717 -0.00360745 0.75891299
-0.01807269 -0.00227059 0.76415493
0.00454374 -0.00073391 0.75688776
-0.01312972 -0.00391922 0.74010443
-0.01206667 0.00727802 0.72994038
-0.01802421 0.00241772 0.71905968
-0.01290261 -0.01286948 0.70908492
0.01242294 0.00252331 0.69492060
-0.03629741 0.01117468 0.69057632
0.00782368 0.00129117 0.68467763
-0.02238874 0.00390017 0.67661799
-0.01145365 -0.01201295 0.66841759
-0.01150682 0.00565049 0.65410624
-0.00403877 -0.00650564 0.64507954
-0.00711866 -0.01036514 0.63677327
0.01949917 0.00037090 0.64022843
-0.01933647 -0.00684188 0.58937369
-0.00362926 0.00106693 0.61918998
-0.03670651 -0.01104079 0.59259322
-0.00467897 0.03094231 0.59297627
-0.01113703 -0.01038092 0.58094932
0.00562712 -0.01335593 0.56314630
0.00427919 0.01230764 0.55635439
0.00855908 0.00413076 0.55257383
-0.00264869 0.00101988 0.54832767
-0.00546022 0.00038082 0.54757344
-0.01340925 0.00933613 0.55434698
0.00224056 0.06986719 0.54686776
0.01936960 0.02348353 0.55361886
-0.01579596 0.00681956 0.55899153
-0.01581736 0.00665504 0.56490803
-0.01553753 0.00779517 0.56083408
-0.02579485 -0.00996905 0.57241758
0.01967116 -0.04025939 0.59121901
-0.03118043 0.00697535 0.57601675
-0.00594588 -0.01174253 0.58286104
-0.01588976 0.00636132 0.61372111
0.04918187 0.01532822 0.58712325
0.00449164 0.01367143 0.62863338
-0.03079901 0.01969943 0.62137911
-0.00891585 0.00416228 0.63533303
-0.02232654 0.00304793 0.64361765
-0.02041486 0.03688981 0.66292521
-0.02239968 0.03205927 0.67630209
-0.01428422 0.00689425 0.70042157
-0.00649427 0.01269048 0.70936832
0.01677393 0.00065122 0.72360010
0.00395264 0.00617935 0.73642555
-0.01141477 0.00811372 0.75486911
-0.00600344 0.00832134 0.75613302
0.01185439 -0.00375129 0.78222180
0.00823389 0.00407785 0.77828547
-0.02327251 -0.00483354 0.78070495
-0.00464949 0.01335269 0.77461747
0.01709323 0.00518814 0.78595442
0.00245722 -0.02318242 0.77929811
-0.02536254 0.00124039 0.76948845
-0.00884923 -0.00004338 0.76418453
-0.01456776 -0.00869089 0.75270232
-0.02037148 0.00927103 0.75604995
-0.01192336 0.02704563 0.72435160
-0.01183738 -0.00036415 0.73659353
0.01640146 0.00104638 0.73763571
0.00207652 0.00113726 0.70526779
-0.00676078 0.02401398 0.72403138
-0.02200876 -0.00124559 0.67058587
0.00208026 -0.00213536 0.67804173
-0.00978909 0.02595934 0.67312234
0.00479399 0.00827515 0.66280481
-0.00941085 -0.00185343 0.65504384
0.00829926 0.01865801 0.64624653
-0.01731243 0.00133889 0.63280552
-0.01351016 -0.00746118 0.61806356
-0.00065187 -0.00207249 0.61722919
-0.01380607 0.00282765 0.60601187
0.00788098 -0.02450671 0.59987862
-0.01302533 -0.00259509 0.58998983
-0.00374072 0.00909618 0.58606731
0.05747868 0.01593407 0.57681445
0.00201494 0.00251580 0.57845279
-0.03426645 0.00513983 0.57891577
-0.01190242 0.00855404 0.57623779
0.00458006 -0.02125347 0.56458216
0.02832060 0.01538332 0.57693043
-0.04592020 0.00214671 0.56779218
-0.00492269 0.00613960 0.57820494
-0.00812708 0.01366347 0.58844631
-0.01260154 0.00531173 0.60264346
-0.02763853 -0.00407412 0.61260200
-0.02397933 0.00721139 0.62357669
-0.00834467 0.00918582 0.63133358
-0.00716775 0.00312765 0.63140976
-0.02155124 -0.01476896 0.64569964
-0.03858584 0.00169962 0.65591535
-0.04011107 0.00038840 0.67732421
-0.04513631 0.00159750 0.69249214
-0.04682526 -0.00296458 0.70585558
-0.03595683 0.01680246 0.72185757
-0.01185722 0.00919836 0.73332657
-0.02931821 0.03353795 0.74198762
-0.03414925 0.01003573 0.74967392
-0.02873038 -0.00484831 0.76657937
-0.01451693 0.01311420 0.78188124
-0.01503999 0.00957276 0.79613130
-0.02606539 -0.00597811 0.80774202
-0.01906449 0.01707335 0.83756630
0.01775572 0.00388461 0.80832114
-0.01060559 0.01048601 0.85364488
0.02522834 0.00295828 0.85928507
-0.02639185 0.00627798 0.85068402
-0.01957768 -0.00938343 0.86589017
-0.01987220 -0.00077050 0.86447487
-0.00317746 0.00466756 0.89446813
-0.03322164 0.01527465 0.86898915
-0.02875941 0.02226152 0.89133559
0.04894834 0.04217068 0.89877487
-0.00989525 0.00638862 0.90408178
-0.01656745 0.00373027 0.90108666
0.00257024 0.00267947 0.90419777
0.00554814 0.00072669 0.89672673
-0.00756923 0.00225137 0.91852483
-0.00822933 0.01540125 0.89637416
-0.00330465 0.00402812 0.92229161
0.02168085 0.01252620 0.92763105
0.00358663 -0.02007547 0.92575092
-0.00403846 0.00613457 0.92737855
-0.00415428 0.01441725 0.92917484
-0.02614274 -0.00797119 0.93998637
0.01020484 -0.00215588 0.94082370
-0.00105242 -0.00211847 0.96066681
-0.02402708 0.00604555 0.92365161
-0.03106177 -0.00601621 0.94311127
0.01402798 0.01129477 0.94487353
-0.00530860 0.00393041 0.95099026
-0.01569901 -0.00306994 0.96632352
-0.00142435 0.02027283 0.92395255
0.01479049 0.00360120 0.93615230
-0.00256996 -0.00031765 0.95379032
0.01015185 0.01498582 0.93972823
-0.00207602 0.00613728 0.93067659
0.00796354 0.00116100 0.93354572
-0.02130601 0.00761888 0.91722852
0.00499171 -0.00547679 0.91310882
0.00541650 0.02024918 0.92056219
-0.00213218 0.00764858 0.93501819
-0.01241308 0.01323600 0.90858132
-0.02124704 -0.00252785 0.93249751
0.03583369 0.01958882 0.89026702
0.00364675 0.00229537 0.90663855
0.00307904 0.00131312 0.91729376
0.00766997 0.00586595 0.89771660
0.02003298 0.01727369 0.88416529
-0.01772630 0.01156874 0.89662412
-0.00077181 -0.00130171 0.90083408
0.00357763 0.01203973 0.90578213
0.01250893 -0.01402935 0.89784116
-0.01127849 -0.00922613 0.90537543
0.01230233 0.01223449 0.90344430
0.00340566 0.00258703 0.92102142
-0.00078744 0.01426604 0.91703921
-0.00266533 0.01274501 0.93332403
0.01252952 -0.00889187 0.93174199
-0.02315762 0.00754453 0.93615426
0.02348559 0.00190303 0.94289568
0.01546979 -0.00585283 0.95774663
-0.00973042 0.00503954 0.91750671
-0.00331245 0.01370457 0.92881683
-0.00161194 0.01068575 0.97107789
0.01264153 0.00066825 0.93083037
-0.01742554 -0.00921800 0.92087637
0.01564835 -0.00225148 0.92615344
-0.04523778 0.02295138 0.92665471
0.05890229 0.00140069 0.91506174
-0.00173369 0.00571504 0.90433510
0.00322649 0.00184647 0.89686994
0.02557797 -0.00215412 0.87989187
-0.00553065 0.01016842 0.89442541
0.00612826 0.01417300 0.84970041
-0.00665495 -0.01129905 0.84451499
0.00344452 -0.00304599 0.85018407
0.03436125 -0.01251447 0.84438977
0.00514643 0.00536763 0.83198480
0.02686186 0.00128173 0.81847637
0.03052614 -0.02460889 0.80743481
0.00294300 0.01047810 0.79507091
-0.01746807 -0.00553269 0.78676924
0.03044518 -0.00134112 0.79534671
0.00351073 -0.00210769 0.76470665
-0.01051986 0.02172440 0.78318041
0.00462764 -0.00886158 0.76829677
0.00610210 -0.00918066 0.75074325
0.00465164 -0.00008397 0.73977098
0.00767288 0.00088400 0.73472509
-0.00388643 -0.00029994 0.72582583
-0.01463241 0.01666874 0.71572108
0.00047655 -0.01343197 0.70170200
-0.00210384 0.00390278 0.70190531
-0.01352074 0.01178194 0.68665186
-0.00505533 0.01289456 0.67473338
0.00578054 0.00217125 0.66788062
-0.00053102 -0.00107065 0.65974879
0.00473709 0.00709110 0.65814491
0.07209829 -0.02392449 0.65190457
-0.00096835 0.00457951 0.66665355
-0.00122277 0.01341324 0.66813082
0.00770120 0.00584804 0.67751218
0.00303691 0.00428194 0.68266213
0.01855372 -0.00189709 0.68888867
0.02966452 0.00391926 0.69162586
-0.00298574 0.00986406 0.69894521
0.00833716 0.01076886 0.70566169
-0.03731064 0.01376285 0.71606584
-0.01178524 0.00515434 0.72979550
-0.00134801 0.01022870 0.73403800
0.02349421 0.01259225 0.74819837
0.01194307 0.00310534 0.76009781
-0.01179663 0.00968589 0.77153653
-0.02107639 0.00973846 0.78500738
0.05484650 -0.00660465 0.81098453
-0.01090862 0.01736606 0.80136757
0.02203385 0.01250074 0.82067125
-0.00590843 0.00988093 0.83198207
0.03482241 -0.00641116 0.83118795
-0.01052394 0.00261792 0.82135468
0.00787964 0.01070264 0.84937211
0.01800942 0.01460708 0.87337017
-0.00689570 0.02715093 0.89218584
0.00173264 0.01187514 0.91251898
-0.03299977 -0.01418677 0.88101186
0.03344989 -0.01022234 0.87606082
-0.03738827 0.02357032 0.92395129
-0.03922455 0.03318432 0.89435259
0.01125542 0.01063473 0.91802464
-0.06709035 0.04023777 0.91438791
-0.00966279 0.01243226 0.92325127
0.02916561 -0.00693576 0.93125663
-0.00097686 0.02203047 0.93965296
-0.00358988 0.01105204 0.94742280
-0.00113420 0.00955375 0.95260504
-0.00693324 0.01046542 0.95263260
-0.00306817 0.00003603 0.96015009
-0.00739325 0.01239434 0.96200527
-0.02201510 0.00431884 0.96035792
0.00426127 -0.00196735 0.95721140
-0.00839961 0.00226690 0.95642027
-0.00544850 0.00386454 0.95650233
-0.06002383 0.01215200 0.96211744
0.02838415 -0.00281948 0.95437016
0.00028313 -0.01262454 0.95406981
-0.01198606 0.00812010 0.95847207
-0.00365941 -0.00013772 0.96155672
-0.00580046 0.00773567 0.93191988
0.00355236 0.00261261 0.94390620
-0.01986918 0.01987132 0.97365723
0.02068758 -0.00686044 0.91973138
-0.00324976 0.01141654 0.96162339
-0.01287845 0.00122575 0.92576955
-0.00535871 -0.00563040 0.93666669
0.02312431 -0.00585421 0.94076727
0.00137732 0.00642815 0.94237782
-0.02060270 0.00674136 0.95096316
0.01032312 -0.00257145 0.94592899
-0.00801052 0.01763419 0.93426131
-0.00349373 0.00491860 0.93788157
-0.01265587 -0.00055581 0.94659192
-0.01157511 0.00656724 0.92866513
-0.00137140 0.00178654 0.92823860
-0.01491347 0.01175314 0.92251749
-0.01017368 0.01398730 0.92983781
-0.01364396 0.01774009 0.93064870
-0.00175995 0.00288351 0.93082099
-0.03038165 0.03721294 0.92560283
-0.00070636 0.00207532 0.91924431
-0.00308853 0.00663505 0.91951667
-0.00001263 0.00195042 0.91087664
0.00537337 0.00546107 0.90542832
0.03317426 0.01538583 0.91340595
0.00251368 0.00535972 0.91055623
0.00196107 -0.00243870 0.90550744
-0.00483068 -0.00447209 0.89329817
0.00730533 0.00162933 0.88749655
0.02194588 0.01180007 0.89965138
-0.00590555 0.02326623 0.90320908
-0.01144528 -0.01272990 0.90084063
-0.00179162 0.02680601 0.89590558
-0.00273390 0.03470818 0.88605731
-0.00370762 0.00519520 0.88633075
-0.00564980 0.01130422 0.88646201
-0.01105207 0.00451010 0.88226691
-0.01269789 -0.01401424 0.87459385
-0.01265948 0.00945521 0.87265432
0.02260400 0.00600824 0.87000044
-0.00470450 0.00610990 0.87544283
-0.00356461 0.00958642 0.87591814
0.00828523 0.00329328 0.87176544
0.00579617 0.00429864 0.86861014
-0.00139802 0.01097139 0.86259075
0.00362361 0.01338618 0.86687257
0.02523541 0.00906002 0.86791554
-0.00076056 0.00407642 0.86823862
0.00462919 0.01618705 0.86425191
-0.00127322 0.01638305 0.86510201
0.01044303 0.00415333 0.86007946
-0.01105009 0.01137904 0.85707765
0.00321596 -0.00137043 0.85400462
-0.02380713 0.01648967 0.84792218
-0.00900347 0.00593364 0.85263467
-0.00696925 0.01237608 0.80776010
-0.01318636 0.00271940 0.81946414
-0.00218362 0.00057911 0.80936474
-0.01932543 0.00210708 0.80749378
-0.00035211 0.00160560 0.78649410
0.00892723 -0.00040863 0.77890162
-0.01978859 -0.00359496 0.76578979
-0.01832343 -0.00113647 0.75516940
-0.01185278 0.00400502 0.74542072
-0.01765865 -0.00631698 0.74286726
-0.00598415 0.00040340 0.72174217
-0.02610792 -0.00094583 0.71680169
-0.00159024 0.00192344 0.68987162
-0.01270073 -0.00859167 0.67739199
-0.00969559 -0.00832656 0.66703532
-0.01633377 -0.00934407 0.65578447
-0.01265425 0.00241310 0.64316365
0.00218779 0.00201314 0.63057454
-0.02371585 -0.00387367 0.61921528
-0.00773360 -0.01039280 0.60556456
-0.01006929 0.00394143 0.60365041
-0.01023486 -0.00072032 0.56824872
0.00076091 0.00747580 0.57946195
-0.00657026 -0.00037670 0.56470020
0.01115306 -0.00121757 0.55414421
0.01518583 0.00812806 0.54203962
-0.01623825 0.00373147 0.53269820
0.00042490 0.00217834 0.52446670
0.00412262 -0.00462882 0.51441832
-0.00348256 0.00616696 0.50326071
-0.00340250 0.00031059 0.49825795
-0.01367120 0.00431756 0.48868202
0.02144398 0.00110811 0.49140318
-0.00514023 0.00072964 0.48981063
-0.01483282 -0.00323368 0.49703306
-0.00124967 0.01170973 0.50189894
0.00823760 -0.00706424 0.50645828
-0.01268283 0.00612758 0.51174125
0.00762782 0.00418419 0.51523597
-0.00071254 -0.00374930 0.52451952
0.01015218 0.01021748 0.53130075
0.00467634 0.01270393 0.54728189
-0.01048179 0.02131744 0.55854216
-0.01105246 0.00589640 0.57110539
0.00190231 -0.00489108 0.58492028
-0.00489510 0.01022439 0.59019766
-0.02938615 -0.00195643 0.59537506
-0.01954712 0.00327352 0.60554609
-0.01584179 0.00318377 0.62416885
0.02262815 0.01376217 0.63279432
0.02624431 0.01880971 0.64640627
0.00018703 -0.00006543 0.65688966
0.01236027 0.03942863 0.66586009
0.02285073 0.04762093 0.67297783
-0.01815972 0.00446645 0.68736178
-0.02335243 0.01680437 0.70447240
-0.00788240 0.00187282 0.70431865
-0.07776282 -0.00067219 0.71044104
0.00628491 -0.01032152 0.72278962
0.00525532 0.01106294 0.72781981
-0.01917229 0.01158150 0.74076572
0.00439594 0.01092273 0.75408223
0.00548808 0.01183020 0.76422720
0.00600682 0.00681594 0.77124160
-0.00421210 0.00654550 0.77663030
0.03048318 0.00915095 0.78230079
-0.02392595 0.01199082 0.79207184
-0.00590564 0.01597623 0.80248354
-0.01188265 0.00609834 0.81235864
-0.02658356 0.00999083 0.81522324
-0.03182771 0.01293842 0.83012354
-0.03079973 0.00833320 0.82931219
0.00445018 0.00984286 0.84340247
-0.02689858 0.00926972 0.84992942
-0.05261869 0.00096481 0.85573255
0.01499748 0.01473199 0.86249543
-0.04149317 0.00792028 0.87109584
0.00751691 0.00599503 0.88501663
-0.02576084 0.01284354 0.88460274
0.00190762 0.01022766 0.89258625
0.01900445 0.02346104 0.90076431
-0.00624412 0.00344282 0.90252594
-0.01342391 0.01259119 0.90811041
-0.00110579 0.00944206 0.90960926
0.01774802 0.03339628 0.91610985
-0.02146954 0.01003609 0.91827841
-0.00509866 0.00195995 0.92096295
0.00949867 0.01391357 0.92316814
0.00840424 0.00005493 0.92425509
0.01160887 0.01414923 0.92179680
-0.04679300 0.00242720 0.92454198
-0.00522969 0.01291007 0.92234487
-0.01931575 -0.00479355 0.91972125
0.03387892 0.00897216 0.91658460
0.03749137 -0.00786489 0.91073035
-0.00872913 0.01555177 0.91313646
-0.00653663 0.00843736 0.91287862
-0.00365382 0.00097723 0.91319620
0.02347424 0.00950029 0.91130043
0.01972547 0.00058866 0.91266214
-0.00338650 0.00753918 0.90510892
0.00229697 0.01045085 0.90235475
-0.00600632 0.00632972 0.90242133
-0.00268989 0.01500839 0.90580326
-0.00164170 0.00282402 0.90852342
0.00089444 0.00208631 0.90049964
0.02151540 0.01273895 0.90076717
-0.00154956 0.01610134 0.90094516
0.00243792 0.00328082 0.90563448
0.00242810 0.01182084 0.90418522
0.00682873 0.00726517 0.90567155
-0.03393650 0.00966681 0.90465941
-0.01507922 0.00647779 0.91005639
-0.02969867 -0.00612305 0.90853725
-0.00794052 0.01060509 0.91105656
-0.03208113 -0.00009684 0.91180454
0.00382698 0.01263853 0.91776581
0.00986328 -0.00195325 0.91368781
-0.04014457 0.00727695 0.91204781
-0.02793147 0.00903010 0.91139708
0.00499577 -0.01344863 0.91175683
-0.00848910 0.01817953 0.91131807
-0.01112107 -0.01566995 0.91132410
-0.01709249 0.00047825 0.90855085
-0.00744007 0.00196516 0.91170411
0.01585543 0.00980840 0.90124141
-0.00939154 0.00020463 0.90643881
-0.02635088 0.00671533 0.90260216
-0.01345590 0.03840972 0.90280687
-0.01242917 0.00502133 0.90551043
-0.02245919 0.01458306 0.90456335
-0.01224494 0.01522225 0.91069526
-0.00801506 0.00819214 0.91253756
-0.00420032 0.00584162 0.91641238
-0.00636740 -0.00328961 0.91528313
-0.01276849 0.00717248 0.91952850
-0.00985366 0.00876225 0.91401205
-0.01549906 0.00549141 0.90986468
-0.01450384 0.01146691 0.89815142
-0.01298315 0.00307112 0.89891937
0.01558562 -0.00497498 0.89002405
-0.02600732 -0.01257354 0.88383911
-0.06261997 0.01202147 0.88535474
-0.00529614 -0.00488936 0.88828538
0.00378017 -0.00044152 0.88121786
-0.01133109 -0.00125468 0.87568622
0.00173829 -0.00284595 0.86495346
-0.01066798 0.00296303 0.86539248
-0.00177803 0.00030167 0.86544280
-0.00488890 0.00187408 0.85876105
-0.01467534 0.00974435 0.86005551
0.01705764 -0.01112431 0.84394604
-0.00667127 0.01540457 0.84018080
0.01230671 -0.00025729 0.83641196
-0.02149463 0.01001237 0.83548130
-0.00928352 0.00496214 0.84551867
0.00243469 0.00401558 0.84415194
-0.00675560 -0.00264703 0.83602486
-0.02695314 -0.00906533 0.82948309
0.01447711 0.01258883 0.83415030
0.00201805 0.01650790 0.84932797
-0.00519137 0.01903604 0.85381355
-0.00526567 0.00917133 0.85740745
-0.01153098 0.00773365 0.86064878
-0.00373581 0.00653672 0.88439852
0.00167514 0.02280756 0.86137968
-0.01325188 -0.00070792 0.92057340
-0.00281075 0.00950332 0.86338247
-0.00633251 0.01049628 0.89796441
0.00155681 0.01033436 0.90167915
-0.00427178 0.02455503 0.91125806
-0.00355503 0.00646568 0.90307244
0.02801742 -0.00375835 0.90706444
-0.00317337 0.00793473 0.90624104
-0.00552432 0.00636776 0.90964598
-0.01235309 0.00573108 0.91384809
0.00197902 0.00035186 0.90727351
0.01566466 0.00339240 0.90530087
-0.15564327 0.01320995 0.88472694
-0.00718983 -0.00399972 0.90212279
0.01068432 -0.04462737 0.90320377
-0.01236711 0.00777538 0.89053907
-0.00353212 -0.00932278 0.88746541
0.00867589 0.01466798 0.87216037
0.01183692 -0.00954522 0.86718398
0.01773535 -0.00267152 0.85564318
-0.03465150 0.02287973 0.85493443
-0.01044854 -0.00766276 0.83442751
-0.06023487 0.00195504 0.82418849
-0.04824683 0.00724569 0.81216848
0.01878844 -0.01440793 0.80376939
-0.00816625 -0.00349549 0.79218474
-0.00648104 0.02592196 0.79301166
-0.00906959 0.01398620 0.78675839
-0.03770013 0.05052521 0.78255266
-0.00016626 -0.01087615 0.78206024
0.01268658 0.01349301 0.77351402
0.01521665 0.00116036 0.76218305
-0.01197234 0.00374241 0.76015886
-0.00934350 0.00290847 0.76364099
-0.00121551 0.00811962 0.76051354
-0.00653061 -0.00058836 0.75523309
0.00327116 0.00489751 0.77517768
0.01079534 0.00572336 0.74715336
-0.00276628 0.01021334 0.76460506
0.00135706 0.00793649 0.77048959
-0.00043163 0.00463119 0.77275006
-0.01293275 0.00575984 0.77183680
-0.01464385 0.00328269 0.75614142
-0.02595407 -0.00239900 0.73848613
0.00499353 0.00999892 0.74358926
-0.00596689 -0.00519465 0.73582248
0.08190773 -0.02707299 0.70696300
-0.02205937 -0.00042272 0.70269924
0.03324580 -0.01356807 0.69924179
-0.00261008 -0.00541303 0.69400715
-0.01068043 -0.00734231 0.66673630
0.05630246 -0.02215398 0.66657074
0.00285234 0.00871122 0.67380659
0.00927096 0.00689687 0.62330141
0.00967763 -0.00215089 0.63437237
-0.00378679 0.02292261 0.63826863
-0.01488725 -0.03519252 0.59414745
0.02363772 0.00344736 0.61518540
-0.03653214 -0.01416251 0.56655636
-0.15719795 -0.10069284 0.54672075
0.01002967 0.02566547 0.56390809
0.03889077 0.03054606 0.55333476
-0.00447549 0.02846894 0.54544042
-0.01097519 -0.01222274 0.53225928
-0.05303269 -0.03137845 0.52034457
0.01350457 0.03204000 0.50040568
-0.06850406 -0.07003917 0.48675477
-0.08555624 -0.06381737 0.47912410
0.02224846 0.03886989 0.46944444
-0.00530824 0.00673885 0.46431521
0.01224682 0.00417873 0.45156721
-0.04704710 -0.03159155 0.43724452
0.04534191 -0.01824973 0.43076473
0.00023590 -0.00860620 0.40383994
0.01210397 0.02002675 0.39685617
0.03609696 -0.00900489 0.38434066
0.01414304 -0.00349478 0.36912921
-0.11717734 -0.06718551 0.34397111
0.02407153 0.01013074 0.35094969
0.12180465 -0.05158234 0.31319845
0.01385954 -0.00081385 0.32849432
-0.02807364 -0.02201366 0.31713459
0.03160038 -0.02261450 0.30708589
0.07547533 -0.00261879 0.28848678
-0.00236763 -0.00472650 0.29526850
0.02025934 0.01219849 0.29165899
-0.01025953 0.01897924 0.28771945
0.06040287 -0.05302880 0.27667083
0.00415701 -0.02496040 0.28254962
-0.01736143 -0.00385379 0.28030019
0.00185582 -0.00267157 0.27993111
-0.00837320 -0.00012326 0.28031219
0.00544964 -0.00414130 0.28053974
-0.02184097 0.02132217 0.28220529
0.03384934 -0.04563881 0.27857298
0.04093858 0.01550272 0.29443711
-0.01998962 -0.00399177 0.29534204
0.02723294 0.01462961 0.29888093
0.00238927 -0.00242204 0.31148116
0.02535754 -0.00548505 0.31880127
0.02573419 0.01205457 0.32333541
-0.02557510 0.00486908 0.31336247
-0.06499669 -0.02970363 0.31539477
0.06191833 -0.02587929 0.31613696
-0.02442089 0.01811077 0.30742429
-0.02367438 -0.00943972 0.30837483
0.03699479 -0.00560336 0.30112721
0.00278449 0.00027622 0.29359057
0.02162136 -0.01914136 0.28290419
0.08859160 -0.02847147 0.25409124
0.01952639 -0.00256708 0.26833136
0.02183426 0.00317046 0.23109790
0.13412003 -0.03490388 0.25494407
0.05452287 -0.01628089 0.26280342
0.02514063 0.00866720 0.27017013
0.08306076 -0.02488326 0.25097999
0.01984713 0.01512879 0.28242137
0.01641072 -0.01790635 0.28494142
0.02802497 -0.00041130 0.27599355
0.05477996 0.01138083 0.28147812
0.01738987 -0.00475841 0.28672619
0.02539236 0.01179645 0.27163087
0.01523615 -0.01370455 0.27453912
0.00529212 0.00770126 0.25046360
0.03993096 0.00871745 0.24609440
-0.00217923 -0.00594820 0.24958482
-0.00769812 0.00180481 0.22913363
0.01037217 -0.00683076 0.21916038
0.01317991 0.00129079 0.21884117
-0.02834574 -0.00872520 0.19757601
-0.02536749 -0.00253750 0.17784103
0.05189597 -0.06725707 0.15900792
0.00124449 0.01376336 0.17703881
0.02603040 -0.00820934 0.14405481
0.01829477 -0.00346410 0.14299229
-0.00145438 -0.00923811 0.13098392
-0.01606890 0.00469902 0.12521858
-0.05645345 -0.00040564 0.10794682
-0.02736405 0.00647988 0.12462674
-0.01340098 -0.00038296 0.10705858
-0.00933536 -0.00367022 0.09936499
-0.00324181 0.00294809 0.10106466
-0.00643590 0.00459540 0.09462748
0.03027290 -0.01565126 0.08268383
-0.01228637 -0.00236778 0.08319914
-0.00473647 0.00449206 0.07589488
-0.01082146 0.00391408 0.06509871
0.00316855 0.01054570 0.06381518
0.01747013 0.00297155 -0.05311898
-0.00236736 -0.00663498 0.05517511
-0.01074847 0.00340023 0.05388415
-0.00057291 0.00224193 0.05429453
-0.00097328 0.00338471 0.04899234
0.03264504 -0.01884456 -0.02449645
-0.03698083 -0.00009054 0.01943271
-0.01080869 0.00105905 0.03787394
