0.00000000 0.00000000 0.00000000
0.00361889 0.01276813 0.96911836
0.00852252 0.01004926 0.95642641
0.02344519 -0.00273447 0.96747056
0.02029132 0.01024366 0.96718824
0.00539682 -0.00403049 0.91245957
0.01497529 -0.02311443 0.95625388
-0.00197083 0.00722333 0.92838282
0.00280604 0.01339133 0.93429018
0.00572487 0.00885893 0.92914695
0.00147516 -0.01752956 0.89954162
0.01666706 0.01537312 0.94011111
-0.00693454 0.00440937 0.91211029
-0.00227709 -0.00455232 0.91177063
-0.01152410 -0.00054158 0.90479222
-0.00087627 0.00398820 0.90587345
-0.00436421 0.01555086 0.89881404
0.00113011 -0.00238081 0.89991404
-0.02761347 0.01330763 0.89445544
-0.00579829 0.01422528 0.89384837
-0.00597658 -0.00604291 0.88257947
0.01427455 -0.01382630 0.87846533
0.00200342 0.00560680 0.88161222
-0.00652719 0.00047993 0.87154843
0.02986072 -0.01052808 0.85556284
-0.02195595 0.02269002 0.86289451
0.00420306 -0.01926135 0.85139545
-0.00359498 -0.01046872 0.84426720
-0.02101608 0.01752002 0.83940189
-0.00052861 -0.00561398 0.81722075
-0.00964155 -0.00719042 0.80453775
-0.01415771 -0.00055152 0.78498028
-0.00559283 0.00075380 0.77541583
-0.00721765 -0.00322820 0.77450547
-0.01235213 0.00325561 0.76197049
-0.01033139 0.01314662 0.78039078
-0.00281124 0.01108363 0.74822042
0.00106139 0.00437141 0.73948902
-0.01855491 -0.01091460 0.71840881
0.04209873 -0.05679525 0.70757300
-0.01122153 0.00557513 0.70418141
0.00066019 0.00544651 0.69942764
-0.00355635 -0.00325947 0.68498160
-0.01464123 -0.00401825 0.68183619
-0.00253202 -0.00232142 0.67274602
0.00306113 0.01165559 0.65815084
0.01045350 -0.00245411 0.63185133
0.02201824 -0.01041244 0.61679434
-0.00698569 0.00050325 0.62158970
0.00406809 -0.00458434 0.63283824
-0.00480448 0.00605519 0.60725910
-0.00784617 0.00668531 0.57666510
-0.01284312 0.00096566 0.57076773
-0.00471920 -0.00568475 0.55447814
0.00128597 0.00032917 0.53310780
0.00126675 -0.00164886 0.51039381
-0.00065167 -0.00343317 0.49563073
-0.00690546 -0.00315567 0.45670911
0.00428249 0.00725997 0.45469064
0.00409106 0.00090835 0.42283340
0.00698537 -0.00019603 0.40290776
0.00243609 -0.00295988 0.37194183
0.00009063 -0.00885782 0.35632792
0.00738263 -0.04192637 0.33003931
0.00862359 0.00000153 0.30188807
0.01017117 -0.00360740 0.28090137
0.00185444 -0.01533261 0.26970178
0.02188924 -0.02327596 0.27307444
0.01018356 -0.00170356 0.26871020
0.00855264 -0.00091995 0.26858714
0.02353064 -0.01401092 0.27157596
0.01624094 -0.00943448 0.26884602
0.03542643 -0.01062159 0.27794782
0.01629878 0.00469041 0.26526720
-0.04369386 -0.03100619 0.30274307
0.02188233 0.01021959 0.27346807
0.01213645 0.00761311 0.27326082
-0.03771873 -0.00547717 0.32786655
0.02444759 -0.02193704 0.30913339
0.01057061 -0.01759476 0.27139631
0.00568097 0.01555206 0.27127037
0.01794264 -0.00304221 0.29409172
0.03675541 -0.00136433 0.28769124
0.02812669 0.01379126 0.27267154
0.02802964 0.00515508 0.27439018
0.02128067 0.00230120 0.25238744
0.02302711 0.01551296 0.34126835
0.02734347 -0.00435219 0.28333163
0.03366807 -0.00353793 0.29841089
0.03999107 -0.00410737 0.31901587
0.04898521 0.00277586 0.34101178
-0.13706033 0.01272000 0.44678880
-0.13379073 -0.01347175 0.50660517
0.00433952 -0.02003203 0.54843341
0.05962762 0.00510661 0.41107454
0.05445606 0.00764662 0.43704426
0.05147348 0.01002150 0.46848610
0.04905033 0.01181409 0.47699508
0.05112010 0.00810028 0.47722001
0.06843574 0.00598885 0.48819836
0.06616128 0.00632857 0.52524658
0.05935650 0.00951078 0.52159518
0.04013418 0.01276180 0.54067211
0.04329111 0.00334077 0.54796177
0.03023553 0.00053062 0.57516866
0.04053278 0.00824604 0.55443171
0.03028532 0.00978353 0.57397904
0.00614170 0.00531897 0.61185287
0.01591079 -0.00416076 0.60161756
0.00733259 0.00601621 0.60959582
0.00656994 0.00858215 0.63210116
0.01071466 0.01191202 0.63643181
-0.00434244 0.01183465 0.65458097
-0.00488681 0.00737574 0.66503535
-0.00702258 0.00648697 0.67369268
-0.01948998 0.00640642 0.70535017
-0.01373150 -0.00469296 0.71107011
0.00537891 0.00350499 0.69809884
0.00240909 0.00459848 0.69133279
-0.02809116 0.00031802 0.73470019
-0.00291924 0.01589940 0.71617353
-0.01887160 0.01072737 0.73008181
-0.00729109 0.00652210 0.74329324
-0.02901936 -0.00429111 0.75738909
0.00299829 0.00328856 0.72375311
-0.01493522 0.01202105 0.75158135
-0.02345381 0.01567137 0.74021041
-0.04192536 0.00088212 0.77531678
-0.00658789 0.00049056 0.75002096
0.00891581 -0.01137164 0.74696026
-0.01045135 0.00755286 0.74378654
-0.02106749 0.01351495 0.75156593
-0.00983420 0.00606575 0.75922891
-0.00032366 0.00205716 0.74814438
-0.00387238 -0.00304895 0.74909488
-0.01410485 0.00636420 0.76373201
-0.01881707 0.00470716 0.77048680
-0.01236564 0.00325232 0.76548619
-0.01111778 0.00627552 0.76818255
-0.02939486 0.01493486 0.78106776
-0.02314876 0.00323813 0.76756130
-0.00932330 0.00519504 0.76162190
-0.02514284 0.00601529 0.78330076
-0.02277455 0.01088228 0.77578859
-0.02378999 -0.00185583 0.77853146
-0.03085890 0.00462219 0.79785251
-0.02255562 0.00936418 0.79149995
-0.04985138 0.00909575 0.78997377
-0.06486522 -0.00455971 0.80256924
-0.04499436 0.00912591 0.79902402
-0.02225875 -0.00167281 0.79584724
-0.02730296 0.00214905 0.81440365
-0.01918174 0.00790871 0.79885523
-0.01320779 0.00733324 0.80378159
-0.01662100 -0.00014513 0.81180079
-0.01141879 0.00147490 0.79937583
-0.01840889 -0.00322765 0.80448751
-0.02036401 -0.01274378 0.80531973
-0.01711605 -0.00013619 0.80415263
-0.02030140 0.00707039 0.81929483
-0.01172073 0.00881951 0.82853641
-0.00614412 0.00343272 0.81726607
-0.01310586 0.01980885 0.81827486
-0.02919418 0.00728973 0.85154268
-0.01100558 0.00015263 0.82220832
-0.02147294 0.00033345 0.82142573
-0.02251914 0.00434326 0.81076792
-0.00965510 0.00950827 0.79874157
-0.01937116 0.00165751 0.80006026
-0.02280839 0.00631357 0.80213229
-0.01456817 0.00356159 0.79682466
-0.01279608 0.01419450 0.78902513
-0.01864349 0.00425350 0.78466508
-0.02441189 0.00253810 0.77117432
-0.01095075 -0.01208847 0.74967771
-0.01163545 -0.00180922 0.73930826
-0.01676754 -0.00219803 0.72282735
-0.00641394 -0.01132256 0.70918443
-0.01161993 0.00031372 0.71163426
-0.01330541 -0.00561779 0.70440339
-0.01114993 0.00662004 0.69490599
-0.01675405 0.00103742 0.69855857
-0.02285358 0.01399021 0.69684504
-0.01090495 0.00190417 0.67619220
-0.01817054 0.00165622 0.68342387
-0.02338093 -0.00193910 0.66030947
-0.02677634 -0.00587243 0.65363555
-0.01915237 0.00081394 0.64315827
-0.00141286 0.00510980 0.61814942
-0.02197333 0.00844698 0.63309439
-0.01134890 0.00421628 0.61522793
-0.00400946 -0.00656063 0.59382043
-0.00196906 -0.00488599 0.58716620
-0.01534919 0.00060213 0.59073917
-0.01822296 0.00192244 0.58230231
-0.04308403 -0.00171394 0.59704344
-0.03462823 -0.00079851 0.58784011
0.00357587 -0.00512392 0.56335144
-0.04060278 0.01821028 0.61054787
-0.00402367 0.00503053 0.57599936
-0.03219754 0.00262403 0.60360849
-0.04660561 0.00985977 0.61583277
-0.03626584 0.00617961 0.61017857
-0.03442981 0.01398356 0.61011876
-0.05006188 0.00201651 0.62340538
-0.04146710 -0.00172961 0.61854765
-0.04334078 0.00873429 0.63511456
-0.04474836 0.01174000 0.64407747
-0.06094088 -0.00189466 0.64382503
-0.06676767 0.00861519 0.67218338
-0.06365153 0.01074068 0.67499616
-0.03679434 -0.00548140 0.67457798
-0.07038231 -0.00571332 0.70358981
-0.04027657 0.00951363 0.68877000
-0.05090321 0.00898570 0.71778383
-0.01253665 0.01196520 0.69759475
-0.00565147 0.00981206 0.70892406
-0.00673360 0.00646391 0.72149029
-0.01629311 0.00913542 0.72966245
-0.01737752 0.00499283 0.76092201
0.00109912 0.01300777 0.76745039
-0.00046585 0.01876970 0.78175901
0.00272945 0.01230934 0.79414764
-0.01608019 -0.00406730 0.78014417
-0.01089543 0.00201265 0.78621472
-0.00929163 0.00617516 0.77999630
-0.02268640 0.00753145 0.79239350
-0.02655220 0.00011158 0.78551012
-0.02268190 -0.00251817 0.76507518
-0.02293782 0.00137298 0.78124169
-0.02079135 -0.00710591 0.75950630
-0.03574221 -0.00069840 0.77127604
-0.02703040 0.00918302 0.76013043
-0.01161626 0.00886142 0.73934907
-0.02422392 -0.00380612 0.73442599
-0.03688280 0.00208173 0.71816936
-0.01498293 0.00491410 0.70184615
-0.02144689 0.00279191 0.70584252
-0.01997886 0.00690396 0.70233765
-0.01916174 0.00915419 0.69123838
-0.02190475 -0.00437175 0.67385317
-0.03643247 -0.00563987 0.68255987
-0.02536419 0.01000069 0.66270887
-0.02856738 0.00438146 0.66174750
-0.02725735 -0.00471036 0.65164684
-0.01238012 -0.00151244 0.62675407
-0.03387984 -0.00029238 0.63349524
-0.02961774 0.00406699 0.62135568
-0.02479844 -0.00580069 0.60767489
-0.02809008 0.00100695 0.61115168
-0.03196677 0.00313936 0.60346598
-0.01998233 -0.00193900 0.59382825
-0.03482354 0.00403663 0.59524522
-0.02877740 -0.00093556 0.58433246
-0.03901668 0.00251949 0.58888612
-0.03378829 0.00322996 0.58386399
-0.02124429 0.00788431 0.57767822
-0.02691999 0.01617528 0.60209581
-0.02246842 0.00758770 0.59823358
-0.02909009 0.00896296 0.61120530
-0.03836196 -0.00322333 0.62646828
-0.03201302 0.00750033 0.63460365
-0.01857845 0.00546395 0.62578971
-0.01408983 0.03816113 0.65991659
-0.01948257 -0.00183089 0.65110853
-0.02391482 0.00144393 0.67030890
-0.02301178 0.00739613 0.68867104
-0.02161041 0.00440863 0.68658600
-0.02322669 0.00928607 0.71924734
-0.01534152 0.02199200 0.73862912
-0.01567544 0.00657080 0.73804670
-0.02826703 0.00290961 0.74142557
-0.02749352 0.00121204 0.76890928
-0.01976511 0.00616810 0.77461414
-0.02516959 0.00281298 0.79911687
-0.01585465 -0.00368267 0.80539275
-0.02383569 0.00560659 0.81655474
-0.00500507 0.00579641 0.83359787
-0.01285935 0.00439289 0.84585250
-0.03137863 0.00243752 0.87173464
-0.02112471 0.00490692 0.86996455
-0.01286233 0.01014808 0.86205642
-0.02303183 0.00720543 0.88413001
-0.02391337 0.01142913 0.87381188
-0.03858018 0.00635894 0.89876465
-0.01744629 0.00913296 0.89627621
-0.01632687 0.01076097 0.89506374
-0.02460036 0.00682924 0.92251066
-0.01312661 0.00610064 0.91005540
-0.04385294 -0.00784920 0.93599247
-0.00899024 0.00645356 0.90318750
-0.02500989 0.01008179 0.91759837
-0.01359647 0.00944493 0.92223546
-0.02507516 0.00787442 0.93220571
-0.01889336 0.00561972 0.94213380
-0.01172461 0.00820330 0.93575143
-0.01404331 0.00698046 0.94059646
-0.01968339 0.00986307 0.93979019
-0.02308053 0.00549313 0.94954296
-0.01873930 0.00832736 0.96398627
-0.01098100 0.00666998 0.96027929
-0.01997557 0.00705177 0.97018392
-0.02177070 0.00532637 0.96220073
-0.02760345 -0.00030780 0.96778541
-0.01967376 0.00377505 0.95824782
-0.02147717 0.00546856 0.96003644
-0.02700587 0.00667640 0.97395098
-0.01560567 0.00823188 0.95418884
-0.02009351 0.00395319 0.95758550
-0.00254527 0.00359570 0.94099968
-0.00540142 0.00543635 0.94399512
0.00302619 0.00157403 0.93843295
-0.00532572 -0.00170208 0.93568575
-0.00858624 0.00204156 0.91643757
-0.01008550 0.00929957 0.92519010
-0.00245981 0.01007902 0.91863785
-0.01056597 -0.00059006 0.92571914
-0.00572680 0.00816246 0.91048478
-0.01660713 -0.00180818 0.92306630
-0.00032583 0.00506680 0.92354390
0.00519785 0.00408126 0.89977219
0.00718705 0.00580999 0.90191592
-0.01776181 -0.00091810 0.92664271
-0.00784274 0.00602374 0.92052045
-0.00063716 0.00593001 0.90497916
-0.00381649 0.00746884 0.91792732
-0.00876431 0.00155447 0.91575130
0.00564926 0.00345001 0.89190882
-0.00667706 0.00563210 0.91738046
0.00270947 0.01147431 0.91372185
-0.00137112 0.01676208 0.94206199
0.00030618 0.00751854 0.93429229
0.01273921 0.01131980 0.92129936
-0.00789999 0.00836022 0.97012751
-0.00127607 0.00548367 0.94857712
0.01035259 -0.00055666 0.94605865
0.00458800 0.00480928 0.93245151
0.00436582 0.01282698 0.95076802
0.00880698 -0.00362427 0.94025662
0.02550044 0.01340194 0.96938735
-0.00253867 -0.01028050 0.94695879
0.00076892 0.00363704 0.92592020
-0.00266332 0.02862023 0.92537748
0.00667426 0.00553743 0.92445592
0.00014229 -0.00747546 0.91103175
-0.00933027 0.00176378 0.91202036
-0.02055579 -0.01870719 0.90384127
0.00071535 -0.00535514 0.86094012
-0.00498394 -0.01475813 0.86213194
-0.01295539 -0.01186796 0.86297998
-0.00956275 -0.00411167 0.86684528
0.00125999 -0.00226931 0.85694003
-0.00638526 -0.00025379 0.85758974
-0.01375880 -0.01348569 0.84576288
-0.01086640 0.00383511 0.83581564
-0.02912629 -0.01180886 0.83062594
-0.01057853 -0.00102278 0.79869379
-0.00164379 0.00187657 0.79157348
-0.00577136 0.01449126 0.79643633
-0.01256614 -0.00043660 0.79100077
-0.02030891 -0.00325027 0.78944542
-0.00375603 -0.00850054 0.75945065
-0.00916815 0.00321241 0.76703817
0.00158639 -0.00359830 0.72882710
-0.00248106 -0.00131609 0.73265950
-0.00576646 -0.00277239 0.72895680
-0.00171315 -0.00663629 0.71534818
-0.00618360 -0.00303411 0.71788165
0.00106003 -0.00816923 0.68677960
-0.00139176 -0.00017665 0.68419016
0.00534448 -0.00529635 0.68496580
0.00070713 0.00036642 0.67641485
0.00845617 0.00175923 0.66619616
-0.00435915 0.00879558 0.67117104
0.02954051 0.00959336 0.69443871
0.00336717 0.01047338 0.69240498
-0.00279522 0.00682656 0.68791814
0.00301867 0.00555034 0.69817293
-0.02035898 -0.00676690 0.69543168
-0.00230810 0.00424413 0.70631875
-0.01123423 0.01170185 0.73035843
0.00185801 -0.00040981 0.70816726
-0.00314707 0.00655170 0.73280841
-0.01109649 0.01642164 0.76762152
-0.04074972 -0.02992732 0.78414720
0.00091630 0.00388064 0.75245608
0.00007683 0.01164996 0.76351705
-0.03025262 -0.00618327 0.82075734
-0.00373714 0.00863998 0.80295142
-0.00365861 0.00928756 0.82327524
0.00028963 0.00585935 0.82220223
-0.00558506 0.01217330 0.84396614
0.00156299 0.00495086 0.85755319
0.01231294 -0.00178523 0.81824264
0.00498639 0.01594106 0.86143522
0.00762824 -0.01332601 0.86473300
0.00525125 0.01637261 0.88521840
-0.00814443 0.01860744 0.93973068
-0.02636902 0.01000943 0.90516830
-0.00841593 -0.00330488 0.90576993
-0.00794456 0.00798829 0.88755171
-0.00901084 0.01731091 0.92521410
-0.01457141 0.00415489 0.93907665
-0.00853021 0.01022696 0.95945499
-0.00144219 0.00882192 0.92952164
-0.00050584 0.01095758 0.93377512
0.00405926 0.01246546 0.96818193
0.00552858 0.00818816 0.94718089
-0.00069476 0.01337324 0.97219407
-0.01811308 0.01434793 1.00386279
-0.00263666 0.00938903 0.98117789
-0.00076767 0.00966812 0.96512302
-0.00443274 0.00855162 0.97636688
-0.03409543 -0.00128227 0.94927185
-0.04225650 -0.00244549 1.02132316
-0.00992948 0.00668487 0.96943013
-0.00993971 0.00921383 0.98975189
-0.00322509 0.00478305 0.97245562
-0.00633194 0.01652129 1.00236791
-0.00071326 0.00033583 0.96965814
-0.03963800 0.00586335 1.01411782
-0.00421965 0.00723130 0.96006046
0.00229960 0.00629988 0.95470796
-0.00139451 0.00567627 0.95180240
-0.00490272 0.01020371 0.97615188
-0.00125561 0.00613022 0.95684422
0.00298987 0.00520925 0.96377855
-0.00317252 0.00515312 0.95710147
-0.00173466 0.01314283 0.97255275
-0.00515917 0.01231396 0.97956919
0.00212933 0.00956521 0.95476686
-0.00092627 0.00591756 0.95715870
0.00099008 0.02532722 0.95938767
-0.00509625 0.00366819 0.95922826
-0.00720720 0.00852547 0.95794807
-0.02875947 0.04685042 0.95176135
-0.00533917 0.00606257 0.94192628
-0.00985011 -0.00131707 0.93487988
-0.01113892 0.01013269 0.94702747
-0.00424629 0.00726331 0.92215758
-0.00289257 0.01156752 0.94605035
-0.00280484 0.00302981 0.93015615
0.00296784 -0.00097917 0.93265736
-0.00178067 0.00659862 0.92558543
0.00071442 0.00262068 0.91653667
-0.00390490 0.00580702 0.92980017
0.00150797 0.00681731 0.91637096
0.01770464 0.01965281 0.94829508
0.00522441 0.00788407 0.93033915
-0.00294591 -0.00230703 0.92217377
-0.00875901 0.00468184 0.93421326
0.00078300 0.00114668 0.87619861
-0.00647054 0.00586265 0.91095158
-0.00439129 0.01307936 0.91738086
-0.00175764 0.00703260 0.89711406
-0.00315553 0.00698253 0.90340691
-0.00687412 0.00248970 0.89429070
-0.00970789 0.01099312 0.89871390
-0.01310438 0.00936584 0.90318427
0.00056430 0.00239157 0.88460752
0.00158006 0.00454199 0.89748480
-0.00213556 0.00988751 0.90030473
0.00684072 0.00413054 0.86972296
0.00241992 0.00877133 0.88659996
-0.01086162 0.01226620 0.90695696
0.00125145 0.00100219 0.87199926
-0.00763200 0.00081495 0.89913961
-0.01344215 0.00748461 0.89935383
-0.00011021 0.00876604 0.87712934
-0.00311191 0.00527643 0.89996293
0.00091652 0.00563558 0.88791277
0.00162284 0.00263017 0.86926857
-0.00249574 0.00260802 0.88026591
-0.00310103 0.00107309 0.86884369
-0.00099701 -0.00036345 0.86232503
0.00174431 0.00047034 0.85077944
-0.00265374 -0.00207951 0.84381831
-0.00825875 -0.00177837 0.84297034
0.00075096 -0.00908287 0.84329284
-0.00648595 -0.00199000 0.82920364
-0.00836643 -0.00065795 0.82266987
-0.00959514 0.00029999 0.81069427
-0.00566851 -0.00190604 0.79028397
-0.00986228 -0.00473997 0.79062368
-0.01729846 -0.00299751 0.77517314
-0.01360877 -0.00512159 0.76258708
-0.00329060 0.00596562 0.74675199
-0.00517929 0.00011345 0.74689428
-0.01240600 -0.00451232 0.73197989
-0.01180734 -0.00246528 0.72945975
-0.00999819 -0.00174343 0.70671630
-0.00769897 0.00394180 0.68406927
-0.01514863 -0.00050470 0.68422362
-0.00113269 0.00555956 0.67563642
-0.01801119 0.00027835 0.66434477
-0.01313940 0.00109495 0.63401222
-0.01130847 0.00160865 0.62116280
-0.01359125 -0.00257539 0.62449853
-0.00708840 0.00376178 0.59767126
-0.01152488 0.00322775 0.57302508
-0.00851732 0.00183059 0.57444856
-0.01027663 -0.00341709 0.55729689
-0.01053706 0.00420332 0.57323450
-0.00885962 -0.00033401 0.54997103
-0.00738126 0.00813033 0.54265484
-0.00712269 0.00266443 0.54338740
-0.00701273 -0.00103495 0.52330361
-0.00586980 0.00251062 0.51473547
-0.00511421 0.00193132 0.49184966
-0.01365294 0.00010493 0.50599744
-0.00839051 -0.00170305 0.49744970
-0.00658605 0.00426890 0.48784077
-0.00198495 0.00060886 0.49669434
-0.00264182 0.00632253 0.50890274
-0.00583645 0.00172317 0.51128775
-0.00522572 -0.00119140 0.51980072
0.00323609 -0.00015557 0.51890803
0.00765907 -0.00147065 0.52518458
-0.00061800 0.00695046 0.54463057
-0.00149506 0.01048271 0.54466342
0.00195282 0.01776067 0.56681068
0.00081373 0.00171921 0.58176081
0.01702282 0.00512344 0.58802972
0.00583589 0.00786877 0.59288789
-0.00800018 0.01040993 0.60316896
-0.00676718 0.01262402 0.61179338
0.00880891 0.01413971 0.63665512
0.00061682 0.01569866 0.64604356
-0.00832213 0.00554526 0.63830142
-0.01464267 -0.00130541 0.67408908
-0.02170577 0.00328174 0.68126744
-0.02819497 0.01456324 0.70824292
-0.00500148 0.01129011 0.68999196
-0.03483233 0.00618515 0.73915416
-0.00813437 0.00889572 0.70827570
-0.00217761 0.00807409 0.72287206
-0.02298468 0.00438023 0.74027990
-0.00780109 -0.00939261 0.74706943
-0.00428178 0.01917250 0.74888140
0.00232563 0.01294868 0.76175692
-0.00786313 0.00743607 0.79049614
0.00236920 0.00602125 0.77588931
-0.00464191 0.02273234 0.78006676
0.00743566 0.01068726 0.78161277
-0.00929783 0.00232403 0.82212073
-0.01414605 0.01631445 0.82282369
-0.02654131 0.00782333 0.85418522
-0.00779615 0.00852412 0.82481375
-0.00778325 0.00820026 0.83664031
-0.02467662 0.01437938 0.85848423
-0.00363581 0.00867965 0.84982916
0.00001728 0.00432526 0.85410930
0.00624045 0.00137485 0.84808878
-0.00222151 0.00970876 0.86085659
-0.01339466 0.01045929 0.88338935
-0.00907106 0.00444791 0.88708674
-0.02796385 0.00434261 0.91180580
0.00236394 0.00092959 0.90567632
-0.01624932 0.00871061 0.91527580
-0.00440397 0.00774000 0.91297569
-0.02277355 0.00684255 0.92680954
-0.02720521 0.01215242 0.94929741
-0.01056223 0.00893420 0.92423374
-0.00955018 0.01219988 0.92433457
-0.00138828 0.01194442 0.92808548
-0.00350180 0.00871849 0.93737426
-0.00290063 0.00806460 0.93457410
-0.00171831 0.00818025 0.93121991
-0.00734045 0.00962933 0.93913058
-0.00659358 0.00375193 0.93004677
0.00084695 0.00599871 0.94393642
-0.00731248 0.00398566 0.92908640
-0.00305358 0.00936129 0.92684185
-0.00546996 0.00805092 0.92750542
-0.00646195 0.00146919 0.92187407
0.00536219 0.00238567 0.92157873
-0.00334400 0.00721180 0.92062577
0.00045783 0.00690501 0.92097068
-0.00310240 0.00345808 0.90444330
-0.00903387 0.00983614 0.91920370
-0.00339617 0.00499977 0.90943662
-0.00850979 0.00512099 0.92443730
-0.00543392 0.00251990 0.91679847
0.00039737 0.00110647 0.91168221
0.00219355 0.00680093 0.90592033
-0.00607838 0.01153500 0.90124240
-0.00006039 0.00513949 0.91079628
0.00399073 0.00459540 0.90458350
-0.02074955 0.00117787 0.93034930
-0.00433901 0.00637844 0.90820432
-0.00835415 0.00742998 0.91434944
-0.01505216 0.00615622 0.90079615
-0.01538553 -0.00246908 0.91609704
-0.01182935 0.00644964 0.89984442
-0.01749741 0.00877382 0.92064777
-0.01381160 -0.00609143 0.90423388
-0.00984675 0.00018131 0.90213232
-0.01352301 0.00611322 0.90034304
-0.00293752 -0.00200935 0.88615410
-0.01744272 0.00395168 0.90047643
-0.01467453 0.00752805 0.91807761
-0.01839378 -0.00090757 0.90959525
-0.02228352 0.00589477 0.91357679
-0.01515659 0.00169651 0.90059690
-0.01801657 0.00217463 0.91252997
-0.01224327 0.00620767 0.90324556
-0.01705527 0.00797342 0.91419830
-0.00562867 0.00515452 0.92620193
-0.01403826 0.00978187 0.91815905
-0.01224471 0.00325196 0.91591134
-0.00811225 0.00545230 0.91189503
-0.00641056 0.00402147 0.91385061
-0.00930848 0.00502127 0.91328227
-0.01213638 0.00484450 0.92301898
-0.01074673 0.00171344 0.91968950
-0.00404119 0.00789827 0.91503919
-0.01107401 0.00362087 0.90708178
-0.00588756 0.00096165 0.91533788
-0.01940629 0.00479997 0.91966464
-0.01145620 0.00591333 0.89870430
-0.00905624 0.00905944 0.89608723
-0.01539098 0.00256209 0.89724011
-0.02245440 0.00398803 0.91543878
-0.01416207 0.00300492 0.88357285
-0.01495291 0.00164170 0.88892525
-0.00751514 -0.00092023 0.86915348
0.00198040 0.01330198 0.89008649
-0.01747838 0.01057984 0.87692785
-0.01454232 0.00133180 0.86891741
-0.00353062 0.00741259 0.86915706
-0.00491987 0.00127136 0.85708330
-0.01207953 0.00198761 0.84618560
-0.00220419 0.00525176 0.83951571
-0.00190186 0.00986696 0.86523576
-0.00841036 0.00589068 0.84619062
-0.00516394 0.00535446 0.84351697
0.00826186 0.01652652 0.87494787
-0.00162857 0.00998166 0.84721227
-0.01358370 0.00755106 0.84103240
-0.00206046 0.00912877 0.86723753
-0.01128789 0.00557767 0.87048486
-0.01035940 0.00400423 0.87419036
-0.00689969 0.00479509 0.87443327
-0.01000644 0.00943040 0.89022136
-0.00590932 0.01096401 0.89667456
-0.00263457 0.00652824 0.90289233
-0.00394713 0.00315695 0.91109710
-0.00477724 0.00868681 0.93306305
-0.00269527 0.01204062 0.91065200
-0.00322683 0.00589797 0.91853907
0.00187915 0.00653004 0.91989403
0.00547698 0.00829519 0.91968303
-0.00810194 0.01129884 0.92871690
-0.00981413 0.00687504 0.92531381
-0.00487300 0.00765420 0.93190108
-0.01255258 0.00632753 0.93754403
-0.00785194 0.00300605 0.90617037
-0.00112997 -0.00249443 0.90765487
-0.01223854 0.00716352 0.90537616
-0.00318249 -0.00136041 0.89761866
-0.01294270 0.00585820 0.89191667
-0.01060553 0.00409098 0.87918634
-0.00607470 0.00665523 0.86876741
0.01230154 0.00626667 0.87800360
-0.00726530 0.00412449 0.84959422
-0.00775412 0.02160922 0.85322147
0.00118324 0.00467474 0.83117391
0.00470505 -0.00764331 0.80932986
0.00428739 0.01310114 0.80804660
-0.00704276 -0.00542862 0.78943973
-0.00201102 0.00975010 0.79714766
-0.00394153 0.01120445 0.79443673
-0.00134773 0.00758339 0.79239255
-0.00721113 -0.00454004 0.79376565
-0.00003405 -0.00475028 0.77458944
0.00500524 0.00206710 0.78266395
-0.00385312 -0.00279471 0.76667824
-0.01200331 -0.00048521 0.77178982
0.00079766 -0.00358722 0.77376201
-0.00230745 -0.00158045 0.76157099
-0.00248239 0.00797485 0.76866047
-0.00775590 0.00491922 0.76874382
0.00060699 0.00930465 0.77029260
0.00214989 -0.01057695 0.76977532
-0.00455847 -0.00545399 0.77498536
-0.00401783 0.00532350 0.76899959
-0.02086340 -0.00962214 0.77581755
-0.01218491 -0.01194759 0.75356925
-0.02740272 0.00483784 0.75402953
-0.03755186 0.00395961 0.74942765
-0.08530872 0.05512625 0.78593862
-0.00157515 0.01034773 0.71472735
0.00157701 -0.01038337 0.68693882
-0.01132752 0.00275188 0.69241306
-0.00949925 0.00415335 0.67882433
-0.00326298 0.00770040 0.68712158
-0.00470275 0.00797578 0.66064080
-0.00257586 0.00922168 0.65045851
0.00525730 0.00946663 0.66107815
-0.00005862 -0.00343261 0.62994228
-0.00087692 0.00921517 0.62689226
0.00664434 0.01067173 0.62145416
-0.00803338 0.01048723 0.59533509
0.00705225 0.00777015 0.60772739
-0.00785079 0.00807198 0.57911098
-0.01012036 0.00193516 0.56109284
-0.00966425 0.00727327 0.54728429
-0.00167371 0.03139240 0.53531402
0.00053443 0.00545729 0.54921434
0.00908073 0.00582005 0.55367382
0.01211436 0.01929006 0.53839163
-0.01463036 0.01801713 0.49009679
-0.00305582 0.02940258 0.49692162
0.01106114 0.03062568 0.46153734
-0.01421046 0.03591069 0.46405466
-0.01119903 0.02665343 0.45442034
-0.01145305 0.02028585 0.44096210
-0.02682565 0.01065391 0.44130172
-0.00084677 0.01093566 0.41458709
-0.00769166 0.04968856 0.39818853
-0.00761163 0.01336520 0.38950762
0.00059519 0.02097195 0.37732182
-0.01076704 0.02997309 0.36734005
-0.02384428 -0.00176486 0.35612327
-0.01560355 -0.00849434 0.34295867
-0.01326001 0.02091497 0.33693932
-0.00990454 0.02935613 0.32323982
-0.00274035 0.02810913 0.31191348
-0.03031411 0.00533698 0.32728945
-0.00272756 0.00089185 0.29687268
-0.00584879 0.02394060 0.29544211
-0.01199553 0.03674753 0.29877809
-0.00430434 0.01649417 0.29411349
-0.01952366 0.00341283 0.29109405
-0.01452044 0.02936161 0.28652076
-0.00791244 0.02010099 0.28707647
0.01186072 0.02592261 0.27987725
-0.01168443 0.00463962 0.28897985
-0.01357706 0.01731011 0.28706281
-0.03867046 0.02116057 0.30104475
-0.01753031 0.01406609 0.29921497
-0.01227624 -0.00520317 0.30227091
-0.02360307 0.02878282 0.31118138
-0.02740689 0.00660603 0.31307330
-0.00605500 0.01625355 0.30737764
-0.01371605 0.01155885 0.31549563
-0.02096967 0.01176735 0.32349859
-0.01719422 0.01028400 0.31793911
0.00753328 -0.03883056 0.30232181
-0.02357818 0.02656841 0.31397057
-0.02584214 0.00206949 0.30477051
-0.00873389 0.02435560 0.29829686
0.00718133 0.01081119 0.28669364
0.02582171 0.00110025 0.25290776
0.01461035 0.00892454 0.26730452
0.01399517 -0.00287655 0.25996464
0.02831996 -0.00228168 0.22400182
0.01287668 0.00375893 0.25958008
0.01782383 -0.00588616 0.26476551
0.03018087 0.03417353 0.26691711
0.01760317 0.01484025 0.28062132
0.01977075 0.00360191 0.27980599
0.02222177 -0.00986937 0.28449864
0.01750497 -0.00904292 0.28976826
0.00962367 -0.00885215 0.28393195
0.00365691 -0.00164902 0.27671214
0.00427123 0.00344963 0.27387234
0.00402847 -0.00303944 0.26390755
-0.00052341 -0.00569483 0.24975816
-0.01726198 -0.00560315 0.25242288
-0.00638170 -0.00289448 0.24244649
0.00278002 -0.02195825 0.22105686
-0.00579632 -0.01716893 0.21406262
-0.01978647 -0.00937095 0.20344418
-0.02413932 -0.00939654 0.18584392
-0.01812944 -0.01549324 0.18078384
-0.01719986 -0.00835158 0.17417006
-0.00732504 -0.01712646 0.15915033
-0.00184433 -0.00226687 0.14032237
-0.00642697 -0.00393013 0.12585554
-0.01436212 -0.00346340 0.12973743
-0.02970239 -0.00211455 0.12445317
-0.02264468 0.00430303 0.12190997
-0.01893540 -0.00011893 0.11948624
-0.03252095 -0.00315356 0.11797108
-0.01429179 -0.00307840 0.10630834
-0.00893130 -0.00529889 0.09571199
-0.00798660 0.00373863 0.09592204
-0.00586114 -0.00269524 0.08863411
-0.01021700 -0.00253761 0.08117605
-0.01820158 -0.00288843 0.07147830
-0.02379496 -0.00240481 0.05932934
-0.01684473 -0.00539431 0.05409957
-0.01112409 -0.00164609 0.06101290
0.00201769 0.00346105 0.05702930
0.00224909 0.00264920 0.05711663
-0.00541443 0.00224530 0.04851133
-0.01161401 0.00343977 0.04701231
-0.01939859 0.00324375 0.04232221
-0.01185467 -0.00088037 0.03848947
