0.02083243 -0.02754128 1.31031525
-0.00833597 -0.02790429 1.31454944
0.01195341 -0.01292628 1.31648165
-0.03604974 -0.01829336 1.31884804
0.01859216 0.00278487 1.32059262
0.02456838 -0.02511248 1.32676246
0.00327719 -0.02688159 1.33001038
0.04335830 0.01050672 1.33002821
-0.05542524 -0.03712781 1.33303230
-0.00828411 -0.02104099 1.33769915
0.00151958 -0.02247784 1.33835812
-0.03378816 -0.02527461 1.34970311
0.02581594 0.01539782 1.35135538
0.01565963 -0.03164230 1.35212857
-0.01952936 -0.02163342 1.35180003
0.00229019 -0.03049678 1.35442369
-0.02377468 0.00730895 1.36457284
0.00223752 -0.01810968 1.36646524
-0.00395572 -0.01876862 1.37662306
0.02635451 -0.02955120 1.37117970
-0.00903514 -0.00072275 1.37459714
-0.01632693 -0.02303329 1.37530586
-0.01228370 -0.00625668 1.37990282
-0.00398011 -0.03859789 1.38516905
0.00601269 -0.03457126 1.38231349
0.00108457 -0.02298124 1.39318351
-0.00185964 -0.03259777 1.39703510
0.00689258 -0.04663720 1.39743672
-0.00966104 -0.02337579 1.39564756
-0.03174201 -0.02349267 1.40239684
-0.01359964 -0.01148950 1.40677672
-0.01064579 -0.04034653 1.40715775
-0.02735936 -0.03244219 1.40919922
-0.03600933 -0.01175146 1.41271842
-0.00609975 -0.01732696 1.41582552
0.00949010 -0.02488657 1.42252593
-0.02953519 -0.05132987 1.42148285
-0.03906992 -0.00507500 1.42574172
0.00596689 -0.02339796 1.42877471
-0.00186049 -0.02572285 1.42741538
-0.02283256 -0.02015868 1.43178205
0.01169226 -0.03980000 1.42844740
0.00070882 -0.03824000 1.42775101
0.00583430 -0.02941820 1.42935494
-0.00849342 -0.03297558 1.42451044
-0.02316976 -0.01422749 1.42396299
-0.03184677 0.01869465 1.41955665
-0.02365608 -0.01230930 1.41744594
0.02748388 -0.04476104 1.41288852
-0.01986411 0.00290430 1.41294515
0.01788451 -0.03295799 1.41376089
0.01707819 -0.03183417 1.40948804
0.01501040 -0.05005104 1.39923480
-0.00973601 -0.02825447 1.40238624
-0.01257232 -0.01361470 1.40214656
-0.00748495 -0.01544273 1.39633883
0.01587927 -0.05047082 1.39331159
-0.07129099 -0.02097357 1.38863168
0.01254458 -0.02577365 1.38537253
0.00057495 -0.05948534 1.38513316
-0.05081011 -0.00630227 1.38568557
-0.09075743 -0.01710098 1.37903210
0.00043979 -0.00979062 1.38476939
-0.01078472 -0.01958518 1.37892429
0.01100189 -0.02186509 1.37724148
0.00810759 -0.03544354 1.36858535
-0.02769987 -0.00103558 1.36599044
-0.03544921 -0.02587342 1.36162823
0.00929409 -0.04203706 1.35705442
0.00537034 -0.03523517 1.35291169
-0.00138239 -0.02459827 1.35171574
0.00253153 -0.03045414 1.34968607
0.02641006 -0.01670765 1.34499301
-0.00535378 -0.03098298 1.34505803
0.00882892 -0.01451819 1.34064260
-0.00848639 -0.04476683 1.33811477
0.01541182 -0.01516147 1.33627443
-0.00011421 -0.01675473 1.34476351
-0.00542835 -0.01378321 1.34131427
0.00716740 -0.02790148 1.33832922
0.00643948 -0.02015363 1.33219519
-0.00635433 -0.01960870 1.32859660
-0.01720782 -0.04117783 1.32302417
0.00119996 -0.03261049 1.33128780
-0.02445628 -0.02395160 1.33260473
-0.02575801 -0.03248802 1.33387140
-0.00454182 -0.02129746 1.33379921
-0.02562414 -0.01263413 1.34305513
0.00301783 -0.02540925 1.36416961
-0.02133241 -0.01159421 1.35592335
0.00127513 -0.01862115 1.35952348
-0.01582183 -0.00874792 1.35372969
-0.01528289 -0.02449926 1.35569135
0.06777638 -0.03734145 1.35527772
0.02729618 -0.04451561 1.35684501
0.01760012 -0.02714354 1.34857484
-0.02923642 -0.02168372 1.35381190
0.01696292 -0.03496681 1.35160052
-0.03400628 -0.02499207 1.35300679
-0.00820204 -0.03281967 1.34586545
-0.00462927 -0.02746901 1.35181437
0.00800582 -0.03455758 1.35000193
0.00887077 -0.02509738 1.35044766
-0.04877202 -0.01138686 1.34864424
0.00180853 -0.03084003 1.34759516
-0.03021492 -0.01703452 1.34774218
0.01757466 -0.02527152 1.34332058
0.00945562 -0.01077418 1.35311646
-0.02541926 -0.01494358 1.34913649
0.00607994 -0.02092083 1.34525291
-0.02705110 -0.03420355 1.34319519
0.00850892 -0.02085344 1.34599259
0.01127790 -0.02706749 1.34703195
0.00561421 -0.01484913 1.34883143
0.02004702 -0.01829235 1.34997927
-0.00270320 -0.02115558 1.34907115
0.00231700 -0.02881955 1.34660136
-0.00568156 -0.02601984 1.35038958
-0.01540107 -0.02313231 1.34972472
-0.03314670 -0.04323535 1.34988145
-0.07455411 0.07839882 1.34708903
-0.00426246 -0.02192692 1.35837327
-0.00975270 -0.02892372 1.36095437
-0.04651448 -0.00077990 1.35964454
-0.00896494 -0.03536687 1.35939664
-0.01647255 -0.00816096 1.36458502
0.03682140 -0.03782428 1.36816314
0.06707306 -0.04387861 1.37424181
0.01481229 -0.02063664 1.37957456
0.01816910 -0.04450493 1.37589326
-0.04048055 -0.07267170 1.37314528
-0.01858637 -0.01585390 1.38122522
-0.00159551 -0.03213729 1.37919205
-0.00688126 -0.02697388 1.38837466
-0.01685238 0.00154839 1.39425309
-0.01852018 0.01036132 1.39553698
-0.00539558 -0.00243196 1.39965688
-0.01224567 -0.01162401 1.40170807
0.00164450 -0.02753579 1.40450778
-0.01618733 -0.01735878 1.40809760
-0.01501020 -0.02715520 1.40849314
-0.00217480 -0.01572826 1.41869716
0.00667912 -0.03441334 1.41939332
-0.00102433 -0.01315852 1.42220682
-0.00684387 -0.02470593 1.42040185
-0.01306835 -0.01736142 1.42396433
-0.01192349 -0.00849544 1.43379498
-0.04392756 -0.02738194 1.43723179
-0.00037980 -0.00841343 1.43789207
-0.01038159 -0.01579500 1.43797679
-0.01941506 -0.02225012 1.44781409
0.01632304 -0.01678180 1.44958205
0.01021439 -0.03394489 1.45505777
-0.02683779 -0.01930761 1.46174376
-0.02435335 -0.02470816 1.46036666
0.01577573 -0.02780051 1.46900683
-0.02005929 -0.01600812 1.47232239
-0.01590062 -0.02847333 1.47498919
0.01704208 -0.01124890 1.48058087
0.02766966 -0.02800411 1.47713758
-0.00380938 -0.02457576 1.48627512
0.01590040 -0.02455736 1.48409208
-0.01731549 -0.02156932 1.48952265
-0.01987498 -0.02824601 1.49003740
-0.02717100 -0.02871054 1.49089973
0.00494840 -0.02824346 1.49086771
0.01051088 -0.01364041 1.49439437
0.03271104 -0.01549533 1.49648867
0.02308274 -0.03771413 1.49532049
-0.00379501 -0.02709455 1.50130912
0.01073096 -0.00227403 1.50594274
-0.01984327 -0.01883823 1.50541817
-0.02190028 -0.03439262 1.51019083
-0.00736320 -0.02113661 1.51102663
-0.00748747 -0.01856323 1.51630631
0.03734402 -0.03951878 1.51403287
-0.00573279 -0.01346336 1.52127228
-0.05623377 -0.03783311 1.52334583
0.00439979 -0.01428220 1.52065690
-0.00174199 -0.01789157 1.52836851
-0.04654859 -0.01470423 1.52711501
0.05618914 -0.03142004 1.53174576
0.01711252 -0.03892160 1.53108162
-0.03369984 -0.03492297 1.53396825
-0.01720372 -0.02981618 1.53805190
-0.01069846 -0.01651276 1.53920864
0.01760458 -0.02124545 1.53486188
-0.01871680 -0.01664555 1.53789822
0.05175559 -0.05339496 1.53668344
0.00566181 -0.03458812 1.54584288
-0.03339507 -0.00223667 1.54106627
-0.02310566 -0.04108122 1.53931041
-0.00344882 -0.03544336 1.53954428
-0.01113058 -0.01022613 1.54185916
-0.02292196 -0.03577528 1.54643259
0.03993123 -0.00719301 1.54222249
-0.02301584 -0.02275302 1.54684265
-0.03501319 -0.01668048 1.54181841
-0.02120921 -0.02962018 1.55033176
-0.00160180 -0.04311415 1.55060474
0.00407412 -0.02815975 1.55426069
-0.02006610 -0.03102163 1.55067142
0.00093422 -0.04494151 1.54473805
-0.01500200 -0.01691474 1.55488421
-0.00531999 -0.03186894 1.55390615
0.00358561 -0.03634159 1.55672315
0.01894422 -0.03593042 1.55879534
0.01162529 -0.03755801 1.56239132
-0.05982423 -0.04830591 1.56773224
0.12406534 0.01081316 1.56719797
0.02838762 -0.06407734 1.57667731
-0.02209270 -0.03415059 1.58632749
-0.00816772 -0.01858271 1.58461314
0.00945658 -0.02440898 1.59210890
-0.03431536 -0.03471187 1.59609500
-0.01754596 -0.02568695 1.59924957
-0.00424822 -0.02585537 1.60320937
-0.01814961 -0.02259294 1.60767962
0.02860321 -0.03252931 1.61416693
-0.00196945 -0.03325645 1.61167959
-0.05057758 -0.00953182 1.62351801
-0.01366045 -0.02256740 1.62734605
-0.02699358 -0.00051929 1.62911112
-0.01504548 -0.03946788 1.62825117
-0.02221090 -0.04152381 1.62957508
-0.02045267 -0.02506032 1.63169179
-0.01307494 -0.03707441 1.62586540
0.00683151 -0.02150305 1.62880773
-0.02291368 -0.03884665 1.62939153
0.01101516 -0.01569933 1.62692456
-0.01146719 -0.08691002 1.62468447
0.00016803 -0.02923243 1.61864870
-0.02699718 -0.04618345 1.61955218
-0.00352603 -0.01432264 1.61346858
-0.01524317 -0.01077260 1.60774166
-0.01286176 -0.02261006 1.61168252
-0.00443697 -0.05228046 1.60722452
-0.04891523 -0.05023441 1.61626908
-0.01450069 -0.03920696 1.60628675
-0.00477983 -0.03190054 1.59955364
-0.00482058 -0.01591751 1.60300664
-0.03006054 -0.02671506 1.59948738
-0.00939651 -0.03372128 1.59798762
-0.03487937 -0.03678609 1.59423476
-0.00931438 -0.03434119 1.59857285
-0.01995949 -0.03049350 1.59157677
0.00272139 -0.03509826 1.59302365
0.01692886 -0.01468649 1.59136756
-0.01914174 -0.02709356 1.59082706
-0.01939867 -0.02586609 1.59136157
-0.01138322 -0.02844912 1.58549229
-0.00481639 -0.04210320 1.59763658
0.01055611 -0.03004469 1.59733086
0.01914824 0.00836175 1.59757744
-0.02934024 -0.02157381 1.60573365
-0.02513382 -0.01399371 1.58895679
-0.00809630 -0.02876470 1.64053439
0.00903800 -0.02102861 1.61025314
0.00232262 -0.03095183 1.55602215
-0.00125787 -0.02942759 1.60633327
-0.03023022 -0.02967674 1.60544342
0.00583367 -0.02605229 1.61435675
0.01338639 -0.03543607 1.61309908
0.00765965 -0.01722931 1.62093438
-0.00567285 -0.01717909 1.61073421
-0.01076458 -0.02708870 1.61680011
0.00505708 -0.00188854 1.61827542
-0.00516018 -0.04326662 1.61995215
-0.00828000 -0.01507972 1.63022176
0.02236488 -0.12003941 1.61778686
