0.00000000 0.00000000 0.00000000
0.02141895 0.00035313 1.32691410
-0.02052091 -0.01582740 1.28757438
0.00299106 -0.00574061 1.33731501
-0.00708528 0.01460243 1.35968848
-0.02519421 -0.01329520 1.32992789
-0.00101329 -0.02818180 1.31049596
0.01600418 -0.00898240 1.32967982
0.00060807 -0.01814419 1.35223277
-0.01359498 -0.01757036 1.34956537
-0.02009434 -0.02664842 1.35201257
0.00140297 -0.00906157 1.37160775
-0.01627187 -0.00500725 1.35153762
-0.01811673 -0.01751453 1.34932041
-0.00586607 0.00291769 1.37315227
0.00601098 -0.00094514 1.38361323
-0.03921241 -0.01349033 1.40336807
0.00297707 0.01266251 1.39169993
0.00190438 -0.00174395 1.38580365
-0.02270459 -0.00597833 1.36364333
0.00058395 -0.00600096 1.38432076
0.00037033 -0.02796108 1.37341870
-0.14728704 0.04747687 1.56684295
0.00404086 -0.01910260 1.40947631
-0.08079289 0.03353483 1.40820459
0.01663786 -0.02603093 1.41233662
-0.00287137 -0.02619174 1.44397735
0.00624481 -0.01345236 1.43263447
-0.02185040 -0.01468084 1.41752623
-0.05310294 -0.02900282 1.45785096
-0.05823868 -0.02845941 1.49221374
-0.08182953 -0.03251270 1.53874938
-0.00759452 -0.02961487 1.43764823
-0.00270626 -0.05012111 1.47279841
0.04463816 -0.04877557 1.50367718
0.00290641 -0.00648148 1.42973399
-0.00608499 -0.02536013 1.42761153
-0.01093978 -0.02367502 1.43426600
-0.01980919 -0.02356436 1.42569562
-0.00478824 -0.02175169 1.44255601
-0.00985863 -0.03289970 1.43137122
-0.00478509 -0.03908838 1.42477859
-0.00305290 -0.02928213 1.43126246
-0.01302240 -0.03040010 1.41287661
-0.00493683 -0.02986632 1.43632691
-0.13788175 -0.04565719 1.52866133
-0.00410641 -0.03341346 1.43749798
-0.01229782 -0.02331492 1.41141892
-0.07249828 -0.03044499 1.46784886
-0.00549896 -0.03121257 1.42059309
-0.06161433 -0.04564487 1.49300929
-0.01748990 -0.01380283 1.47091206
-0.01379486 -0.02722800 1.40981776
-0.02223335 -0.04069974 1.40296907
-0.06271996 -0.02487088 1.53812955
-0.00226663 -0.02903442 1.40056855
-0.01378809 -0.02733604 1.39518668
0.00854712 -0.02887481 1.38730534
-0.03879168 -0.03843505 1.42966210
0.02521600 -0.05517743 1.34984266
-0.00972625 -0.02914264 1.39759250
-0.01368782 -0.02554456 1.37692250
-0.02791146 -0.05255246 1.38778853
0.06576352 -0.04401729 1.38485550
0.08175209 -0.05823792 1.35815218
-0.00938803 -0.03738656 1.37430508
0.03147950 -0.02410122 1.38538745
0.04047187 -0.02773272 1.38624199
-0.01128169 -0.03130282 1.34085129
-0.00748783 -0.01730708 1.34419182
-0.00261310 -0.04748766 1.34502717
-0.01154757 -0.02071360 1.34850541
-0.00770832 -0.03437533 1.33299572
-0.00721564 -0.04116155 1.33675614
-0.01302275 -0.05624209 1.35070841
-0.02296595 -0.02112174 1.31639760
-0.01085463 -0.01780676 1.33208092
0.00070567 -0.03550961 1.34485004
0.00195740 -0.02914974 1.34691754
-0.00691429 -0.01902558 1.36146117
-0.07297820 -0.04896303 1.41291097
-0.04957286 -0.00785915 1.40798375
-0.00895332 -0.03433572 1.35348894
-0.01405227 -0.03059870 1.34196404
-0.11159785 -0.04338389 1.48514677
-0.01023581 -0.01850461 1.37791507
-0.01111705 -0.01953888 1.31552100
-0.02261095 -0.04543865 1.34674125
-0.01638644 -0.03556515 1.38109373
-0.04740999 -0.04051997 1.40641617
-0.03286667 -0.01881498 1.36673841
-0.04134235 -0.04734147 1.35333048
-0.03774330 -0.03281383 1.39286761
-0.01047098 -0.02423498 1.35611886
0.04503189 -0.02387149 1.38074978
0.00996764 -0.05263037 1.36147253
0.02651049 -0.05244880 1.37695330
0.02570366 -0.04656775 1.36576925
-0.00838695 -0.02620226 1.34499279
-0.03493482 -0.02643791 1.32544034
-0.01120517 -0.02181967 1.33654268
-0.00657028 -0.02606750 1.33841915
-0.00754185 -0.02476401 1.35261045
-0.01436918 -0.02441786 1.34373988
-0.03271367 -0.02113676 1.33586681
-0.01004461 -0.02665432 1.35388422
-0.00280833 -0.02435663 1.34484754
-0.01058498 -0.01049858 1.34133317
-0.00978830 -0.02491676 1.31401499
-0.00191425 -0.02594711 1.34613113
-0.00331199 -0.00869174 1.34613351
-0.00082260 -0.03731170 1.35906217
0.00890426 -0.02790681 1.38674625
-0.00708945 -0.01445626 1.35609064
0.00428754 -0.01652632 1.36259262
0.01486721 -0.03566340 1.36651335
-0.00109832 -0.08532578 1.37289285
-0.03505250 0.01785047 1.48839074
-0.00816462 -0.02539074 1.35614042
-0.04053622 -0.05679457 1.40099895
-0.09954115 -0.04971151 1.40698628
-0.04048599 -0.04367586 1.41920255
-0.05162563 -0.03234725 1.43613998
-0.09296274 0.01062316 1.41945536
-0.05895380 -0.02270712 1.47782243
-0.11356126 -0.05004387 1.40734242
0.01141634 0.00579088 1.47684068
-0.05790330 -0.04832196 1.42293183
-0.06134930 -0.02595783 1.48191167
-0.06699971 -0.05738218 1.49546846
-0.00182493 0.02317287 1.64551155
-0.07779900 -0.05554114 1.52003450
-0.07636418 -0.04260953 1.48164891
-0.02386348 -0.01389853 1.43421366
-0.03533767 -0.04595737 1.45035498
-0.07178185 -0.03368123 1.52508229
-0.05511860 -0.04765295 1.46665307
-0.05319074 0.00492709 1.53109722
-0.23915888 -0.12824000 1.72779351
-0.00747653 -0.02864189 1.44771910
-0.00348080 0.00306282 1.44693581
-0.00615372 -0.02373349 1.40926509
-0.00163685 -0.01383373 1.49924808
-0.00892312 -0.02862589 1.42790592
-0.04227904 -0.03936841 1.50545603
-0.09894201 -0.06154271 1.46484810
-0.02481935 -0.01979200 1.43994553
-0.02078166 -0.02028224 1.42796699
-0.01630851 -0.01555184 1.46868012
-0.01249686 -0.02218897 1.43066822
-0.00277429 -0.01858231 1.44869681
0.00924441 -0.02484863 1.49571689
-0.02594050 -0.04520491 1.45799373
-0.04583240 -0.02101112 1.52989492
-0.02863222 -0.02392693 1.44411943
-0.00802546 -0.01879648 1.47079184
0.01365222 -0.04624864 1.51743861
-0.00803704 -0.02443186 1.48253999
0.00208352 -0.02519282 1.49743732
-0.01783225 -0.03531612 1.48662829
-0.01650365 -0.02401454 1.46456769
-0.02220213 -0.02673082 1.48891606
-0.00606011 -0.02257057 1.50729252
0.00142993 -0.02622627 1.50140876
-0.00763343 -0.02030688 1.49849446
-0.00477447 -0.01746982 1.50251788
-0.01729548 -0.03823472 1.50305089
0.03075099 -0.06458148 1.52253782
-0.01002874 -0.05865155 1.51043119
-0.00419910 -0.02598568 1.52884274
-0.01093319 -0.02794833 1.51116623
-0.02384065 -0.04217538 1.51213907
-0.02744028 -0.03401832 1.52453555
-0.01399673 -0.03618085 1.48078764
-0.06154060 -0.03439174 1.47463424
-0.01447050 -0.02357214 1.50653231
-0.03188477 -0.02821723 1.51272158
-0.02728982 -0.00836657 1.50773620
0.03701523 -0.00487133 1.55542370
0.00817940 -0.02868425 1.52975085
-0.00230146 -0.03182689 1.53786512
-0.00445264 -0.02557886 1.53796148
-0.00701055 -0.01861666 1.55388049
-0.00360732 -0.00757834 1.54191132
0.00988598 -0.01665740 1.54128243
-0.00862009 -0.01815144 1.52430738
0.00685347 -0.06594214 1.56820535
0.02006322 -0.01058685 1.55192787
-0.00687132 -0.02387198 1.52836575
-0.00960729 -0.01923625 1.54658238
-0.00639715 -0.03874907 1.51571248
-0.04099872 -0.01851210 1.60619262
-0.00643719 -0.02267889 1.55767974
-0.01453925 -0.04745913 1.54453898
-0.02148593 -0.02117663 1.57911348
-0.00957957 -0.00991005 1.59406670
0.00363811 -0.02605725 1.55236050
0.02833668 -0.02664174 1.56122372
-0.03983607 -0.02480491 1.62610976
-0.05958911 -0.03682635 1.62732729
-0.01475423 -0.05196665 1.61691552
0.00782928 -0.02131293 1.57451134
-0.06454989 -0.03883479 1.62967388
-0.14280852 -0.02056073 1.71640347
0.01348134 -0.03394037 1.49338812
0.03182612 -0.01047055 1.46916321
-0.01144025 -0.02331128 1.56499710
-0.01331919 -0.00912880 1.60232037
-0.08100249 -0.00186635 1.59280441
-0.00871187 -0.01769599 1.59603732
-0.00967074 -0.01749088 1.58581541
-0.01017157 -0.02201840 1.59278942
-0.03682905 -0.02691000 1.59652467
-0.01421016 -0.01311379 1.61788532
0.12027500 -0.05296033 1.55586710
-0.01081404 -0.01262051 1.60100983
0.02192082 -0.03095304 1.64008483
-0.01213525 -0.02184341 1.60196410
-0.02223278 -0.02777670 1.62461677
-0.00714292 -0.01948180 1.64904958
-0.02067617 -0.00959223 1.63269955
-0.00639496 -0.02129535 1.61008832
-0.00644824 -0.02261552 1.61576979
-0.00564735 -0.02627544 1.62798504
-0.00608321 -0.02713453 1.63608412
-0.01018376 -0.02614380 1.64823929
-0.01125162 -0.02379054 1.68000637
-0.00737197 -0.01825789 1.63239980
-0.01872140 -0.02483776 1.62316935
-0.00145285 -0.02694704 1.67047110
0.00395886 -0.01433136 1.64877481
-0.00573093 -0.01702364 1.67838619
-0.02519087 -0.03390146 1.60183295
-0.01720592 -0.01989038 1.60998528
0.01383267 -0.02819651 1.67114996
-0.01012448 -0.02614904 1.63043254
-0.01564673 -0.02200635 1.59193708
-0.01193589 -0.02713440 1.61747827
-0.00990937 -0.02522667 1.61531945
-0.00194826 -0.02431322 1.59756622
-0.01046481 -0.02449096 1.61245534
-0.01265529 -0.03103492 1.58735255
-0.01096419 -0.02557608 1.61302666
-0.00641863 -0.02854892 1.59848562
-0.00106031 -0.02102570 1.62202330
-0.02890513 -0.02914192 1.58431241
-0.01196394 -0.02861659 1.59463891
-0.01141931 -0.02614803 1.61291727
-0.00445853 -0.03194573 1.64240204
-0.01808244 -0.03384523 1.59359438
-0.01851207 -0.03161503 1.58663305
-0.02140412 -0.02105213 1.56861219
0.05024316 -0.02166547 1.59371940
0.00314007 -0.03837424 1.60533509
-0.00762867 -0.02124404 1.60833633
-0.03216967 -0.05639803 1.64554758
-0.03624099 -0.02647862 1.60616698
-0.01490870 -0.02462420 1.58910937
-0.00673533 -0.02804671 1.60032704
-0.01571269 -0.01429392 1.61125979
-0.10008837 -0.01830122 1.72249673
-0.05598448 0.00361935 1.66978850
-0.05528877 -0.04156214 1.69755488
-0.00999472 -0.01539456 1.63784880
-0.02490449 -0.01520411 1.60096048
0.00066028 -0.03411836 1.61766463
-0.01071185 -0.02651011 1.61736779
-0.01071419 -0.03061051 1.61910988
-0.00141534 -0.01657278 1.64360340
-0.01518467 -0.01344299 1.65973391
