-0.04504268 -0.00412586 0.56363470
-0.00507006 -0.01258858 0.56223868
-0.01031368 -0.01078553 0.56181317
-0.00949780 0.00187383 0.56231670
0.08752476 -0.01619410 0.55794494
-0.02925396 -0.00548817 0.57375110
0.00865164 -0.02231831 0.57914827
-0.01122821 -0.00817527 0.58725770
0.06121479 0.00659213 0.59166767
-0.12501367 0.01976584 0.58805450
0.00651087 -0.00534881 0.61315280
0.02108858 0.01100021 0.62579538
-0.04656078 0.00663504 0.64684055
0.02340223 -0.00316081 0.66462583
0.01733123 -0.02702191 0.67608700
-0.01890584 -0.02393285 0.68350271
0.01189759 -0.03038434 0.69154490
0.00104863 -0.01486035 0.71072022
-0.00267692 0.01472634 0.73421402
-0.00197712 -0.00037467 0.76042157
0.05318548 0.02970036 0.77424839
0.02158840 0.00314477 0.78867341
0.00421714 -0.01172354 0.80367030
-0.00757708 -0.01772332 0.82116181
-0.03579207 -0.00095566 0.83226945
0.03985490 -0.01761814 0.84528503
0.00001404 -0.00867701 0.86002176
-0.00419895 -0.00792745 0.88176098
0.01404793 -0.00299211 0.90110034
-0.02924514 -0.00990773 0.91991929
-0.01461938 -0.00948737 0.93459475
-0.02119019 -0.00364667 0.95318919
-0.00794482 -0.00690712 0.97191250
-0.02011469 -0.01803599 0.97599440
-0.00671859 -0.01370793 0.98305209
-0.01572381 -0.02385633 0.98759214
-0.01599748 -0.00907791 1.00154587
0.02442366 -0.00435665 1.00757576
0.00998536 -0.02319887 1.01457797
0.00216756 -0.02069085 1.02136443
-0.00895529 -0.01593076 1.02895080
-0.00423202 -0.01396720 1.03649300
0.00477895 -0.00603427 1.04759092
0.00750232 -0.01251659 1.05550325
-0.00281216 -0.01663569 1.06336653
0.00712166 -0.00995993 1.06328302
-0.02002717 -0.01184677 1.07175805
0.00535488 -0.01485746 1.07553165
-0.02105219 -0.02623222 1.07659217
-0.01799635 -0.02172965 1.07773816
0.01947338 -0.02453479 1.07572833
0.00993041 -0.03169087 1.07432694
-0.01483856 -0.01537443 1.06547033
-0.00805950 -0.01496813 1.06261316
-0.01001071 -0.01693666 1.07321257
-0.00288751 -0.01748646 1.07902175
-0.05663564 -0.01936388 1.07551449
-0.00044689 -0.01861758 1.07641149
-0.01045861 -0.02655849 1.07887178
-0.00122581 -0.02091487 1.07066736
-0.03583894 -0.04024626 1.07240429
-0.02348026 -0.02632271 1.07397169
-0.00703333 -0.01027744 1.06685494
0.01084635 -0.02416589 1.07187705
0.00184151 -0.02325676 1.07143443
-0.00723053 -0.02022826 1.08667707
0.00221430 -0.01569395 1.08575133
0.01931241 -0.01355649 1.08300002
-0.02299284 -0.03063632 1.07861797
-0.02128197 -0.01518641 1.07774524
-0.00776958 -0.02723590 1.07907284
-0.00713148 -0.02088007 1.08159607
-0.01482349 -0.01934484 1.08480389
-0.01522484 -0.02296918 1.09214143
-0.02264410 -0.01129561 1.08867003
0.02608879 -0.00797201 1.08535439
0.00773853 -0.01709248 1.08771251
0.01115974 -0.01407819 1.08394023
0.00168704 -0.01287637 1.08413433
0.01141075 -0.01377942 1.07994262
-0.00573405 -0.01636296 1.07459660
-0.02382208 -0.02693748 1.06901803
-0.03201968 -0.00272798 1.06873755
-0.04137686 -0.00914182 1.06495936
-0.05016233 0.00297141 1.07026689
-0.03794309 -0.03036691 1.06539902
0.01421155 -0.02263792 1.06116274
0.03491423 -0.04415033 1.05392212
-0.00561879 -0.01965276 1.04760753
-0.00474621 -0.01660875 1.03948052
-0.00929502 -0.03738191 1.02490870
0.00463199 -0.01383627 1.01143364
-0.02939499 -0.01510148 0.99386699
-0.00081923 -0.02974243 0.97238681
-0.02280147 -0.01996490 0.95332904
-0.02926406 -0.02019992 0.93072526
-0.00940359 -0.02361935 0.90620089
-0.03322801 -0.01493379 0.88508151
-0.05108853 -0.01124723 0.86103538
0.01369075 -0.01334634 0.83986632
0.01168735 -0.02940199 0.81469814
0.00303660 -0.01962097 0.78687713
-0.00689372 -0.02749486 0.76070372
-0.02693285 -0.02405648 0.72775274
0.01397691 0.00923352 0.69921039
-0.01131517 -0.02242527 0.66607200
0.04163773 -0.01757158 0.63712752
0.00135703 -0.01895122 0.60707185
-0.00809347 -0.00979233 0.58524068
-0.00443700 -0.02201677 0.56406090
-0.06245232 -0.04016025 0.53465939
-0.00301337 -0.01655952 0.51766702
-0.02437669 -0.00808394 0.49430448
0.03132085 0.00546684 0.47335261
0.00817678 -0.00787441 0.45092984
-0.01433945 -0.00996264 0.43186638
0.00883019 -0.00128278 0.42148426
0.00191658 -0.02187317 0.41233949
0.09062257 -0.02262108 0.39153441
0.07572726 -0.00084774 0.39432545
0.05201730 0.00044966 0.38500510
0.02782820 -0.01225331 0.38757838
0.05668182 -0.00008599 0.37177363
0.08371520 0.02299523 0.37045170
0.06252151 -0.01124425 0.35994209
0.05545232 -0.00283416 0.36459212
0.02567046 -0.01241540 0.36388711
0.07183405 -0.00036442 0.34666584
0.02318034 -0.01426395 0.35973805
0.08392128 -0.00297610 0.33528774
0.07315465 -0.00445248 0.34385862
0.04675446 -0.00883567 0.33655127
0.03987931 -0.00478739 0.34952073
0.01780200 0.00528866 0.34511879
0.06519853 0.00745385 0.35396422
0.05787394 -0.00440849 0.35769361
0.05626101 -0.00707909 0.35324163
0.06797294 0.01488554 0.36856947
0.05807080 0.01050715 0.36461992
0.04614382 0.01381143 0.37775469
0.03461536 0.00966032 0.37864122
0.06257459 -0.00435626 0.38390081
0.03925619 -0.01163530 0.39008021
0.06905475 0.00149879 0.38687771
0.04674536 -0.00109797 0.40692577
0.08231076 -0.00833662 0.41131939
0.03584577 0.00358270 0.43422918
0.02874244 -0.02622344 0.44348392
0.04729460 -0.01366701 0.46333102
0.00425415 0.00020483 0.48475611
-0.00743346 0.00289185 0.50015756
0.03201467 -0.00791772 0.51957995
0.03784484 -0.01025794 0.53442096
-0.00135663 0.00313578 0.55424110
0.01811709 0.00032120 0.57283963
0.00939494 -0.00752070 0.59230655
0.03103920 -0.01044678 0.61762700
0.00482134 -0.00413178 0.64346386
0.00576168 -0.00604855 0.65733675
0.02146510 -0.01436661 0.67617764
-0.00850220 -0.00869965 0.68887532
0.01272948 -0.03008422 0.70955725
0.02625765 -0.00491313 0.72277400
-0.00716635 -0.00197397 0.73898082
-0.03390265 0.00143398 0.75566973
-0.00861121 -0.00936104 0.76582181
-0.00003554 -0.00093947 0.77754859
-0.00082307 -0.00287878 0.78061848
-0.01980163 -0.00413254 0.78667772
-0.01622215 -0.00959807 0.79823823
0.01236938 -0.00288237 0.80662843
0.00770882 -0.01631013 0.81666535
0.01414236 -0.00469714 0.81799705
-0.00054570 -0.00390759 0.82232218
-0.00790656 0.00241498 0.83133385
-0.00916412 -0.00213040 0.83885324
-0.04209539 -0.00989706 0.84082067
-0.01008331 -0.01183234 0.84422028
0.00596363 -0.01898828 0.84525368
-0.02311469 -0.00572652 0.83825670
0.00723815 -0.01855600 0.83140738
-0.01497119 0.00479420 0.82155821
0.00072777 -0.00224445 0.82343350
-0.01318320 0.00156211 0.83226758
0.01060479 -0.01790111 0.83173900
-0.00193617 -0.01085307 0.82212692
0.01687878 -0.00791607 0.81323988
0.00497696 -0.02759343 0.81228386
-0.02538904 -0.00430395 0.80615838
-0.00416836 -0.01414267 0.80462570
0.00812467 -0.02210291 0.80018987
-0.01973417 -0.00801177 0.79649290
0.00928186 -0.02310844 0.79472791
-0.00279438 -0.01892492 0.79089034
-0.02194133 -0.01874018 0.78325575
-0.02647908 -0.00994047 0.78126721
0.02100846 -0.02133190 0.77161821
-0.00830546 -0.01542367 0.77373413
-0.00835829 -0.01939401 0.76856122
0.00740647 -0.01948643 0.76101850
0.00664656 -0.01921991 0.75025349
-0.01339252 -0.02047310 0.73385139
-0.00941242 -0.02991809 0.71493768
0.00532769 -0.01619026 0.70574099
0.00427315 -0.01653701 0.70133630
-0.02357073 -0.02358320 0.69744159
0.01391261 -0.02087001 0.69519630
-0.01957142 -0.01535954 0.69517568
-0.01718082 -0.01066187 0.68913894
-0.00696839 -0.01934428 0.68598736
-0.00467194 -0.01811263 0.68467508
-0.00682380 -0.01950916 0.67596269
-0.00193848 -0.00693758 0.67391744
-0.02821871 -0.00806395 0.66973000
-0.02806187 -0.00372967 0.66612357
0.02272684 -0.01480919 0.66099924
0.01591552 -0.00022790 0.66335578
0.00434455 -0.01345886 0.67151239
0.00012595 -0.00393554 0.67439969
-0.00069458 -0.01427149 0.67956694
-0.00450779 -0.00214301 0.68317920
0.00045416 -0.00517407 0.69141725
0.00114806 -0.00616245 0.70067081
-0.01420447 -0.00360155 0.71361866
-0.00489483 -0.01313686 0.72749721
0.00362458 -0.00367815 0.72944637
-0.00046062 -0.00199039 0.73281849
-0.00099721 -0.00368555 0.73807119
0.02986735 -0.01058680 0.74566642
-0.00333336 -0.01172935 0.74940027
-0.01740703 -0.00835521 0.75281702
-0.01966031 0.00181407 0.75639477
0.00322499 -0.01116953 0.75225865
-0.01915651 -0.02552308 0.75949124
0.00795286 -0.01560788 0.74787935
-0.00312731 -0.01921802 0.74880527
0.01109265 -0.01696194 0.74584678
-0.00930089 0.00123676 0.75357204
-0.01157994 -0.00966579 0.75568386
0.01290061 0.00179964 0.76091059
-0.01261239 -0.01720162 0.75969104
-0.01185264 -0.00968167 0.76512152
-0.00385959 -0.00048505 0.77051113
0.00459052 -0.01489759 0.77736548
-0.01865059 -0.01433762 0.78087000
-0.02620725 0.00232317 0.78631258
0.00231217 -0.00993016 0.79136918
0.00577530 -0.01612956 0.79746026
-0.00973623 -0.00571943 0.80146239
-0.00041541 -0.01795889 0.80416001
0.00509663 -0.01171684 0.80990160
-0.01373107 -0.00743348 0.81494915
-0.00156455 -0.00347725 0.82571655
0.00928490 -0.00912968 0.83183511
-0.01078021 -0.01740388 0.83841987
0.00453294 -0.01693232 0.84131863
-0.00049328 -0.00525402 0.84588510
-0.00674943 -0.02100400 0.85569987
-0.00021872 -0.01423247 0.85604166
-0.00149602 -0.00993089 0.85629960
-0.01030945 -0.02028475 0.85353347
0.01942150 -0.01721107 0.85403966
-0.01422670 -0.01613937 0.85740260
0.00240488 -0.02069923 0.86728198
-0.02310485 -0.01858173 0.87129592
-0.00483538 -0.01018279 0.87209658
-0.02343111 -0.00632025 0.86579434
0.01402682 -0.01342495 0.86992564
-0.01695788 -0.01142613 0.86956207
0.00995412 -0.01600978 0.86843282
0.00403319 -0.01916637 0.86052806
0.00055684 -0.01431368 0.86125345
0.00156212 -0.01581175 0.85852592
-0.01368900 -0.01433217 0.85835518
-0.00958608 -0.01263786 0.85510336
-0.00243849 -0.02007498 0.84623892
-0.03782465 -0.01394933 0.83903205
0.00871252 -0.04258439 0.83491926
-0.01499734 -0.01210210 0.83378290
-0.00145052 -0.01659805 0.83179753
-0.01003704 -0.00861911 0.82356397
0.00371829 -0.01019104 0.81876324
0.00608947 -0.01352964 0.81379275
-0.02346068 -0.02242206 0.81004605
0.00127534 -0.01549884 0.80494605
-0.00167492 -0.01333366 0.79712020
0.00487164 -0.02219862 0.79189202
-0.00731703 -0.02235647 0.78635667
0.00508268 -0.02534777 0.78512904
0.02527285 -0.02096037 0.78052563
0.00313799 -0.02357667 0.77845322
-0.01204130 -0.02401358 0.77058748
-0.02278160 -0.01564180 0.76535320
0.00041478 -0.01402850 0.76687844
-0.01243490 0.00258494 0.77086116
0.00284054 -0.02744583 0.77518228
-0.00686003 -0.01651184 0.76573284
0.01892205 -0.01444392 0.75719038
0.00432212 -0.01971690 0.75471450
-0.00906614 0.00048487 0.75196910
0.00648795 -0.02071704 0.74934572
-0.00029537 -0.01009998 0.74532728
-0.01764122 -0.00645337 0.74383880
-0.00301335 -0.01035974 0.74591518
0.00578007 -0.01612025 0.74778059
0.00340211 -0.02391688 0.73957621
0.00461855 -0.00644453 0.73818426
0.00498298 -0.03300163 0.73024788
0.01647907 -0.01742792 0.72884839
0.00652265 -0.00874153 0.72645739
0.00175793 -0.00690775 0.72682327
0.02778818 -0.01174069 0.72438036
0.00146073 -0.02686642 0.72369048
-0.01622708 -0.03166928 0.72059252
-0.00165144 -0.01144518 0.72234040
-0.01279335 0.00179936 0.71955779
0.00875093 -0.01060069 0.71469604
0.01618198 -0.00293486 0.71562947
0.01708364 -0.01257087 0.71335943
0.00405359 -0.01156805 0.70934067
-0.01632570 -0.01187563 0.70419419
-0.00043776 -0.01338601 0.69317784
-0.00423114 -0.00372109 0.69031044
0.01720472 0.00361736 0.68783073
0.00637071 -0.00267365 0.68848278
0.02655353 -0.01933196 0.68279351
-0.00129962 -0.01344217 0.67127331
-0.01953149 -0.02261343 0.66413983
-0.01569310 -0.00323125 0.66005028
-0.01497346 0.00211705 0.65818387
-0.02965903 -0.01941495 0.65338499
-0.01824732 -0.01252417 0.64709896
-0.01412884 -0.00355900 0.64102246
0.00486161 -0.00967714 0.63753492
-0.02002423 -0.01078836 0.63447050
-0.00569437 0.01119013 0.63127095
0.00779675 -0.01245017 0.61997348
-0.02465868 -0.02149675 0.61015296
0.02090426 -0.03052582 0.60433441
-0.01259765 0.01102378 0.60240099
-0.01285077 -0.00474380 0.59457170
-0.03121196 -0.02320625 0.59415758
-0.02013136 -0.01577136 0.58957287
-0.00032781 -0.01044227 0.58819984
-0.02441863 -0.01679157 0.58269889
-0.02419176 -0.01039273 0.57806993
-0.04467076 0.00279033 0.57598578
-0.05296937 0.01648211 0.56985024
-0.03328458 -0.00698866 0.57036465
-0.07036132 -0.02095997 0.56222059
-0.03464983 0.00873557 0.56008975
-0.03604665 -0.00404893 0.56066697
-0.03058545 0.01551934 0.55762804
-0.03102309 -0.00734262 0.55964336
-0.01439429 -0.01394641 0.55716338
-0.00693309 -0.03540847 0.55678603
0.01814794 0.00591236 0.54995508
-0.00354155 -0.00762873 0.54692461
0.01576366 0.00579629 0.54381387
0.01891850 -0.02517366 0.53798539
0.01108961 -0.00078815 0.53413476
0.00735263 -0.00993027 0.52866970
0.01752939 -0.00942863 0.52635285
0.01649187 -0.01058631 0.52082437
0.01493572 -0.00526186 0.52227739
0.02394626 -0.00679428 0.51572085
0.01132716 -0.01259636 0.50494666
0.01154147 -0.01480564 0.50528776
0.01930817 -0.00740594 0.49902364
0.02861930 -0.01054139 0.49427591
0.01636576 -0.00456197 0.49252920
-0.03282305 0.00124559 0.48719943
0.00659451 -0.00429071 0.48865054
-0.02198391 0.00202949 0.48592954
-0.00567176 -0.00828140 0.48381155
0.00568316 -0.00744826 0.47893359
-0.01332873 -0.00388588 0.47638361
0.00530752 -0.00715237 0.47911879
0.00131125 -0.01379774 0.48735872
0.01015191 -0.00753442 0.49816616
-0.00714933 -0.00586410 0.50715560
0.00557896 -0.00854093 0.51482063
0.00679318 -0.01617221 0.52365525
0.00041412 -0.01987739 0.53198564
0.00590510 -0.00035592 0.53900172
-0.00891651 -0.00673240 0.54780755
0.01184245 -0.01139026 0.55546852
0.00735273 -0.00489268 0.55961396
-0.00447377 -0.01106446 0.56550400
0.00369887 -0.00604304 0.57112602
-0.00872754 -0.00775959 0.57652765
0.00341624 -0.00839444 0.57528474
0.00623191 -0.00916433 0.57715922
-0.00531313 -0.01193463 0.57497536
0.01701456 -0.01485431 0.57181183
0.02337932 -0.00775583 0.56863409
-0.03161282 -0.01536245 0.56816263
-0.02065464 0.00011527 0.56469407
-0.00605026 -0.01174441 0.56372751
-0.03707816 -0.01019722 0.55833201
0.00965399 -0.01665578 0.54799301
-0.03833758 -0.00696419 0.53855673
0.00117186 -0.00636853 0.53018753
0.01516851 0.00085545 0.51600430
0.00192682 -0.00269953 0.50350742
0.03945901 -0.00320684 0.49002916
0.01262968 -0.01883273 0.47693694
-0.02964181 -0.01886397 0.45652909
0.00349574 -0.01854448 0.43830638
0.00090538 0.00018175 0.42405205
-0.03654898 -0.00884913 0.41200996
-0.01661228 -0.00864669 0.40721019
-0.03200211 -0.01455872 0.40167037
-0.02609144 -0.02485039 0.39349486
-0.01942638 -0.00280380 0.39804213
-0.03405139 -0.00978471 0.39289656
0.00835587 -0.01269713 0.39038237
-0.00281918 0.00274572 0.39015727
-0.04538072 -0.00200095 0.37403873
-0.04915360 -0.00420328 0.38085839
-0.00539191 0.00766596 0.38239530
-0.01348437 -0.00289177 0.36818635
-0.04571147 -0.01361375 0.37426131
-0.04715236 0.00381842 0.35985119
-0.03622341 0.00062424 0.37456614
-0.04140825 -0.00932252 0.38026387
-0.02633242 -0.01283393 0.37245595
-0.03863422 -0.00146241 0.39872669
-0.06915182 -0.00684972 0.38172483
-0.03944466 -0.00055505 0.41518677
-0.04178750 0.00960268 0.39912661
-0.04176051 -0.00502157 0.43340598
-0.10843835 -0.01591275 0.43610183
-0.03366261 0.01196893 0.43381965
-0.05002104 -0.00770468 0.47783425
-0.08912695 -0.01028823 0.46275980
-0.06479307 0.00183941 0.50691996
0.02769374 -0.04138709 0.52132404
-0.08507759 -0.00631962 0.51151834
-0.09625974 0.00297858 0.54943794
-0.04962823 0.00242673 0.55681986
-0.04727643 -0.00634228 0.59228470
-0.09151938 -0.00123719 0.59950928
-0.05565960 -0.00322884 0.61980071
-0.06616608 -0.00884159 0.64605498
-0.03989524 -0.00489905 0.65733470
0.02093477 -0.01643230 0.68235843
-0.02048647 -0.00744219 0.69332297
-0.05905973 -0.01960281 0.70944352
0.00782665 -0.01033520 0.72832702
0.00765648 0.00328369 0.74749740
-0.02357065 -0.01625137 0.76176402
-0.06673466 -0.01864247 0.77072299
-0.01741454 0.00229265 0.79213036
-0.02040695 0.00121236 0.80686068
-0.01131040 -0.01619652 0.81695283
-0.02229823 -0.00726007 0.82500192
0.00045291 -0.02027857 0.84089304
-0.00269675 -0.01208954 0.85405642
-0.02180809 -0.00651981 0.86797206
-0.01376154 -0.01259473 0.87824177
0.01965240 -0.00464516 0.89365776
-0.01935994 -0.01312652 0.90109092
-0.02181250 -0.01414765 0.91086350
-0.01142953 -0.01609069 0.91257993
-0.02161207 0.00442051 0.91217872
-0.00659797 -0.01488523 0.91109150
-0.03147108 -0.00344759 0.91267687
-0.01507937 -0.02418015 0.91739560
-0.00819906 -0.01335519 0.91730542
0.02276042 -0.00782812 0.91487273
-0.01080263 -0.02329740 0.91555551
0.01514492 -0.00994321 0.91811504
-0.02614608 -0.03438961 0.97162606
-0.01295122 -0.00052743 0.86709135
0.00898603 -0.00359210 0.91937373
0.00109060 -0.02262268 0.91984795
-0.01280828 -0.01182968 0.92260635
0.01637637 -0.02696786 0.91963435
-0.02002923 -0.01645276 0.91716809
-0.00232160 -0.03767009 0.91608143
-0.00696505 -0.01694651 0.91709060
0.00113920 -0.01583381 0.91619672
-0.01640026 -0.00990626 0.91170961
0.00607878 -0.01780975 0.90687410
0.00447246 -0.02492178 0.90156535
0.01707718 -0.02194904 0.89086742
-0.00400806 -0.01647356 0.88630957
0.00331969 -0.01518026 0.87720123
-0.00776810 -0.01748879 0.86697099
0.00526246 -0.04590408 0.85331226
-0.01106530 -0.03205896 0.83320453
-0.01697244 -0.02404818 0.82975509
-0.00963546 -0.01440655 0.78771331
0.00075565 -0.01661969 0.78654599
0.00922762 -0.00815909 0.76761279
-0.01031042 -0.02068340 0.75054030
-0.02126616 -0.01406822 0.72981442
-0.03445465 -0.02083906 0.70510644
-0.02926783 -0.02822350 0.67945136
-0.02507985 -0.01343371 0.65310358
0.01383674 -0.02097711 0.62671636
-0.02781191 -0.03030471 0.60027204
-0.00339133 -0.01638496 0.57813927
-0.03300391 -0.02138702 0.55070623
-0.00260053 -0.00763385 0.53240230
-0.02463423 -0.01687676 0.51201218
0.01239349 -0.00789348 0.49753992
-0.00799956 -0.01095911 0.48442157
0.01925444 -0.01296584 0.48097289
0.00546056 -0.00894286 0.46514172
-0.00778263 -0.00866528 0.46894486
-0.00859999 -0.00756898 0.46483522
-0.06327066 -0.02085297 0.45156532
0.00215112 -0.00007583 0.45029216
-0.02459954 -0.00652039 0.43450720
-0.03330622 -0.01180211 0.43924191
-0.05444315 -0.00199192 0.43355119
-0.02364893 -0.01004112 0.42216788
-0.04581258 -0.00500119 0.42795646
-0.05628421 -0.00533477 0.40965411
-0.05326940 -0.00382621 0.41759949
-0.07470415 -0.00073450 0.41006989
-0.03672623 -0.01198087 0.40007987
-0.07246116 0.00674951 0.40774826
-0.07864922 -0.01004339 0.39190183
-0.04706680 -0.00940052 0.40297074
-0.09105413 -0.01238962 0.39191831
-0.00759958 -0.01802653 0.39294585
-0.07509482 -0.01114155 0.38564042
-0.10242446 -0.01020666 0.37345116
-0.06016382 -0.01172054 0.37972233
-0.06570934 -0.01016079 0.37521365
-0.05863511 0.00490661 0.37963692
-0.02858643 -0.02722937 0.37457043
-0.08404805 -0.01178647 0.37710396
-0.07645155 -0.00345355 0.36284827
-0.06935646 -0.00210654 0.36296464
-0.06057894 -0.00796277 0.37756722
-0.07599790 -0.00212308 0.35231492
-0.08758241 -0.00780074 0.37049771
-0.06359240 -0.00149336 0.35603231
-0.08512171 -0.01344876 0.37620054
-0.05687867 0.00486652 0.36582645
-0.04746126 -0.01307858 0.37125811
-0.04945538 -0.00606663 0.38891742
-0.03436380 -0.00441247 0.38092038
-0.01869003 -0.00432029 0.39851016
-0.03734701 -0.00040358 0.40276804
-0.05135304 -0.01122563 0.41605262
-0.04636698 -0.01197519 0.42522690
-0.06574431 -0.00275402 0.43868697
0.02339791 0.00154944 0.45298845
-0.01656578 -0.00025154 0.46715712
-0.00084832 -0.00875008 0.48394806
-0.00327470 0.00243231 0.50425116
-0.04527817 -0.00253104 0.52759899
-0.04283683 0.00068720 0.54796079
-0.04328748 -0.01109473 0.56633623
-0.03196898 0.00068567 0.58384375
-0.02443249 -0.01036867 0.60193996
0.00195288 -0.00108673 0.62193962
-0.02050563 -0.00046458 0.64078616
0.01586509 -0.01010339 0.65627226
-0.03470704 -0.00697462 0.67825905
0.01974992 -0.00117069 0.69455073
0.00469728 -0.00141065 0.71298675
0.02222320 0.00129733 0.73099090
-0.02383822 -0.00626032 0.74882019
0.01703053 -0.00083085 0.76712379
-0.08713118 -0.05092340 0.77910625
0.00959582 0.00217957 0.80118570
0.06233529 0.02131904 0.81424107
-0.00547834 -0.00771038 0.83473069
0.02144873 -0.00300204 0.85239121
-0.01991300 -0.01751020 0.86359743
-0.02058693 -0.01773355 0.87275557
0.02543712 0.00079011 0.87558686
0.02910633 -0.01611809 0.88059419
0.01902756 -0.00655509 0.88087463
0.02116659 -0.01090679 0.88178435
-0.00253921 -0.00898638 0.88250094
0.01488778 -0.01322886 0.88452030
-0.02049629 -0.00601732 0.89032904
-0.00765818 -0.01873317 0.89071453
-0.00931391 -0.00846446 0.89516566
-0.00863001 -0.00476664 0.89608937
-0.03039883 0.00282848 0.89756681
0.00204349 -0.01433010 0.90000562
-0.01588344 -0.01763911 0.89803285
-0.00111837 -0.01094372 0.89876197
0.00613851 -0.01005761 0.89977784
0.01488551 -0.00812222 0.89564009
-0.00968320 -0.02173117 0.89328884
-0.01287309 -0.01438750 0.89725452
-0.01565367 -0.01592355 0.90246107
-0.00519028 -0.01688460 0.89790637
-0.00273466 -0.01998918 0.89687593
-0.00716141 -0.01562250 0.89787626
-0.01241732 -0.00533369 0.89838116
-0.00350601 -0.01148482 0.89826734
0.00658981 -0.01975728 0.89502085
0.01355801 -0.02311141 0.91695878
0.02777153 -0.02590251 0.86787491
-0.01342879 -0.01701663 0.88883317
-0.01406177 -0.02473968 0.88557481
-0.00691922 -0.01320274 0.88263470
-0.00892971 -0.00734406 0.88459112
-0.01713080 -0.02852250 0.88017305
-0.02101582 -0.01064496 0.87946256
0.01657344 -0.02239487 0.87885865
-0.00450117 -0.02807289 0.87346170
-0.00248131 -0.00869104 0.87958447
0.00234772 -0.02731314 0.87256962
-0.00077322 -0.01138189 0.87598032
-0.01975987 -0.01442026 0.87950390
-0.00232459 -0.00405464 0.88347724
0.02218347 -0.00594280 0.88745279
0.02314214 -0.01525553 0.89296005
-0.01870956 -0.01902789 0.89660117
0.01650386 -0.01416339 0.89183059
-0.00997534 -0.01508968 0.90373051
-0.01831968 -0.01910897 0.90706791
-0.01180345 -0.00275442 0.90853741
0.01987705 0.00468643 0.91058886
-0.01401825 -0.02200669 0.91187531
0.02224055 -0.00475668 0.92409812
-0.01703156 -0.01666173 0.92486799
-0.03252771 -0.02595517 0.92907291
-0.05516095 -0.02018360 0.93116164
-0.00903815 -0.01507374 0.93685776
-0.01539299 -0.01915677 0.95035890
-0.01385460 -0.00571612 0.93898836
-0.00912798 -0.00563364 0.95043356
-0.02176390 -0.01298649 0.95562221
-0.00013049 -0.00947653 0.95734846
-0.01731512 -0.01809665 0.96398906
-0.01442124 -0.01636882 0.96365882
0.00343990 0.00046886 0.97021445
-0.01040643 -0.01432493 0.97478553
0.00884677 -0.01690414 0.97882941
-0.01253526 -0.01921811 0.98291301
0.00250541 -0.01540295 1.00485359
0.00011096 0.00067805 0.96935767
0.00007094 -0.01511999 0.98115605
0.01911461 -0.00568264 0.98123873
-0.00441172 -0.00574919 0.97855656
-0.03132327 -0.02617465 0.97619157
-0.03696193 -0.01636089 0.97440954
-0.00214828 -0.01064552 0.97313614
-0.02189149 -0.02353015 0.97472938
-0.00220611 -0.01120413 0.97524992
-0.01673320 -0.01809348 0.97612560
0.05559357 0.00317050 0.97372576
0.00441454 -0.01175314 0.97429354
0.00505416 -0.01097766 0.97645126
-0.01393438 -0.00930851 0.97375366
-0.00096880 -0.01952978 0.97379644
0.00502293 -0.01126734 0.97620072
-0.00855237 -0.01714568 0.97401526
0.01076565 -0.01356700 0.97597391
-0.00882362 -0.01589851 0.97319919
-0.01050808 -0.02174634 0.97358690
0.00092612 -0.01742663 0.97789381
-0.01739171 -0.01841754 0.97313203
-0.01096305 -0.01483850 0.97588857
-0.00203632 -0.01917603 0.97091671
-0.00298955 -0.01065998 0.97262875
0.00204500 -0.00560363 0.97202505
-0.00408266 -0.02320386 0.97203175
-0.00140537 -0.01024034 0.96785815
-0.00803080 -0.01339859 0.96685419
0.01295515 -0.01674194 0.96762254
0.01600119 -0.01740732 0.96753984
-0.02697621 -0.02950917 0.97531674
0.02314759 -0.01892805 0.96996505
0.00178549 -0.01727737 0.97114183
-0.00555781 -0.00572794 0.96971298
0.02072862 0.00465807 0.96847399
-0.04566728 -0.02487970 0.97247316
0.04464126 -0.01450414 0.97099840
0.00885828 -0.01039719 0.98638879
-0.01432144 -0.02027217 0.94964985
0.03934967 0.01099127 0.96835467
0.03396994 0.02238727 0.97510385
-0.00812427 -0.02701769 0.97605852
-0.00383916 -0.00901585 0.98284101
-0.00909210 -0.01833842 0.97310881
-0.01045200 -0.01161541 0.97475761
-0.06204705 -0.01619870 0.97828327
-0.00670765 -0.01657006 0.98395723
-0.02760631 -0.03236893 0.98408480
-0.03855915 -0.03195103 0.98027407
0.00741693 -0.00796136 0.97958916
-0.01136665 -0.02279011 0.97827470
-0.02359594 -0.01984999 0.98051726
-0.04304965 -0.03216332 0.98873086
-0.00025461 -0.01509939 0.99135620
-0.01410267 -0.02152791 0.99247055
-0.00058397 -0.00622938 0.98904176
-0.01493479 -0.01683458 0.98943650
-0.02276270 -0.02535593 0.99310616
-0.02286595 -0.00163683 0.99319966
-0.00934297 -0.02055789 0.99468967
0.01428721 -0.01808219 0.99327713
-0.02521985 -0.00682407 0.99472106
-0.01279596 -0.01699604 0.99772052
-0.01692931 -0.02029682 0.99931965
0.00825822 -0.01428046 1.00127333
-0.03557092 -0.01795293 1.00488038
-0.02644992 -0.01292341 1.00491168
-0.00313550 -0.01969334 1.00486495
-0.02121386 -0.01434375 1.00300703
0.00026082 -0.01226454 1.00581512
-0.00485925 -0.01479377 1.00454719
0.02529584 -0.01240036 1.00526684
0.01101010 -0.00776059 1.00380868
0.00540055 -0.02576325 1.00295107
-0.03038662 -0.03476213 1.00026041
-0.00071285 -0.01993666 0.99612052
-0.00225245 -0.02346906 0.99631853
0.00825169 -0.02068927 0.99103950
-0.01022212 -0.01969252 0.99249133
-0.00668808 -0.02714198 0.98640359
-0.00704028 -0.02557484 0.97812489
-0.00961311 -0.00856364 0.97849017
-0.01786030 -0.01811677 0.97638834
-0.01654851 -0.01602310 0.98065577
-0.00902534 -0.01648048 0.97344783
-0.05443445 -0.03432469 0.96559892
-0.04908577 -0.03418217 0.96220556
-0.01739518 -0.01191652 0.95990929
-0.03411725 -0.02246489 0.95956328
0.00202425 -0.01112359 0.95912533
-0.01991637 -0.03825852 0.95502242
-0.02183257 -0.01589180 0.95023693
-0.00078270 -0.01859263 0.93699550
-0.00773909 -0.01746871 0.93744088
-0.02691770 -0.01972898 0.92589396
-0.04598123 0.00064777 0.91827533
-0.00502643 -0.01938194 0.90595836
-0.00465672 -0.01285376 0.90205663
-0.02451065 -0.02367296 0.90336761
0.00490324 -0.02050101 0.87835827
-0.01611506 -0.01812800 0.87919407
-0.01025261 -0.02267300 0.87188950
0.00535748 -0.01545111 0.86217377
0.00823099 -0.02069019 0.84966258
0.01547765 0.00726580 0.83958674
0.00307146 -0.01154827 0.82294940
-0.04649144 -0.03302500 0.80602731
0.00904181 -0.01751097 0.79009659
-0.01023124 -0.01175716 0.77751293
0.00768800 -0.02325942 0.76418743
-0.02476601 -0.02401696 0.75480865
0.01005832 -0.01582726 0.74748790
0.04828945 0.02063237 0.73753281
0.05903901 0.01388282 0.73222446
-0.00707836 -0.01896763 0.72577807
0.00401443 -0.00038593 0.72126099
-0.03763149 -0.01500064 0.71470608
0.04599418 0.00577900 0.70757345
-0.00594314 -0.02019618 0.70854827
0.00092562 -0.01473649 0.67782224
-0.00717953 -0.00957886 0.67934124
-0.01465720 -0.00118706 0.67123691
0.02316767 -0.01498269 0.66073928
0.06323831 -0.00202103 0.64706216
0.00798887 -0.00694082 0.63612579
0.06496258 -0.02032090 0.61876670
-0.02082376 -0.02572177 0.60578895
-0.01592338 -0.01326397 0.59090740
-0.00456180 -0.01328169 0.57182466
0.03515304 -0.00406795 0.55488681
-0.05188901 0.00352631 0.53735534
0.02427044 -0.03521266 0.52476489
-0.03639473 0.01415588 0.50789517
-0.02703125 -0.00089767 0.49525213
0.01045313 -0.01121013 0.48411205
0.01942904 -0.01523746 0.47120187
0.02920056 -0.01657781 0.45781534
0.02310567 -0.02345755 0.44652029
0.04510565 -0.02088160 0.43225448
0.00540014 -0.01608666 0.42072244
0.03309182 -0.00274475 0.40808184
0.02294392 -0.01052820 0.39965538
0.02370974 -0.01178447 0.38799494
0.03169884 -0.01103201 0.37608766
0.02411187 -0.00487845 0.36156599
0.02699860 -0.01063499 0.34935411
0.03015899 -0.01196488 0.34046871
0.03351564 -0.01172662 0.34015901
0.03808021 -0.00007691 0.33724504
0.03604668 -0.00547164 0.35382476
0.04595204 -0.00197224 0.32710508
0.03927244 -0.00652189 0.33925129
0.03241244 0.01429270 0.33170085
0.03632830 -0.00593576 0.33099125
0.04614979 -0.03741840 0.32546594
0.02016410 -0.01774504 0.31590506
0.04341070 -0.00598923 0.32527242
0.04287097 0.00250735 0.31564455
0.02773445 0.00201906 0.34025667
0.01326583 -0.01180675 0.33986105
0.06601771 -0.01763552 0.36154529
0.03287502 -0.02940673 0.37593388
0.04770403 0.02289972 0.36763391
0.04477968 0.00022758 0.39101827
0.04291255 -0.00504249 0.38683801
0.02575562 -0.00975648 0.41451793
0.03959717 -0.01080526 0.40908889
0.00980922 -0.01487549 0.43735206
0.05823338 -0.00574810 0.44106028
0.05100105 -0.00035282 0.46962374
0.03884361 0.00177201 0.49409224
0.07274142 -0.00024067 0.50578835
0.02312404 -0.01290305 0.52241474
0.00636776 -0.01907525 0.52615104
0.03262399 -0.00258024 0.56122502
0.01922546 -0.02081563 0.57367127
0.05415020 -0.02083235 0.58017049
0.03238768 -0.00019769 0.60974259
0.02156946 -0.01329931 0.61709354
0.05339623 0.00704515 0.63892873
0.02474207 -0.00687768 0.65319899
0.01560977 -0.00932781 0.66809454
0.01176283 -0.00966772 0.68733167
-0.03147848 -0.02413898 0.70162276
-0.00345105 -0.00562652 0.71774154
0.01760789 0.00390832 0.72816617
-0.00581372 -0.00747539 0.74396029
0.00176144 -0.00116939 0.76114397
-0.01710220 -0.02539599 0.77453424
-0.06838541 -0.02475468 0.78310226
-0.04410663 -0.02692329 0.78922995
0.01742642 -0.00394937 0.79850835
0.00216838 -0.00793900 0.80363861
-0.01742623 -0.00481879 0.81050684
0.00089465 -0.01415687 0.81223534
-0.00098760 -0.01265667 0.81105552
-0.01203995 -0.02395603 0.81037266
-0.00786750 -0.01787690 0.81119185
-0.00816276 -0.01004817 0.81803911
-0.04025306 -0.02620623 0.82247696
-0.00540498 -0.00583235 0.82866950
-0.00091009 -0.01246916 0.82647213
0.01101307 -0.01849175 0.82563837
0.00240162 -0.02009702 0.82510554
-0.01116603 -0.01339904 0.82269739
0.01399293 -0.01238432 0.82344052
-0.01357770 -0.01648179 0.81954807
-0.01564419 -0.01520450 0.81527596
-0.00717438 -0.00287432 0.81341988
-0.01284213 -0.01106822 0.81189862
0.00082263 -0.01912634 0.80700370
0.01258273 -0.01354704 0.80157399
0.02390343 -0.01492050 0.79352221
0.02862459 -0.00021764 0.79050954
-0.02926851 0.00261719 0.78221617
0.00189930 -0.00963135 0.77343991
-0.01287236 -0.01049095 0.75830577
0.00796772 -0.01837913 0.74250825
-0.06161883 -0.03156572 0.71975144
-0.00070720 -0.01947858 0.70571207
-0.09081807 0.00283990 0.68292414
-0.00073726 -0.01640508 0.66930955
0.01131852 -0.00843041 0.65413559
-0.00038118 -0.00732129 0.63525221
-0.01284679 -0.01408554 0.60921095
-0.05380973 0.00952949 0.58720045
-0.02128382 -0.01276103 0.56668361
-0.00729190 -0.01063512 0.54887966
-0.01727838 -0.01147149 0.52735054
0.03175499 0.03067955 0.50517040
-0.02919098 -0.02063969 0.48386954
-0.01856014 -0.00879156 0.46390488
-0.04023724 -0.00109257 0.44903391
-0.00421969 -0.01442177 0.44302699
-0.00134982 -0.01069289 0.43906840
0.03732610 -0.00372481 0.43833009
-0.00710767 -0.01257952 0.43263158
0.00126360 -0.02712776 0.43388959
0.02739754 -0.00554893 0.42048141
0.02741711 -0.00687572 0.41906303
0.03853188 -0.02573369 0.41811967
0.03442540 -0.01938507 0.40331170
0.06841194 0.00295733 0.41015666
0.04306369 0.00932647 0.39568970
0.06488660 0.01082169 0.40351574
0.07041031 0.00795608 0.38054296
0.05967025 0.00552264 0.39978215
0.07065489 -0.01636165 0.37899446
0.04768101 -0.00630473 0.38446338
0.03051795 -0.01241606 0.36561328
0.04765823 -0.00292826 0.37927283
0.04295850 -0.00090431 0.38480846
0.06310546 -0.01029411 0.36960851
0.10157718 -0.01253757 0.38428509
0.06849639 0.00212292 0.37166192
0.02410235 0.01133573 0.40040052
0.01326540 -0.01067385 0.38829298
0.05710976 -0.01125619 0.40727169
0.05205571 -0.01090019 0.41171427
0.06469706 0.00557418 0.39541564
0.05248042 -0.01004193 0.42233860
0.04704761 0.00405348 0.41867991
0.01913973 0.01229640 0.44880050
0.04790203 -0.00855702 0.46566128
0.05924342 -0.02623682 0.45822286
0.04636740 -0.00774514 0.48424724
0.05134844 -0.00037360 0.48853425
0.03560539 0.02647084 0.50626646
0.03592306 -0.00103916 0.52124097
0.03711873 0.00614093 0.54085197
0.02357327 0.02245794 0.56294831
0.04570496 -0.02129064 0.57034749
0.02563424 -0.01376764 0.58772005
0.02829317 -0.01422766 0.59907803
-0.00205856 -0.01108889 0.61436072
0.04544821 -0.00433580 0.63489503
-0.00133340 -0.00317137 0.65042501
0.01549413 -0.00710257 0.67138062
-0.00164851 -0.01037640 0.68489122
0.00910270 -0.02441266 0.69824256
0.01154436 -0.00988786 0.71150796
0.00230403 -0.00343914 0.72559144
0.00715819 -0.00894306 0.74493818
-0.00068273 -0.01602581 0.76480820
-0.00541770 0.00310552 0.77964066
-0.01304869 -0.01065532 0.79205611
0.00091069 -0.00213163 0.79764778
0.00070959 -0.01020326 0.80816449
-0.01198330 -0.01428276 0.81234245
-0.00878546 -0.01540777 0.80394921
-0.00116897 -0.01737270 0.80404744
-0.01098421 -0.01377618 0.80573541
-0.02319626 0.00351418 0.80868340
-0.02705018 -0.00183071 0.80813956
0.00711947 -0.02824973 0.81274572
0.02474918 -0.01359709 0.81132666
-0.00522690 -0.01333446 0.81673924
0.00064709 -0.00902984 0.83380897
-0.00526547 -0.00551632 0.81186334
-0.01239651 -0.02013384 0.82271124
-0.02595249 -0.01153322 0.81981949
-0.00520125 -0.01242488 0.82232927
-0.00385559 -0.00333861 0.82495126
0.02921627 -0.01020087 0.82621083
-0.01549477 -0.00482141 0.82714988
-0.00028312 -0.01118215 0.82816144
0.00797379 -0.01503293 0.82550203
-0.02927297 -0.00920616 0.82639217
-0.00989035 -0.00804753 0.82444001
0.00299041 -0.01808056 0.82360311
0.00749976 -0.01808049 0.82186372
-0.00192175 -0.01014930 0.81912829
-0.00358297 -0.01897874 0.81592537
-0.01916321 -0.01207099 0.81493978
-0.03334422 -0.01381848 0.81465650
-0.01351500 -0.01780208 0.81091074
-0.00629451 -0.01489143 0.80596546
-0.01555731 -0.01812717 0.79854378
-0.02306425 -0.01108833 0.79565104
-0.01427088 -0.01360581 0.79208301
0.01333434 -0.02090265 0.79151830
-0.00804777 -0.00246821 0.79003245
-0.00370466 -0.02454583 0.78504599
-0.00246821 -0.02343174 0.78663037
-0.00751692 -0.01783284 0.78447172
-0.00044769 -0.02396782 0.78207782
-0.00154385 -0.02714705 0.76871448
-0.01030106 -0.02830875 0.76864123
-0.00634083 -0.00296210 0.76773121
-0.00446906 -0.01296548 0.76512944
-0.00195198 -0.00490032 0.76489411
-0.00896459 -0.01148056 0.76194215
-0.01151778 -0.01261615 0.76106726
-0.01620837 -0.01132637 0.75801493
0.02126890 -0.02565552 0.75364633
-0.00064826 -0.01709840 0.74742829
-0.02835098 -0.01889729 0.74538229
-0.01526582 -0.00809234 0.74601688
-0.00783500 -0.01187445 0.75519127
0.00284748 -0.02709030 0.73054711
-0.00361127 -0.02052142 0.72789227
-0.00038623 -0.01038224 0.71569924
0.00052865 -0.00073506 0.72339598
-0.00650060 -0.00822415 0.72891422
-0.02512670 -0.01381019 0.72664629
-0.00680951 -0.01026732 0.72041043
-0.00355121 -0.01376791 0.71414791
-0.01085801 -0.00193699 0.71052347
-0.00875637 -0.02192419 0.70662298
-0.01980814 -0.02485089 0.70361443
-0.01788956 -0.02075137 0.69754602
-0.01420889 -0.02005295 0.69414063
0.01792491 0.00326607 0.69342192
-0.00621557 -0.02227456 0.68711950
0.02639657 -0.01926894 0.68153444
-0.00779791 -0.01015905 0.67796519
-0.02463525 -0.01747273 0.67372218
-0.00622751 -0.02952698 0.66825350
0.00530295 -0.01866105 0.65830126
0.00096773 -0.02821166 0.65242232
0.00109730 -0.01541175 0.64996580
-0.02483501 -0.00771305 0.64859118
-0.00999626 -0.00987926 0.64626570
-0.01978853 -0.00449002 0.64379312
-0.00718955 -0.00847013 0.64276693
-0.02248542 -0.01704079 0.63525970
0.00647440 -0.01415953 0.63505626
0.00744520 -0.00759417 0.62943867
-0.01297559 -0.01469694 0.62727671
-0.00496989 -0.01835052 0.62527458
0.00431129 -0.01235559 0.62180842
0.00997790 -0.01307143 0.62363846
0.00440258 -0.01569927 0.62736296
0.01371568 -0.01139844 0.63448394
0.01287093 0.00180823 0.64422411
0.00304605 -0.00371097 0.65402027
0.00293129 -0.00936180 0.66588435
0.01963537 -0.01810104 0.67019405
0.03550662 -0.02471071 0.67936660
-0.01113097 -0.02350346 0.69123141
0.01060051 -0.02046692 0.70446813
0.02543423 -0.03223487 0.71561100
0.00558575 -0.01679671 0.72415692
-0.01173777 -0.00058796 0.73177982
-0.00820396 0.01289620 0.74568258
0.01176686 -0.00807519 0.76414354
-0.01289192 -0.00033589 0.77879360
0.00388937 -0.01322295 0.79433805
-0.01868390 -0.00707489 0.80973478
0.00284858 -0.01629729 0.82170483
0.00360445 -0.01335953 0.83840662
0.00195517 -0.01923893 0.84913064
0.00052627 -0.01997309 0.87106384
-0.00270623 -0.01033748 0.86313266
-0.01127048 -0.00480480 0.88586438
-0.00443652 -0.00887887 0.90621029
-0.01324085 -0.02844064 0.91583714
-0.01127690 -0.01346618 0.92836235
0.01383978 -0.01420884 0.94038235
-0.01214566 -0.00762893 0.95133853
0.00463255 -0.02148030 0.96151585
-0.00103831 -0.00533102 0.96892423
-0.02097491 -0.00195558 0.97802147
0.02170837 -0.01703889 0.99155336
-0.01125372 -0.01132214 0.99610247
-0.01572279 -0.02235862 0.99342536
0.01275233 -0.03375994 0.99300616
0.00956420 -0.02790506 0.99748781
0.00351746 -0.01418694 1.00831555
-0.00518373 -0.00902491 1.00993013
-0.00155672 -0.00004312 1.01274853
-0.00980169 -0.00183143 1.00925064
-0.01560829 -0.00740340 1.00786928
-0.00091790 -0.02046860 1.00256815
0.01090866 -0.02812405 1.01041978
0.01657732 -0.02680591 1.00190085
-0.01495847 -0.00715317 0.99132764
-0.02604228 -0.00962945 1.00374033
-0.01716744 -0.02237953 0.99739460
-0.00827269 -0.01906467 0.99670126
-0.01833175 -0.02319014 0.99410267
-0.01421815 -0.01717584 0.99434428
0.00029242 -0.02024323 0.99403313
-0.00751497 -0.02343472 0.98914982
0.01050211 -0.03362713 0.98128169
-0.01837114 -0.01913687 0.97920206
-0.02702746 -0.01642737 0.97610833
-0.01730579 -0.03034393 0.97681755
-0.00529457 -0.01545463 0.97609686
-0.01380266 -0.00867242 0.96106606
-0.01430485 -0.01792985 0.96003740
-0.01023162 -0.01840780 0.95520543
-0.00813977 -0.00052994 0.95049141
0.00298417 -0.01455982 0.95094350
-0.02616024 -0.01399865 0.95008998
-0.00398505 -0.01507148 0.94599675
-0.01014309 -0.02708511 0.94328342
-0.01738962 -0.00141388 0.93049051
-0.00814954 -0.01421965 0.93539933
-0.01634453 -0.00504073 0.93368181
0.00029620 -0.02555591 0.92949904
0.00838582 -0.00960247 0.92774699
-0.00325411 -0.01099603 0.92485245
-0.00043217 -0.01972712 0.92576990
0.00397684 0.01075235 0.92835586
0.02132805 -0.01128547 0.92817933
-0.01579413 -0.01665136 0.92806986
0.04628920 -0.01182903 0.92656571
0.00984809 -0.02388719 0.93142362
0.00794578 -0.01516511 0.93228452
-0.00530143 -0.02563666 0.92981861
0.00958918 -0.02898911 0.92890746
-0.04329461 0.01567115 0.93401011
0.01693605 -0.01887645 0.94595277
-0.00509772 -0.01648565 0.92305207
-0.00115185 -0.02114760 0.93655287
0.01157265 -0.00463822 0.94080281
0.01233447 -0.01581351 0.94378830
0.01928464 -0.02001141 0.94217759
0.02186670 0.00067009 0.94166878
0.00809094 0.00683539 0.94823645
0.00122084 -0.01993714 0.94685869
0.00507153 -0.02895744 0.94818777
-0.02438477 -0.00638122 0.94538721
-0.00233222 -0.02495122 0.94839515
-0.02844726 0.01845773 0.94567170
-0.00010161 -0.02187586 0.94712914
-0.00839844 -0.01084282 0.95458425
-0.01207718 -0.02450767 0.95144552
0.02200684 -0.02099307 0.94484798
-0.01685900 -0.02678317 0.94191838
-0.01337288 -0.01871505 0.93659296
-0.00754341 -0.01155942 0.93818708
-0.01266370 -0.02499671 0.93733613
-0.02130619 -0.01584757 0.93710456
-0.02386580 -0.02215628 0.93854564
-0.00643903 -0.02092251 0.92890142
0.00251077 -0.01376622 0.92620112
-0.02771968 -0.01897968 0.91702589
0.01070570 -0.02591307 0.90689947
0.00028180 -0.00935166 0.89345725
-0.01458606 -0.00408855 0.88533699
0.00956615 -0.03284535 0.87030709
-0.02828183 -0.01538374 0.84926970
0.00828889 -0.00654886 0.83088506
-0.00470545 -0.03765027 0.81936538
0.00991029 -0.04542117 0.81615005
-0.01375551 -0.01495549 0.81698737
0.00280291 -0.01488701 0.81619278
-0.00622496 -0.01354001 0.81691808
0.01062443 -0.02469795 0.81303969
-0.01842348 -0.01108852 0.81318962
0.00009988 -0.01641486 0.81185945
0.02186408 0.00981337 0.80705454
0.01677878 -0.01911332 0.80087868
-0.01257595 -0.01043111 0.79240490
-0.02493091 -0.01856516 0.79313378
-0.01322193 0.01261214 0.79374261
0.00589513 -0.00651091 0.79320358
-0.00622743 -0.00692643 0.78649114
-0.01370941 -0.00225825 0.78765146
-0.01664707 -0.00124031 0.78797814
-0.03031300 0.01455669 0.77151216
-0.01700549 -0.01894908 0.77054137
-0.00813963 -0.01309029 0.77062526
-0.00397943 -0.02112948 0.76948697
-0.02189208 -0.02013500 0.77215382
-0.02510807 -0.01118305 0.77180158
-0.00676642 -0.02008635 0.76271749
-0.00750157 -0.01454220 0.75352324
0.01328783 -0.00672323 0.74456621
-0.03695386 -0.00542806 0.72920307
0.01674063 -0.02424382 0.71355420
-0.00142196 -0.01293665 0.69708109
-0.00657979 -0.00527907 0.67676749
-0.01783493 -0.01750879 0.65495500
0.00374711 -0.02103081 0.62655997
-0.00513638 -0.02913260 0.60006640
-0.07793968 -0.01173618 0.56721639
0.01871657 -0.01859743 0.54806195
-0.01029023 -0.01840491 0.52254834
-0.00039512 -0.01411488 0.50026875
-0.00108610 -0.01192991 0.48060671
-0.00646962 -0.02227662 0.46653558
-0.01208110 -0.01110424 0.46525034
-0.03686291 0.00262161 0.45367411
-0.01042545 -0.01049522 0.45196530
0.01277927 -0.01065481 0.44511482
0.01510735 -0.00658804 0.45264688
-0.01032790 -0.00622150 0.41082483
0.02204950 -0.00732482 0.40721310
-0.00270917 -0.01952738 0.38784981
0.01154922 -0.01326990 0.36465038
-0.02759584 -0.01585965 0.33911615
0.00216124 -0.00999239 0.31828777
-0.01571371 -0.01421317 0.31732443
0.00359269 -0.02314435 0.31503810
0.00611419 -0.00778776 0.31553317
0.01000723 -0.00420891 0.31092516
0.02563080 -0.00221895 0.30763706
-0.00661079 -0.00552709 0.30358432
-0.00628003 -0.00687131 0.30343663
-0.00357343 0.00254568 0.29603002
0.00790862 -0.00544774 0.29398294
-0.00376932 -0.00174491 0.29561685
0.01208561 -0.00097493 0.29931049
0.03009317 -0.00535096 0.30387695
0.02662204 -0.00353684 0.30513493
0.01165524 -0.01161179 0.31335241
0.00563466 -0.00193867 0.31903497
0.00717864 -0.00042671 0.32352423
0.05286930 0.00191187 0.32466277
0.05161428 0.00427637 0.33135988
0.03063384 -0.01288934 0.34547955
0.00727117 -0.02584658 0.35299759
0.02124415 -0.02681504 0.36653223
0.03623206 0.00770009 0.37567112
0.06386864 -0.02669393 0.38519241
0.02554118 -0.00198496 0.40484473
0.01689988 -0.00257106 0.41208790
-0.00104936 -0.00884831 0.42851804
0.03028533 0.00006854 0.43608367
0.02738295 -0.01609093 0.44953575
0.03390069 -0.00430247 0.46232319
0.02925359 0.01277822 0.46803770
0.03739076 0.00303809 0.48383682
0.05789094 -0.01594906 0.49308910
0.04119007 -0.00992124 0.50372016
0.03393545 -0.01061575 0.51814608
0.02901718 -0.00856678 0.51885909
0.02627414 -0.00387455 0.53757943
0.04781867 -0.00043585 0.54187618
0.06327035 0.00832846 0.55067507
0.05815659 0.05446886 0.56491981
0.02251974 -0.01329207 0.57430581
0.04026429 -0.00950865 0.58982853
0.02914503 0.01279924 0.59583968
0.04949626 -0.01844353 0.61595877
0.07244971 -0.00029400 0.61454752
0.05931795 -0.00784996 0.62675737
0.03096812 -0.00870656 0.64441099
0.00739940 -0.02527101 0.63972213
0.01089192 0.00808261 0.66012972
0.03085263 0.00074318 0.65405076
0.04308757 -0.00772987 0.65548810
0.03056649 -0.00306624 0.67734347
0.02849200 -0.00625314 0.67100367
0.04332299 -0.00288641 0.69362979
0.05586259 -0.02041459 0.69523754
0.02619013 -0.01355742 0.71618903
0.03506168 -0.01744586 0.71596165
0.01443585 -0.01411797 0.72433522
0.03474347 -0.01280068 0.73642513
0.02974284 -0.01072975 0.74134232
0.03797928 -0.00525295 0.75543229
0.01524218 -0.01044819 0.75765772
0.00951753 -0.00987877 0.77116881
0.03879750 -0.01786149 0.77820045
0.00922710 -0.01679394 0.78534260
-0.01446805 -0.01384451 0.78901356
0.01877945 -0.01722561 0.79208430
0.05463145 0.02243913 0.79724564
0.00615287 -0.00592134 0.81149787
-0.04677029 -0.00988614 0.82013607
0.00527198 -0.01849817 0.83314825
0.00453777 -0.01240717 0.83200882
-0.00356352 -0.01169108 0.83674510
-0.00839798 -0.01579275 0.84077695
0.00165981 -0.01530951 0.84426904
0.01622397 -0.01635559 0.85177806
0.01469706 -0.02047059 0.86717455
0.02239313 -0.01409598 0.83125291
-0.00643065 -0.02065913 0.85426172
-0.01347859 -0.00860691 0.85466952
-0.05073020 -0.00917782 0.84886489
0.00028738 -0.01432807 0.85888830
-0.01755981 -0.01411077 0.83683895
-0.01966809 -0.01330039 0.84282483
-0.01577546 -0.01588326 0.83703794
0.00297945 -0.01369083 0.83243371
-0.03197073 -0.01759961 0.82804337
0.01149034 -0.01735512 0.81798472
-0.01360101 -0.01538587 0.80260306
-0.01405372 -0.02300950 0.78781762
-0.02833506 -0.01135152 0.77014262
0.00473976 -0.02026797 0.75297271
-0.00311067 -0.01735212 0.74086924
-0.01122965 -0.01640646 0.69991073
0.00701623 -0.01246675 0.69304355
-0.00058564 -0.01547345 0.68657978
-0.01378135 -0.01535038 0.66722361
0.00001444 -0.01462269 0.63340001
0.02443849 -0.01551694 0.63229095
0.00454194 -0.01796729 0.62137077
0.00104042 -0.00282970 0.58508889
-0.01711026 -0.01336094 0.59189413
0.00121714 -0.01410798 0.57149115
0.05261224 -0.01583082 0.56725206
0.02518678 -0.01269464 0.56669790
0.00699541 0.00455904 0.55276860
0.00298949 -0.00894381 0.54947865
0.04433357 -0.00542051 0.52844651
0.02343484 -0.03119684 0.51436082
0.01307004 0.00411038 0.51817633
0.04952216 -0.01073062 0.49358878
0.05590762 0.00288603 0.50667004
0.04707732 0.00055317 0.47982257
0.07289581 -0.00162611 0.49742526
0.03416358 -0.00264734 0.46830055
0.03854073 -0.00348749 0.49640117
0.06471409 -0.00918471 0.45668831
0.05621599 -0.01646950 0.49070683
0.04761865 -0.01961690 0.44997529
0.04249767 -0.01873606 0.44647253
0.03328543 0.01647388 0.47948097
0.05289812 -0.00509396 0.44350039
0.05959025 -0.00402404 0.47843602
0.05397429 -0.00885352 0.45137933
0.08111871 -0.00318452 0.48493717
0.06703508 -0.01935952 0.46005332
0.03115524 -0.01542612 0.49606391
0.04698260 -0.00891709 0.47913245
0.06276998 -0.00694522 0.49092936
0.08713883 0.01745569 0.51466693
0.06227743 -0.01130298 0.51657118
0.02881368 -0.01253941 0.54800880
0.06070144 -0.00950797 0.53314726
0.03544859 -0.01383447 0.56807434
0.03804462 -0.00392920 0.55089371
-0.01780646 -0.00592477 0.58109671
0.01161617 -0.01528147 0.59742143
0.03210578 -0.00195520 0.62026297
0.01066201 -0.00815341 0.61959175
0.01509516 -0.01566919 0.64453757
-0.00740828 -0.00270528 0.65712927
0.02840275 -0.00183623 0.66823669
0.01836992 -0.01295562 0.68431865
0.03117119 -0.00926166 0.69562320
0.00504523 -0.00052195 0.71184527
0.01827338 -0.00876440 0.72552918
-0.01767588 -0.00612304 0.73969532
-0.03821205 -0.01175512 0.75320135
-0.00917343 -0.00598561 0.76406674
-0.02116572 -0.01118229 0.78017730
0.02713107 -0.00029872 0.79046796
-0.00350380 -0.00550710 0.80381401
0.01809971 -0.01023210 0.81658482
0.00435331 -0.00888831 0.82914660
0.00608563 -0.00107739 0.84104199
0.00104435 -0.00864431 0.85336052
0.03055671 -0.00730091 0.86697342
-0.00416661 -0.00995452 0.87569534
0.01971444 0.00671681 0.89081150
0.03100254 -0.01333108 0.89963953
0.00242044 -0.00024468 0.90938669
-0.00392109 -0.01639232 0.91825388
0.00073143 -0.01782669 0.92535900
-0.01612873 -0.01612262 0.93368177
-0.05065634 -0.02582912 0.93813153
-0.02439385 -0.02905600 0.94441003
0.03080472 -0.00786721 0.94808817
-0.00959514 0.00155152 0.95090595
0.00302308 -0.01279028 0.95439187
-0.00619674 -0.01263887 0.95267155
-0.00478269 -0.01436488 0.95174501
0.00624336 -0.02349507 0.95153178
-0.04898902 -0.02347605 0.94545321
-0.00154646 -0.01399191 0.95460844
-0.02158672 -0.01726568 0.95155270
-0.00903609 -0.01438955 0.95205924
0.01980315 -0.01751738 0.94646110
0.01607309 -0.01954466 0.94188712
-0.00804498 -0.01327365 0.94032732
-0.00618112 -0.02014658 0.93937755
-0.00626393 -0.02509524 0.93858086
0.00091847 -0.01898307 0.93470833
-0.00596622 -0.02142203 0.93356951
0.00136713 -0.00512309 0.93148778
-0.00689452 -0.01465767 0.92885970
0.03301527 -0.00933526 0.92813094
0.00398136 -0.01076310 0.92486432
-0.00142463 -0.01481632 0.92857132
-0.01998962 -0.02134534 0.92778044
0.00047782 -0.00869801 0.92858741
0.02912862 0.00030104 0.93137415
-0.00221628 -0.01199633 0.92862589
0.00106921 -0.00516022 0.93106877
-0.00792474 -0.01692738 0.93002979
-0.03716162 -0.02757889 0.93307310
-0.00213127 -0.01617915 0.93726455
0.00550110 -0.01956328 0.93877338
0.00964160 -0.02059053 0.94379017
-0.02165493 -0.03030640 0.94347745
0.00048525 -0.00297480 0.94819162
-0.01425077 -0.00522989 0.95402267
-0.02221250 -0.01550657 0.95516704
-0.01912446 -0.02168435 0.95509729
-0.00696012 -0.03082200 0.95671605
-0.00911411 -0.00860456 0.96682007
-0.03571766 -0.03110735 0.97067311
-0.03369700 -0.02043831 0.97788733
0.00907932 0.00727127 0.98237288
-0.01758440 -0.01686595 0.99048224
-0.02128355 -0.02241589 0.99474163
-0.02333363 -0.01993142 1.00002617
-0.01390405 -0.01110770 1.01739502
-0.01678467 -0.01468418 1.00829820
-0.02096648 -0.01124585 1.02274468
-0.00826414 -0.01823405 1.01937239
-0.00325473 -0.01240807 1.02453213
-0.01723197 -0.01093962 1.03536938
-0.00499408 -0.01426850 1.04299529
0.01187997 -0.01285333 1.04938855
-0.00410773 -0.02407407 1.05653847
-0.08324983 -0.03965820 1.05273027
0.02676022 -0.01387076 1.06705554
-0.01222025 -0.01893823 1.06456283
-0.00012285 -0.01962386 1.06758032
-0.02124591 -0.02091607 1.06875543
-0.00334735 -0.01688766 1.06806654
-0.00281549 -0.01240570 1.06829310
-0.00707077 -0.01918626 1.07123550
-0.01348449 -0.01942397 1.06834256
-0.01828123 -0.01652231 1.06927386
-0.02089059 -0.02138141 1.06990191
0.00003450 -0.02064370 1.06861678
-0.00890030 -0.02532130 1.06723803
-0.01470544 -0.01614630 1.06962087
0.00044948 -0.01416844 1.06754000
-0.00476397 -0.02972042 1.06977500
-0.03098936 -0.01072566 1.06587867
0.00094932 -0.01420112 1.06751467
-0.00967237 -0.01958664 1.06919252
0.00391584 -0.01033056 1.06660701
-0.00519242 -0.01959260 1.06972211
-0.00632089 -0.01115026 1.06792625
-0.00578809 -0.01718973 1.06513549
-0.00843887 -0.01793476 1.06831105
-0.00356866 -0.03232378 1.06514678
-0.00963106 -0.01828948 1.06505587
-0.00341648 -0.01575385 1.06483244
-0.00391634 -0.01793462 1.06754448
-0.00026274 -0.01631140 1.07498816
0.04363223 0.00750314 1.07693159
0.00696563 -0.02785810 1.07541522
0.00588816 -0.03164978 1.07964595
-0.01427863 -0.02586082 1.07992608
-0.04082597 -0.03115034 1.07877076
-0.01606748 -0.02897646 1.08402764
-0.02290513 -0.02567317 1.08223702
-0.01198367 -0.01214557 1.08156415
-0.01579018 -0.00992975 1.08651793
0.05157853 0.00361233 1.08767592
-0.00791455 -0.02655056 1.09718145
-0.00229435 -0.02635304 1.09719085
0.00121834 -0.01616464 1.09882534
-0.02025191 -0.03187150 1.09857634
0.01079979 -0.02086306 1.11288524
-0.02499897 -0.01771330 1.11206371
-0.01272374 -0.02220530 1.11202430
-0.02807338 -0.02242015 1.10664964
-0.01440041 -0.02761977 1.11436193
0.00010230 -0.00047661 1.12438445
0.01852790 -0.00637122 1.13788801
-0.01186914 -0.01604739 1.13419844
-0.00119142 -0.01257580 1.13762795
-0.02670531 -0.01121615 1.14282120
-0.02386160 -0.02434469 1.14534038
-0.01721313 -0.02560687 1.15004199
-0.00564138 -0.01879221 1.15291297
-0.03120479 -0.02582675 1.15877476
-0.01111930 -0.01850623 1.15943072
-0.00144586 -0.02358960 1.16654978
-0.00674418 -0.00311680 1.17154216
-0.02931340 -0.01855166 1.17225678
0.01275293 -0.00485021 1.16995229
-0.04356068 -0.02470204 1.16403094
-0.00858150 -0.02253075 1.16619593
-0.01135924 -0.01565532 1.16305107
0.01051658 -0.02421390 1.16015124
0.04408126 -0.00820565 1.15913172
0.00059694 -0.03427980 1.15635879
-0.01200302 -0.02154260 1.15488901
-0.02190504 -0.02258885 1.14956432
0.02826596 -0.02501853 1.15075376
0.02260273 -0.01215956 1.14525684
-0.01073101 -0.02588947 1.13590584
-0.00887388 -0.02069408 1.13790981
-0.01392993 -0.01521258 1.13456112
0.00365630 -0.01860539 1.13480188
-0.03163503 -0.03545883 1.12672208
0.01108598 -0.02558792 1.12392651
0.00744178 -0.01846981 1.10823167
0.01578816 -0.00073752 1.10766671
-0.01588489 -0.02625914 1.09791200
0.02843506 -0.00733233 1.08071316
-0.01881733 -0.02326615 1.07190487
-0.00484819 -0.03414441 1.05780151
0.00875670 -0.03724789 1.04190221
-0.00722399 -0.02185616 1.03248095
-0.02510719 -0.02116108 1.00260958
-0.00466547 -0.01489618 0.99646614
-0.01671464 -0.03547544 0.97735196
-0.00443725 -0.01843281 0.96220796
0.01743139 -0.02437561 0.94974092
-0.00274410 -0.01754004 0.92824795
0.01810085 -0.01590100 0.91441982
-0.01625340 -0.03218054 0.89764277
0.01821380 -0.00218297 0.87892350
0.01477561 -0.01963130 0.86399839
-0.00300408 -0.00609405 0.84439667
0.00972658 -0.01758453 0.83606903
-0.01538770 -0.02153990 0.81873082
-0.00075156 -0.01971372 0.80939865
0.01124996 -0.01511236 0.77324287
-0.00296159 -0.01809340 0.71176027
-0.00876141 -0.01330419 0.71257515
0.00994742 -0.01886392 0.71254310
-0.02854832 -0.00548922 0.71218014
0.01944480 -0.04087788 0.71019000
0.02244270 0.00168567 0.71126033
0.01403216 -0.02130407 0.71170357
-0.00816092 -0.02632353 0.71096905
0.00168318 -0.01707797 0.71082149
-0.00240987 -0.00827368 0.71026414
0.01859343 -0.00447732 0.71080136
0.01639474 -0.01703088 0.70976999
-0.04344796 -0.03277988 0.70807029
0.03266353 -0.01928650 0.70892739
0.00449546 -0.01719738 0.73571597
-0.03278879 0.00289442 0.61173389
0.01079974 -0.01972190 0.59398118
-0.00776887 -0.01874791 0.57636892
0.02589670 -0.01760282 0.55541057
-0.04086629 -0.01918946 0.53108459
0.00831508 -0.01905080 0.51430291
0.00818397 -0.01518641 0.48803357
-0.02154403 -0.03286706 0.46264578
-0.03601362 -0.01528551 0.43466289
-0.00201090 -0.01402337 0.41075437
-0.00637765 0.00413483 0.38576018
0.00158862 0.00373468 0.35880723
-0.06354599 0.02274526 0.32608517
-0.00822192 -0.00314498 0.30947874
-0.00272797 -0.00162679 0.28869109
0.00932377 0.01393227 0.26637023
0.04628217 -0.00948976 0.24177242
-0.00001328 0.01100748 0.23192258
-0.01485446 0.01026560 0.22053441
-0.01416465 -0.01380410 0.21380487
-0.04314721 0.02252436 0.20235980
-0.00911427 -0.00066950 0.20253130
0.00379579 -0.00269690 0.19823422
-0.02019718 -0.00324637 0.19611387
-0.00732648 -0.00367026 0.19828305
-0.00328306 -0.00322368 0.19910582
-0.01480126 0.00832125 0.19833073
0.00541158 -0.00505705 0.19739867
0.04183571 -0.01084280 0.19262872
0.06486594 -0.01870915 0.18670680
0.02201950 -0.00921835 0.19647266
0.00995914 0.00299457 0.19731974
0.05547838 -0.01431855 0.19256331
0.02906685 -0.01893599 0.20963517
0.03368843 0.00447368 0.22647297
-0.01071297 -0.00666914 0.25038634
-0.00563614 -0.00217834 0.27086401
0.05180401 -0.01403323 0.28446977
-0.00391424 0.00085444 0.30466273
0.03897718 -0.00403452 0.32167891
-0.00524739 0.00904431 0.34220549
-0.01344570 0.00646132 0.36833812
0.00233160 -0.00133908 0.39072548
0.00500856 -0.01852792 0.41403565
-0.02851448 -0.00241566 0.43994225
0.01295589 -0.00722944 0.46337193
-0.00237802 0.00088395 0.48833533
-0.00703040 -0.00240992 0.50629016
-0.00635203 -0.01285585 0.52646316
0.01504035 -0.00251178 0.54328524
0.00516864 -0.02709875 0.55699887
0.01344675 -0.00040407 0.57656781
0.00146010 -0.00425255 0.59742533
-0.01992242 -0.00798621 0.61920633
-0.01319093 -0.00429943 0.64041408
-0.00094607 -0.00537344 0.66238669
-0.02052910 -0.01773250 0.67935798
-0.02076882 -0.01377455 0.69073167
-0.01349170 -0.01006634 0.70618646
-0.02780487 0.00409697 0.71878092
0.00320749 0.00485937 0.74394003
0.00720158 0.01320680 0.76879567
-0.00411913 -0.01453302 0.79156253
0.01217746 -0.00275322 0.80653226
-0.01113414 -0.00506204 0.81315058
0.01595740 0.00458326 0.83279527
-0.00069769 -0.01826794 0.84154196
0.02478336 -0.00142388 0.86629384
-0.01058090 -0.02146711 0.88087888
-0.02596790 -0.00971445 0.89001046
0.00516248 -0.00113490 0.90130874
-0.00203121 -0.01106960 0.91365181
-0.01950491 -0.01245426 0.92417315
-0.00179812 -0.00448855 0.93376377
0.01963305 -0.01710093 0.94509423
0.00785905 -0.00950810 0.95858549
0.00436439 -0.00990515 0.96988493
-0.01901795 -0.01365874 0.98303674
0.00465959 -0.00826216 0.98892094
-0.04321473 -0.01300947 0.99526219
-0.03656917 -0.02825909 1.00178936
-0.05831233 -0.01360453 1.00392072
-0.00068082 -0.00914589 1.01612224
0.00135039 -0.01419349 1.02202693
-0.00117329 -0.00713915 1.02775893
0.01156764 -0.01645921 1.03078596
-0.01000540 -0.00855636 1.03914817
0.02393797 -0.00731475 1.04037891
-0.00057848 -0.02540168 1.05147834
-0.01033420 -0.01411250 1.05404354
-0.00063325 -0.01977267 1.05325702
0.02086307 -0.01013277 1.06137278
-0.02008417 -0.02173183 1.06103117
0.01941192 0.00533997 1.06299019
-0.00657509 -0.01727394 1.06396326
-0.01864545 -0.01986504 1.06169465
-0.01415703 -0.01793715 1.06532371
-0.01928583 -0.02189016 1.05862593
-0.03255079 -0.02047224 1.06013892
0.00105119 -0.00561496 1.06492946
0.00114987 -0.01456893 1.06989594
-0.00323890 -0.01595357 1.06982965
-0.01076057 -0.02126969 1.06282783
-0.00430753 -0.02109681 1.05620937
0.00466552 -0.02086764 1.05558019
-0.00259630 -0.01540302 1.05859379
0.00984293 -0.01814261 1.06692503
0.03825293 -0.00874432 1.06884490
-0.00676859 -0.01540404 1.06995483
0.00574240 -0.01190312 1.06758420
-0.00470418 -0.01508853 1.06703340
-0.00392539 -0.02093677 1.06547460
-0.00846979 -0.01465881 1.06668632
0.00687760 -0.02645637 1.07204777
-0.00710104 -0.00595754 1.07241976
0.00883162 -0.03024019 1.07567236
-0.00597128 -0.01998143 1.06817257
-0.01369140 -0.01925651 1.06870341
-0.03546568 -0.01539598 1.07016888
-0.00200681 -0.00857376 1.07643012
-0.01209000 -0.01138772 1.08116372
-0.03616208 -0.02296034 1.08083367
0.00515498 -0.01547723 1.07685328
-0.01403828 -0.02154109 1.07498260
-0.01323138 -0.01682942 1.07873162
-0.01880950 -0.01757724 1.07949819
-0.01280267 -0.00706530 1.08029641
0.01825212 -0.01398483 1.08062471
-0.00913152 -0.02196053 1.08183197
-0.01026123 -0.02057073 1.08266866
-0.01992667 -0.01724358 1.08065794
-0.01222951 -0.00434987 1.07964824
0.01671059 -0.01749185 1.08391380
0.00249219 -0.02005415 1.08774817
-0.05029895 -0.02935028 1.09204979
-0.00749716 -0.03839219 1.09272433
-0.00346528 -0.00637263 1.09151749
-0.01485448 -0.02079450 1.09056150
-0.02985617 -0.01374413 1.09121995
-0.00432826 -0.02153288 1.08918351
0.02396963 -0.02850571 1.08529088
-0.01498494 -0.02442843 1.09818740
0.00387306 -0.01149651 1.09756804
0.00567090 0.00678156 1.09558587
-0.00292597 -0.02462874 1.09720046
-0.00402667 0.00247444 1.09880714
-0.00593712 -0.02431345 1.09791575
0.00377671 -0.02580856 1.10002406
-0.00465061 -0.02105896 1.09935074
-0.02167548 -0.01633133 1.10363874
-0.01538369 -0.02210861 1.10207844
0.01860740 -0.02221894 1.10134175
-0.01616401 -0.02681468 1.10420944
0.01401560 -0.00829904 1.10675536
0.05575599 -0.01628574 1.10920771
-0.00252022 -0.02237660 1.10697353
0.02217061 0.00326364 1.10714468
0.02206785 0.00833901 1.10997612
-0.02192653 -0.01952033 1.11397812
0.00584214 -0.00488064 1.11267765
-0.03835140 -0.01869844 1.11266204
0.01557221 -0.00772787 1.11963980
-0.01027201 -0.02080704 1.11687330
-0.00466607 -0.01238118 1.12139078
-0.01599045 -0.02395701 1.11553551
0.01778307 -0.03020867 1.11986930
-0.01784840 -0.01340117 1.12078264
-0.02391340 0.00054995 1.12448127
-0.02096376 -0.00628006 1.12999550
0.00160573 -0.01222158 1.13017242
-0.02742946 -0.01928193 1.13028868
-0.00202945 -0.02366896 1.13152502
0.00370147 -0.02389139 1.13331378
-0.00827817 -0.01456193 1.13170666
-0.02932406 -0.02642431 1.13574236
-0.00800450 -0.01225945 1.13412363
0.02560308 0.00066138 1.13739059
0.00578929 -0.01079764 1.13974699
-0.02112948 -0.02853961 1.13700592
-0.00057462 -0.02034839 1.14175533
-0.01278486 -0.01923617 1.14207327
0.00416282 -0.00965919 1.13961486
-0.00706297 -0.01856481 1.13850436
-0.00079100 -0.01613214 1.14213417
-0.00074335 0.00087836 1.14362122
-0.00986420 -0.02157271 1.14609577
0.02044582 -0.01440757 1.13567783
-0.02947230 -0.03587319 1.13969341
0.00580716 -0.01947088 1.13824881
-0.00796235 -0.01701935 1.14154765
-0.01296724 -0.01770115 1.13357063
0.00681346 -0.01937068 1.13247502
-0.00419087 -0.01151329 1.13744673
0.00220634 0.00890250 1.14368978
-0.00395652 -0.02389016 1.13027551
-0.00070868 -0.03038636 1.12510172
0.00159585 -0.01686656 1.11346309
-0.01995590 -0.01599143 1.11376028
-0.00389725 -0.01122690 1.12080006
0.00379860 -0.01737700 1.12317092
-0.00238018 -0.01450610 1.11897823
0.01491131 -0.00453130 1.10857165
-0.00475813 -0.03411031 1.10198741
0.00874361 -0.02659662 1.08568201
0.00776729 -0.01664360 1.08033384
0.00068967 -0.00824971 1.08652689
-0.02457437 -0.01377998 1.09553243
0.00577537 -0.01115639 1.09092581
-0.01100268 -0.02702567 1.07147865
0.01215666 -0.02404534 1.05425938
0.00895486 -0.03101063 1.04914991
0.01125498 -0.01862378 1.01874991
-0.00210905 -0.01292599 1.03198369
-0.00557746 -0.01301383 1.03551755
-0.02173660 -0.02318398 1.03243999
0.00646935 -0.01569545 1.02098322
0.00784289 -0.02134638 1.01183924
-0.00299513 -0.00648438 0.99981783
-0.00095115 -0.02181441 0.99523062
-0.03465416 -0.05086069 0.98697490
-0.00861937 -0.01366344 0.97473178
-0.01656110 -0.02821071 0.97968588
-0.01180758 -0.02211401 0.97591357
0.03560753 -0.01229171 0.96906163
-0.00536373 0.01778784 0.95402830
-0.03598403 -0.00759020 0.94792161
0.02345617 -0.01792450 0.94918873
-0.02030772 -0.02296136 0.94299655
-0.01102413 -0.01876842 0.93909087
-0.00788762 -0.01345196 0.92573860
-0.01632986 -0.02472803 0.92203777
-0.01322390 -0.01086163 0.91856684
-0.00976485 -0.01536722 0.91667209
-0.02362418 -0.01208460 0.91181191
-0.00275243 -0.01463968 0.90713593
-0.00038398 -0.01256497 0.90480096
-0.00712217 -0.02165631 0.89611193
-0.03434597 -0.01724286 0.88671975
0.00969745 -0.01117907 0.88730698
-0.01260903 -0.00954932 0.88788002
-0.00846018 -0.00829004 0.88938608
0.00144234 -0.01508285 0.88013122
-0.01268054 -0.01348969 0.87046824
-0.00447371 -0.01238723 0.86240159
-0.03295860 -0.00666763 0.85736966
-0.01141931 -0.01532449 0.85666668
-0.00818504 -0.01202163 0.85765240
-0.00762970 -0.02509250 0.85052662
0.02314251 0.00086148 0.84549333
-0.02962539 -0.00610787 0.83417466
-0.03914242 -0.02438590 0.83170795
-0.02037601 -0.01378493 0.82275127
-0.00873961 -0.00831038 0.81016090
0.03734523 -0.00094495 0.79117937
0.03467950 -0.00531375 0.78487449
-0.00679718 -0.01688405 0.77210564
0.00305298 -0.02331132 0.76246212
0.00531230 -0.01692965 0.75024829
0.00938082 -0.01168845 0.73824003
0.01464947 -0.01542165 0.73218332
0.00037486 -0.02043221 0.71565856
-0.01256825 -0.00918054 0.70578419
0.01151057 -0.01191536 0.69450936
0.02057846 -0.02433708 0.68490521
0.01168454 -0.02290689 0.67366205
0.02084436 -0.01966823 0.66499519
0.01319067 -0.00880886 0.65353228
0.01695325 -0.00720535 0.64129369
0.04101609 -0.01006251 0.62705087
-0.02382666 -0.00252021 0.61489941
0.03126137 -0.00727495 0.59952304
0.00710920 -0.01296652 0.58992956
0.04956359 -0.00122835 0.58021633
0.04514992 0.01820934 0.56754322
-0.00135386 -0.01736010 0.56419337
0.00510616 -0.01637428 0.54911227
0.00632200 -0.01766852 0.53842258
-0.00329672 -0.00690117 0.52382446
0.08136137 0.01172792 0.51018218
0.02457877 -0.00580321 0.50501878
0.00948331 0.00258948 0.49611434
-0.00848789 -0.00259374 0.48571511
0.01275031 -0.01037559 0.47247434
-0.02298331 -0.00808540 0.46340986
-0.01158689 -0.01441729 0.45059595
-0.05537241 0.02016576 0.43079084
-0.01544312 -0.00975756 0.42071486
-0.04233297 0.00790487 0.40557867
-0.04608207 0.01345195 0.39047841
-0.04316815 0.00613511 0.38437887
0.01302855 0.01055200 0.36710665
-0.02992470 -0.00046874 0.36248911
-0.03643252 0.00194956 0.35135309
-0.04497765 0.00379757 0.33307027
-0.05928170 0.00708810 0.33579027
-0.03843571 0.01548310 0.31643170
-0.06840940 -0.01839948 0.31832966
-0.04040254 -0.01671002 0.31920620
-0.06370798 0.00547028 0.30446602
-0.04068172 0.00393029 0.31458592
-0.05328758 0.00192744 0.30211664
-0.04276024 0.01819826 0.30765172
-0.05281678 0.00011450 0.29983151
-0.07119830 -0.00661066 0.28726630
-0.04307280 -0.02782880 0.29695985
-0.04326032 0.00521019 0.29263163
-0.06611713 0.00035177 0.28764870
-0.02961792 0.00016228 0.28313152
-0.08407611 0.00459118 0.27287803
-0.05993353 0.01114450 0.28446534
-0.00355826 0.01243188 0.29405178
-0.07907592 -0.01321293 0.28510531
-0.07844426 -0.00147878 0.28544836
0.01125773 0.02017997 0.28946948
0.00834871 0.01478054 0.29536255
0.02027404 0.00616805 0.29566627
-0.05628824 -0.00639026 0.28974511
0.04623984 0.01583411 0.29691623
0.06058290 0.02278019 0.29356363
-0.01664613 0.00523413 0.30681947
-0.00050339 0.00403204 0.31364688
-0.01849374 0.00141569 0.32336348
-0.04598804 0.01040316 0.32431340
-0.00820319 0.01535702 0.33133131
-0.04048726 -0.00725658 0.33316373
-0.02009428 0.02485089 0.34830335
-0.02929956 -0.00341203 0.34356410
-0.02587146 -0.00078109 0.35973704
-0.02877851 0.00101148 0.36816495
0.00296879 0.02071390 0.37556680
-0.04367704 0.00886223 0.38424972
-0.02522981 0.00840993 0.40644632
-0.05130166 0.01086728 0.41773780
-0.03635260 -0.00059900 0.43835203
-0.02344861 -0.00037353 0.46276224
-0.03876125 -0.00840950 0.47420571
-0.03015489 0.00719457 0.49078027
-0.03097172 -0.00562149 0.51269026
-0.02225464 -0.00046428 0.53528683
-0.00349316 -0.01441774 0.55805944
0.00719245 0.00224806 0.57919948
0.03791396 0.00294554 0.60459706
-0.01205842 -0.00044330 0.62564353
0.01104675 0.00649169 0.65266403
-0.00971062 0.00906337 0.68378430
-0.06001645 -0.01013965 0.70893986
-0.00778145 -0.00875350 0.74209255
0.00523524 -0.00179014 0.76387743
-0.02278885 -0.00689475 0.78560788
0.01159017 -0.00555568 0.80764263
-0.02216431 -0.00674728 0.83668247
-0.02927164 -0.01641687 0.86118308
-0.02165194 0.00197789 0.88284586
-0.02709061 -0.01507559 0.90532701
0.01057918 -0.01965940 0.92585971
-0.00703504 -0.01083714 0.94940545
0.01450602 -0.00449008 0.97409118
-0.01188436 -0.01316239 0.99767843
-0.01200180 -0.00403484 1.02167668
0.01064742 0.00535218 1.04457041
0.00768430 -0.02121173 1.06710616
0.04424428 -0.00092539 1.08815066
0.00416611 -0.00297294 1.11195938
-0.03090833 -0.01077700 1.14073698
0.00916865 -0.01100274 1.16071138
-0.00084386 -0.00476916 1.18159666
-0.00315043 -0.00859956 1.18744220
0.00288471 -0.02553733 1.18829001
-0.02937225 -0.02894288 1.18080832
-0.03614643 -0.02574751 1.17478413
-0.01808231 -0.02034558 1.17341736
-0.02581059 -0.00766909 1.17749445
-0.00906566 -0.02535271 1.17678642
-0.00562110 -0.01653773 1.17519700
0.00575920 -0.00243404 1.18218859
-0.00748614 -0.02757309 1.17781042
-0.00431702 -0.02530147 1.17934633
-0.01281017 -0.02233743 1.17921636
0.00567877 -0.02237474 1.17827630
-0.00704172 -0.02590932 1.17659498
-0.01302003 -0.03453388 1.17428109
-0.01312776 -0.01406236 1.16972346
-0.00916525 -0.01964053 1.17156766
-0.01085982 -0.03551723 1.16338837
-0.01678341 -0.02159534 1.16480806
-0.01252240 -0.02615456 1.15952278
-0.02084599 -0.02530144 1.15969634
-0.03610653 -0.02235653 1.15716187
-0.04096999 -0.03085463 1.15435400
0.00305963 -0.03034897 1.15233887
-0.00018909 -0.00604694 1.14920201
-0.00815243 -0.02126712 1.14640671
-0.01342956 -0.02221799 1.14552821
0.01598732 -0.02187654 1.13873431
0.00484162 -0.01094220 1.13655890
-0.03194358 -0.03339750 1.13235308
-0.02515256 -0.02070622 1.13305831
-0.01100822 -0.03353076 1.13090855
0.02497544 -0.02396080 1.13244521
-0.03461615 -0.01883749 1.12456208
-0.00061942 -0.02523077 1.11666250
0.00662674 0.00372648 1.11464550
-0.01869179 -0.02141587 1.10997554
-0.01391254 -0.01362736 1.11393691
0.01326208 -0.03120685 1.10871995
-0.01474457 -0.02349555 1.10162784
-0.00198179 -0.02011813 1.09809553
-0.03201541 -0.02062905 1.09817023
-0.01102447 -0.00514806 1.09927285
0.01884171 -0.02296208 1.09943699
0.01137991 -0.02340876 1.09925259
0.00171735 -0.02149317 1.09470502
-0.01864988 -0.02638402 1.08581789
-0.01567832 -0.03301924 1.08520581
-0.02965469 -0.01738727 1.08685077
-0.02009135 -0.00656439 1.09288772
-0.03514159 -0.01493319 1.09603473
0.00767844 -0.02298254 1.09619849
-0.03266724 -0.01131697 1.09923868
-0.02306861 -0.02717150 1.09195850
-0.03435366 -0.00445260 1.08916170
-0.00723769 -0.01106018 1.08727771
-0.02707859 -0.03380466 1.08601426
-0.00236641 -0.02502647 1.08326961
-0.01938521 -0.02424694 1.08033902
-0.01603201 -0.01457693 1.07990383
0.03217704 -0.03080650 1.07573267
-0.02312357 -0.00186479 1.07821314
-0.04032528 -0.02138249 1.07173227
-0.00263449 -0.02137697 1.06975693
-0.01356270 -0.01970393 1.06706398
-0.02102507 -0.01028728 1.06268177
-0.01801463 -0.00909452 1.06482892
-0.00329611 -0.02553031 1.06129976
-0.03133220 -0.03081945 1.05538413
-0.00810446 -0.03103195 1.05744763
-0.02175544 -0.01960786 1.05193111
-0.01496952 -0.02798678 1.05222860
0.01809667 -0.00024114 1.04479306
-0.00919637 -0.02195625 1.04695636
-0.02384447 -0.02104801 1.04078507
-0.04302820 -0.00028303 1.03804731
-0.00140267 -0.00858454 1.03899001
-0.00781160 -0.01625112 1.03676583
0.01586749 -0.02479462 1.03158182
-0.02461467 -0.03263797 1.02482462
-0.00619442 -0.02132873 1.03154333
-0.01240659 -0.02099240 1.02561458
-0.00391480 -0.01407048 1.02262832
-0.02283215 -0.01645925 1.01869247
-0.01894405 -0.00913675 1.01571240
-0.03496262 -0.00728009 1.01660287
0.00464998 -0.03010625 1.01297446
-0.00478797 -0.02574157 1.00799931
0.01050586 -0.00536731 1.00561923
-0.00964311 -0.02599572 1.00058128
-0.00859829 -0.00343458 1.00272980
-0.02496017 -0.02111601 0.99782796
-0.01845686 -0.02235919 0.99528398
-0.01060460 -0.02201702 0.98958620
-0.02237272 -0.03912045 0.98484079
-0.01354139 -0.02007028 0.98539010
-0.00883676 -0.02620802 0.98136422
-0.02474793 -0.01404244 0.97946344
-0.01968864 -0.02365855 0.97619537
-0.05145006 -0.03771493 0.97121923
-0.01988294 -0.02037955 0.97113322
0.00279025 -0.02178150 0.96398340
-0.02997997 -0.01108424 0.96455493
0.00264038 -0.02316052 0.96369390
-0.02016333 -0.01856891 0.96180428
-0.03160005 -0.02400595 0.96094954
-0.02020457 -0.01147627 0.95496708
-0.02824788 -0.02317084 0.95635830
-0.02173758 -0.01383631 0.95590945
-0.03352205 -0.01755597 0.96062089
-0.04142566 -0.01656842 0.96060694
-0.06020150 -0.00702180 0.95972248
-0.04823280 -0.02343262 0.96395256
-0.02257020 -0.01603253 0.96509132
-0.03458181 -0.01732630 0.97006542
-0.03865002 -0.01436069 0.97138473
-0.02495569 -0.01309531 0.97850589
-0.03620309 -0.01031363 0.98549628
-0.03707061 -0.02032736 0.98564622
-0.03074410 -0.01900156 0.99771521
-0.03105317 -0.00399905 0.99696634
-0.03762961 -0.01212836 0.99972195
-0.06078329 -0.01017837 1.01192035
-0.04853623 -0.02471892 1.01400406
-0.03199848 -0.01691581 1.01944479
-0.02513998 -0.01970130 1.02372861
-0.04197182 -0.01916738 1.02880018
-0.03115702 -0.01303450 1.03594903
-0.03329834 -0.01449776 1.04925548
-0.01855784 -0.02282548 1.05545569
-0.01981047 -0.00404820 1.06494134
-0.04980179 -0.00670637 1.06688546
0.01191221 -0.01994701 1.07233080
-0.05899630 -0.02109244 1.08029486
-0.01075750 -0.02186101 1.08665302
-0.02234088 -0.00947542 1.09197288
-0.05470924 -0.00238303 1.10017301
0.00545870 -0.03274324 1.10396149
-0.02317752 -0.01952850 1.11264755
-0.03898298 -0.03025779 1.11672285
0.00819498 -0.02417337 1.13654188
-0.01610985 -0.01350910 1.10145361
-0.02268086 -0.01826452 1.11340654
-0.00671500 -0.01913419 1.12232217
-0.00854693 -0.01790491 1.11622393
-0.01937896 -0.01634564 1.11484808
-0.01424541 -0.01864487 1.11389300
0.00191439 -0.01397643 1.10682182
-0.00056478 -0.02509897 1.10609137
0.01824053 -0.02670109 1.10359143
0.01120551 -0.02219055 1.10244906
-0.03070121 -0.02183478 1.09634801
-0.01224533 -0.01796738 1.09953393
0.02326821 -0.02718046 1.08946021
0.01133729 -0.00593383 1.08788504
0.00075137 -0.01912955 1.08701773
0.01750882 -0.02417471 1.08077725
-0.01358054 -0.02493646 1.07897516
-0.00521452 -0.02304658 1.07359520
0.00495336 -0.02131862 1.06774187
0.00104614 -0.01125140 1.06490260
-0.01622621 -0.02541128 1.05813735
0.00216855 -0.01126233 1.05539310
0.00409654 -0.02635737 1.04932734
-0.00186664 -0.02558289 1.04848437
-0.01130260 -0.01891114 1.04331924
-0.00374477 -0.01966414 1.03304288
-0.00309531 -0.02585656 1.03245855
0.01252234 -0.00883745 1.02236906
0.00534741 -0.02165465 1.01100455
-0.00951463 -0.01788715 0.99251796
-0.01301576 -0.02316604 0.96893504
-0.01743674 -0.01793140 0.94544692
-0.01432382 -0.01477788 0.92014159
-0.01797684 -0.01280276 0.89029049
-0.00954905 -0.01958477 0.86443051
-0.01369951 -0.02308742 0.83865512
-0.01317239 -0.01337808 0.81530648
-0.01373731 -0.01707698 0.78605387
-0.01940334 -0.00843508 0.75545428
-0.01754633 -0.02157299 0.72918825
-0.01562089 -0.01405060 0.70028243
-0.00859479 -0.01668981 0.67681285
-0.01562291 -0.01468346 0.66982747
-0.00766762 -0.01433815 0.61186271
-0.01888948 -0.01891181 0.60992454
-0.02142033 -0.01314233 0.59174996
-0.00648359 -0.00846690 0.57347614
-0.00933148 -0.00907165 0.55813960
-0.02162201 -0.01126204 0.54739641
-0.02399463 -0.01919686 0.53229659
-0.02758520 -0.01259529 0.52275574
-0.01578453 -0.00800231 0.51153462
-0.00086773 -0.00098367 0.49533821
-0.04699893 0.01059550 0.48167957
-0.02053868 -0.00397452 0.46065039
-0.04825199 -0.03665352 0.44415787
-0.03092046 -0.00429520 0.43225267
-0.03638578 -0.00716076 0.40708300
-0.00929931 -0.01731434 0.38998127
-0.04227927 -0.00509797 0.35817585
-0.03481321 -0.00569702 0.33717807
-0.05018238 -0.00321136 0.31138005
-0.00853347 -0.01118606 0.29559343
-0.01528237 -0.01922169 0.29434316
-0.02099715 -0.00126810 0.28896169
-0.05208972 0.02784490 0.28272615
-0.00190275 0.00372555 0.29325541
-0.03962427 -0.00494694 0.27977540
-0.03515076 -0.00525806 0.28287649
-0.01906725 0.00128050 0.27477320
-0.05000190 -0.00102334 0.26774983
-0.03904608 -0.01342535 0.27757518
-0.02600042 -0.01066560 0.27786366
-0.04364064 -0.00418995 0.29220192
-0.01959837 -0.00924751 0.29756143
-0.02407040 -0.00426040 0.31590409
-0.02775507 -0.00781431 0.31897834
-0.02375786 -0.00437409 0.33054172
-0.05379201 -0.00754638 0.34609293
-0.03207777 -0.00464651 0.35252636
-0.04548465 -0.00984651 0.37508663
0.00067861 0.00078600 0.38289108
-0.03626148 -0.00078708 0.39826409
-0.06124539 0.00557002 0.42366441
-0.02599311 0.00089089 0.43977080
-0.04588306 -0.00375447 0.46730619
-0.03112819 0.00125695 0.48360790
-0.02075924 -0.00824087 0.51676358
0.03151536 0.01470073 0.52032104
-0.03353939 -0.01516363 0.55033240
-0.02370285 -0.00248755 0.57783651
-0.05306555 0.00994154 0.59601541
-0.04961429 -0.00230980 0.61944087
-0.04726084 -0.00627969 0.64326283
-0.05630012 -0.01448917 0.66667784
-0.04150754 -0.00012611 0.69640765
-0.03861559 -0.02437040 0.70934722
-0.05927616 -0.00490111 0.72945925
-0.01988915 -0.00084792 0.75108371
-0.02625467 0.00972680 0.76892781
-0.02115064 -0.00296162 0.78846992
-0.02838448 -0.01792054 0.81322010
-0.04140252 -0.00522996 0.83745105
0.00190574 0.00691676 0.85760916
-0.01921193 -0.01231597 0.87456679
-0.01416974 -0.01494057 0.89325827
-0.02120587 0.00319787 0.91027021
-0.02841497 -0.01080866 0.93080875
-0.03188873 -0.00772016 0.94813208
-0.00868585 -0.00340431 0.96362239
0.00810044 -0.00621272 0.97366118
0.03843463 0.00764230 1.02870336
0.00007948 -0.01586748 0.95717708
-0.00088471 -0.01309654 1.01565383
0.00212703 -0.00821769 1.04009340
-0.00969797 -0.01375392 1.04766140
-0.00133602 -0.00657030 1.06085013
-0.02510730 -0.02048732 1.08025670
0.01589825 -0.01045566 1.08918649
-0.00534026 -0.03933680 1.10317016
0.00871604 -0.01012482 1.11605913
-0.00663501 -0.01113647 1.13168576
-0.02725764 -0.02117005 1.15105459
-0.05130059 -0.03073238 1.15826543
0.00233293 -0.00476211 1.16387164
0.00697298 -0.01304999 1.17371629
-0.00037281 -0.01020616 1.18530569
0.00267552 -0.00638727 1.19227642
-0.00893449 -0.02248004 1.19847054
0.02915408 -0.01019166 1.20314073
0.00088880 -0.02023194 1.19848508
-0.00468253 -0.02561866 1.20372894
0.00407130 -0.02812310 1.20821525
0.00048178 -0.01864205 1.21053192
-0.00191824 -0.01504887 1.21351777
0.01551381 -0.02647723 1.20775359
-0.01294780 -0.02524918 1.20856570
0.04936544 -0.00233857 1.20813027
0.01260849 -0.01677181 1.20564342
0.00643421 -0.00892250 1.20278682
-0.00411982 -0.03292429 1.18711493
-0.02182372 -0.01503077 1.18802361
-0.01041924 -0.02425111 1.19433642
-0.00440003 -0.01576317 1.19481032
-0.02526829 -0.01185866 1.19123419
0.00920436 -0.04139389 1.18706192
0.00316226 -0.02895685 1.19419759
-0.01217403 -0.06146427 1.19270918
-0.04384738 0.00286080 1.18543843
-0.10661289 -0.01404450 1.18866064
0.01407756 -0.00734474 1.19532125
0.00603179 -0.01941219 1.20263522
0.02267655 -0.02450878 1.19953285
0.01048063 -0.00975078 1.19914977
-0.01294573 -0.02089171 1.19746958
-0.00887794 -0.02499014 1.19446492
0.00834532 -0.01161023 1.19311286
-0.01371038 -0.00793370 1.19519192
0.02513886 -0.01108082 1.19420320
-0.05777009 -0.03530047 1.19483533
-0.00099585 -0.02376698 1.18479265
-0.00548720 -0.04471405 1.17806492
-0.02074871 -0.02593927 1.17512321
-0.00243939 -0.02577614 1.17444083
-0.01130863 -0.02516899 1.17038902
-0.02596048 -0.01652643 1.17109007
0.00381039 -0.02994883 1.16173622
-0.02495507 -0.03100474 1.15585817
-0.01415210 -0.02405516 1.15441908
-0.03768404 -0.01267457 1.15336000
-0.00068619 -0.02366322 1.15445076
-0.04426541 -0.00908577 1.13668121
0.00400495 -0.02399564 1.13034594
-0.01144802 -0.02229989 1.12989775
-0.00488629 -0.01648151 1.13306666
0.02149299 -0.01253489 1.13745791
0.03279284 -0.01642703 1.13868504
-0.01331040 -0.02765479 1.12909639
0.01957884 -0.02805769 1.11312343
-0.00237415 -0.01174377 1.12675149
-0.00225831 -0.00761724 1.13187318
0.00326786 -0.02255683 1.13178198
-0.00346963 -0.03253231 1.12020927
-0.00721159 -0.03811313 1.11506123
-0.01636823 -0.01566288 1.12387386
0.01122009 -0.01909835 1.12487218
0.00394651 -0.02279430 1.12731538
0.00135274 -0.01727593 1.12598439
0.00396749 -0.02102172 1.12448547
-0.02608917 -0.02271596 1.13045402
-0.03023669 -0.02469376 1.12553391
-0.02686493 -0.02833281 1.12105515
-0.07535788 0.01846547 1.11222263
0.00612470 -0.02111532 1.11070991
0.05007923 -0.01328704 1.12770316
0.01732069 -0.00631559 1.12627191
0.01776318 -0.01390605 1.12721920
-0.06303759 -0.00453327 1.12334629
0.01543773 -0.02544458 1.12300924
-0.01288534 -0.01365419 1.12241516
0.00671315 -0.02015355 1.11958755
0.00959562 -0.02086894 1.12459884
0.00908388 -0.02349753 1.12387411
0.00443793 -0.02354279 1.12716107
-0.00347230 -0.01942140 1.12677512
-0.01387972 -0.01989173 1.12424183
0.00542118 -0.02704918 1.12347455
-0.02020933 -0.00938916 1.12153415
-0.00984089 -0.01378163 1.12045682
-0.03346894 -0.01261169 1.11855944
-0.03497107 -0.01564793 1.12091843
0.00151917 -0.01844798 1.15044913
-0.06755066 -0.03294233 1.07660505
-0.01463833 -0.02180663 1.10901246
-0.05938677 -0.01943317 1.10369964
0.00240828 -0.02251512 1.10556699
-0.04670955 -0.01601087 1.10377367
-0.03665458 0.00127136 1.09952205
0.01806394 -0.03467474 1.09661777
0.00142617 -0.00576061 1.09699810
-0.01001045 -0.02333756 1.09416011
0.01733810 -0.00248494 1.09660534
-0.02449422 -0.01508200 1.08859572
-0.00527024 0.00344613 1.09163772
0.01717715 -0.01484546 1.08458096
-0.00087719 -0.03498333 1.08118137
-0.00363328 -0.02046689 1.07883875
-0.00140310 -0.01222206 1.08005888
-0.01517594 -0.01501346 1.07961018
-0.02075820 -0.01673409 1.07548977
0.00050993 -0.01599401 1.06875528
0.00124868 -0.02334698 1.06379727
-0.01104622 -0.01640399 1.06628984
0.01640989 -0.01348015 1.06252393
-0.01061937 -0.01812171 1.04926957
-0.00034341 -0.02209728 1.05181154
-0.02789083 -0.02317971 1.05057574
-0.02496983 -0.01366941 1.05255528
-0.00625294 -0.01912436 1.04796070
0.03721376 -0.02013186 1.03955581
-0.00015549 -0.01539899 1.03370900
-0.00228973 -0.03013143 1.02889832
-0.00388177 -0.01580345 1.03350632
-0.00075238 -0.01622462 1.02775689
0.00812080 -0.02121718 1.02308513
-0.00441101 -0.02547882 1.02397963
-0.00688979 -0.02018024 1.02168154
-0.00492339 -0.02937399 1.01051750
-0.00482867 -0.01916411 0.99396087
-0.00221535 -0.01252357 0.99288356
0.00437075 -0.02223463 0.98350138
-0.00039155 -0.00917407 0.97319076
-0.02180218 -0.00929240 0.96528689
-0.04276016 -0.01837639 0.94890935
0.00178790 -0.01528864 0.93473596
0.01373934 -0.01101520 0.92228709
0.00920821 -0.00691473 0.91467185
-0.00136128 -0.01785599 0.90523900
0.00049194 -0.01707101 0.89466124
0.00223887 -0.01509578 0.88042326
0.00369864 -0.03076919 0.87047217
-0.00556130 -0.02046134 0.83720354
-0.00367498 -0.01699744 0.82461089
-0.00725224 -0.02062300 0.80435406
-0.01945522 -0.00725600 0.78291085
0.00860272 -0.00160296 0.76488368
-0.01111792 -0.05738640 0.74386832
-0.01399032 0.00601074 0.72991888
-0.05884455 -0.02024612 0.71017752
-0.00145427 -0.01961852 0.69522890
0.00284184 -0.01467422 0.67470895
0.00160914 -0.00776090 0.65760659
0.03263455 -0.02201422 0.63966710
-0.00206452 -0.01737367 0.62096059
0.02006097 0.01545646 0.60744031
0.00316160 -0.00931003 0.59157109
0.03522276 -0.02042889 0.57494038
0.03000344 -0.01058725 0.55782713
-0.04833832 -0.01727600 0.53838397
0.00567220 -0.01386836 0.51686698
-0.01224680 -0.01268431 0.49593929
-0.00366543 -0.00859726 0.47396976
-0.03113926 -0.01424088 0.44611360
0.00907480 -0.00659157 0.41946460
0.00094341 -0.01048604 0.39564155
-0.00720822 -0.01346353 0.37395580
-0.00156734 -0.00954175 0.35301743
0.00009825 -0.01418790 0.32872334
-0.02442241 -0.00909348 0.30948392
-0.01365330 -0.01996934 0.29596485
-0.04046820 0.00295989 0.28157155
0.00008474 -0.01349339 0.27624402
-0.01005995 -0.00045050 0.26618019
-0.01032465 -0.01479473 0.25776296
-0.02788244 -0.00127030 0.25215150
-0.00647894 -0.00397051 0.25138898
-0.07914592 -0.03821773 0.23388749
-0.03231834 -0.00290797 0.24586484
-0.00113611 0.04173263 0.24030067
-0.01078187 -0.00975083 0.22781021
-0.03260631 -0.02244886 0.19229218
-0.06037649 -0.00438271 0.14241950
0.00920121 0.00184416 -0.10766623
0.02991637 -0.01223187 0.06504026
-0.02277856 0.00238968 0.03402351
-0.00173939 0.00006490 0.00877228
-0.00973386 -0.00158826 -0.01196005
0.01136629 -0.00625091 -0.00317521
0.00109883 0.00052296 -0.00305501
0.00262476 -0.00005765 -0.00149593
-0.00027878 0.00008224 -0.00347091
0.00084566 0.00002731 -0.00210360
0.00185194 0.00008985 -0.00094330
0.00117602 0.00152137 0.00267935
0.00039310 0.00014375 0.00348610
0.00109283 0.00053173 0.00356221
-0.00175673 -0.00000096 -0.00282402
0.00009497 0.00016441 -0.00284396
-0.00032445 0.00026310 -0.00335933
-0.00169451 -0.00025875 0.00356041
-0.00081726 -0.00223396 -0.00112486
-0.00055611 0.00067318 0.00369893
0.00167472 -0.00011621 -0.00118555
-0.00454113 -0.00138360 0.00090002
-0.00181739 -0.00031567 -0.00184215
-0.00129911 -0.00059266 -0.00331132
0.00009205 -0.00014661 0.00210480
-0.00004644 -0.00017982 -0.00281040
-0.00281388 0.00013600 0.00107424
0.00132718 -0.00057556 0.00339337
-0.00014019 -0.00023492 0.00265333
0.00030523 -0.00011599 0.00247136
-0.00226751 -0.00009547 -0.00062617
-0.00220310 0.00009950 0.00061162
-0.00318190 0.00015382 0.00108241
0.00002632 0.00017983 -0.00212436
0.00185346 -0.00167468 -0.00100795
0.00044861 -0.00005913 0.00202975
-0.00203942 0.00041777 0.00326470
-0.00010335 0.00021410 -0.00168380
0.00007317 0.00033518 0.00370034
0.00008071 -0.00070677 0.00214839
0.00068655 0.00062957 0.00197749
0.00032984 -0.00008321 0.00146714
0.00002531 0.00005801 0.00173127
-0.00011482 -0.00035435 -0.00121315
0.00018325 0.00002432 0.00097488
0.00107089 0.00009948 0.00101094
0.00097001 0.00015179 0.00149721
0.00038616 0.00021501 0.00170797
-0.00023352 -0.00021902 0.00143457
0.00033170 -0.00000123 0.00185314
0.00125505 0.00000286 -0.00085315
-0.00000775 0.00004152 0.00129207
-0.00022390 -0.00004415 -0.00093254
-0.00056610 -0.00007669 -0.00097495
-0.00033858 -0.00037344 0.00061285
-0.00010241 -0.00045669 0.00104772
-0.00088699 0.00002226 0.00013895
0.00110944 -0.00061658 0.00131774
-0.00025827 0.00000407 -0.00066029
0.00080840 0.00006647 -0.00207258
-0.00089958 -0.00000285 0.00043272
0.00148684 0.00008735 -0.00089496
0.00121183 -0.00003727 -0.00106002
-0.00003532 0.00002769 -0.00145714
0.00060319 0.00012046 -0.00148018
0.00096799 0.00017072 -0.00201728
0.00087484 -0.00020678 0.00388699
-0.00058756 -0.00611133 -0.00293464
-0.00446903 -0.00927169 -0.00200282
-0.01351860 -0.00115357 0.00427539
-0.01622476 0.00021608 0.00549179
-0.00274722 -0.00216079 -0.01866844
0.01897678 0.00496301 0.00811500
0.02189558 0.00155681 -0.01172351
0.00179378 0.00272576 0.03539624
-0.02164945 0.01165658 0.04462161
0.02536918 -0.00702563 0.06874998
-0.01516318 -0.00065089 0.09536435
0.00060186 -0.00285800 0.12349699
-0.00259031 0.01097441 0.14824613
-0.00874729 0.00708175 0.17089539
-0.01404499 0.01528500 0.19681429
-0.04939977 -0.01517504 0.21685356
-0.04409508 -0.00610072 0.24604134
-0.06084250 -0.00328865 0.26714758
-0.03270481 -0.00057761 0.29375716
-0.10293863 0.00983534 0.30100383
-0.07148572 -0.01127497 0.33164862
-0.07248700 0.00436915 0.35293868
-0.06344547 0.00601086 0.37395042
-0.00447852 -0.01083152 0.39575356
-0.00272788 -0.02020405 0.41615562
-0.11096801 0.03640272 0.41713326
-0.00288347 -0.02280932 0.44703067
-0.05118808 -0.00602897 0.47035258
-0.02949484 0.00986617 0.49592410
-0.05344112 0.01722750 0.52041024
-0.05627148 -0.00762406 0.54038369
-0.09563158 0.02226251 0.55276709
-0.07540465 0.00204354 0.58392564
-0.04815979 -0.00673936 0.61508789
-0.02249013 0.00031427 0.64241490
-0.07084885 0.00663722 0.66125297
-0.05717351 -0.00663672 0.68271927
-0.05261841 -0.00488015 0.70911352
-0.02376263 -0.00250529 0.73219406
-0.04748778 0.00005954 0.75470358
-0.04950631 -0.00572811 0.77340486
-0.04030871 -0.01043505 0.79786311
-0.08859492 0.00258574 0.81318381
-0.03242657 -0.00214336 0.83541219
-0.03528395 -0.00509171 0.86183526
-0.02722547 -0.00695962 0.88158066
-0.01715417 -0.01190048 0.90815295
-0.04977367 0.00378516 0.92464805
-0.04228549 -0.00623406 0.95010362
-0.00104705 -0.00595584 0.97144394
-0.00917666 -0.00973660 0.99768942
-0.00038092 0.00450211 1.01867292
0.00746366 -0.00061682 1.03796474
-0.00289765 -0.01016321 1.06160333
0.02306031 0.01529246 1.08262683
0.01137514 0.00491054 1.10909387
0.01355444 -0.02318671 1.12592926
-0.02024732 -0.00890744 1.14062953
-0.01729793 -0.01512151 1.14688263
0.00102767 -0.02412287 1.14748602
-0.00104876 -0.01586520 1.14989771
-0.02746700 -0.01308280 1.15026248
-0.02100255 -0.03565424 1.14907564
0.02741530 -0.03002216 1.14819530
-0.00880674 -0.02644327 1.13975953
-0.01274681 -0.01524785 1.14296048
-0.00803661 -0.01590965 1.14337852
-0.01143812 -0.02230142 1.14738918
-0.00603674 -0.01480347 1.14457891
-0.00208598 -0.02013277 1.13618703
-0.02678208 -0.02817124 1.13473578
-0.01249499 -0.01658237 1.13049030
0.01007936 -0.01941703 1.12580251
-0.00642578 -0.02275061 1.12305540
0.00032863 -0.01257735 1.11837386
-0.03101411 -0.02194308 1.12290629
0.00880469 -0.00061639 1.12587970
0.00703521 -0.02152930 1.12428058
0.00430423 -0.02709074 1.11710051
-0.02005755 -0.02291300 1.11124488
-0.01927385 -0.04100211 1.10368710
0.01663176 -0.02578545 1.10240891
0.00837063 -0.02124336 1.09989014
-0.02025831 -0.01755878 1.09861371
0.02096598 -0.01948031 1.10725005
0.03423606 -0.02285216 1.09867096
-0.01035844 -0.01276748 1.09537320
-0.03330984 -0.01703246 1.09407892
-0.00609543 -0.05000121 1.08791018
-0.00352822 -0.02266278 1.08779562
-0.00100616 -0.02049220 1.08587885
0.01429086 -0.03786488 1.07858515
0.01058597 -0.02510340 1.07431427
-0.03682708 -0.02103330 1.06851890
0.00075468 -0.01988255 1.07396057
0.00210973 -0.03020370 1.07181166
0.01694081 0.00288561 1.07233196
-0.03824418 -0.02370736 1.06265843
0.04738580 -0.01955114 1.05784391
-0.02223578 -0.01844801 1.06027914
-0.07167038 -0.03178517 1.05439668
-0.01872802 -0.02310529 1.05127215
0.00891029 -0.01620253 1.04717209
-0.02511428 -0.01976392 1.05327278
-0.00872537 -0.02055446 1.04933199
0.01098739 -0.01719593 1.04375980
-0.00229575 -0.02926867 1.03963804
0.01819807 -0.01224232 1.03803506
-0.03469531 -0.01831622 1.03716760
-0.01312246 -0.01612716 1.03513348
0.01934534 -0.02166862 1.03171482
-0.06350216 -0.01400977 1.02882592
0.02704340 -0.01292926 1.02721704
0.00814100 -0.01910581 1.02576153
-0.00308587 -0.02368189 1.01574271
-0.01759198 -0.02837175 1.01264104
-0.01798373 0.00896641 1.01476780
-0.04461726 0.00991498 1.01908620
0.00744722 -0.01393133 1.02106069
0.02054998 -0.00825787 1.01668146
0.02606366 -0.03075780 1.00787320
-0.01635737 -0.03728112 0.99361726
0.02783553 -0.03203478 0.98957464
-0.01334356 -0.01428716 0.99416202
-0.02747976 -0.01782088 0.99927225
-0.01073073 -0.00637780 1.00706552
-0.00416605 -0.00718879 1.01357874
-0.03055953 -0.00189661 1.02415889
0.00289490 -0.01554814 1.03267647
-0.00435436 -0.01718399 1.03890980
-0.01971388 -0.00510427 1.04996086
-0.03934639 -0.00224342 1.05846045
-0.05544259 -0.02237029 1.07010804
-0.04249722 -0.02575688 1.07087541
-0.00294860 -0.01782321 1.08130254
-0.00124453 -0.01026285 1.08440251
-0.01325290 -0.02070055 1.08851715
0.00239876 -0.00678928 1.09828572
0.01507849 0.00967018 1.11710637
-0.00230973 -0.00377528 1.12780838
-0.00921395 -0.00449854 1.13439181
-0.02750055 -0.02624900 1.13525309
0.00118823 -0.01424371 1.14404184
-0.00430007 -0.01641832 1.14925081
0.00614989 -0.00720190 1.15785800
-0.01656550 -0.00622111 1.15734388
-0.00538161 -0.02057440 1.15653266
-0.01748915 -0.02557796 1.15706577
0.01347529 -0.02991558 1.15036534
-0.02851311 -0.03514378 1.14889045
-0.03825572 -0.00223588 1.14516075
0.01861136 -0.00935616 1.15119799
0.00580070 -0.01753458 1.14308579
0.00662798 -0.02112457 1.13996167
-0.03431356 -0.02650381 1.13405699
-0.02391209 -0.01915237 1.13356830
-0.01449794 -0.02470501 1.13641926
-0.00554988 -0.02085686 1.13271148
-0.03796367 -0.02835574 1.12392376
-0.03005158 -0.02522102 1.11713883
0.00855112 -0.02273305 1.11064094
0.01109955 -0.02022960 1.10412797
0.00610756 -0.00922739 1.09704204
0.00521538 0.00671391 1.08738798
0.00778420 -0.02304654 1.07877747
0.01246869 -0.03105663 1.06571112
0.02396415 -0.02092543 1.06323423
-0.02328061 -0.02621853 1.05678043
-0.06327313 -0.01548154 1.04883185
0.01682786 -0.02131768 1.04328205
0.00062140 -0.00300267 1.03348093
0.05931535 -0.02721338 1.02798021
0.00848049 -0.01561931 1.02686874
-0.01994321 -0.02380807 1.01839146
-0.00293283 -0.01516994 1.01406858
0.01787741 -0.00805077 1.01323821
0.03289463 -0.00866219 1.01332163
-0.02700556 -0.02009362 1.00888277
-0.00348137 -0.02037530 1.00342621
-0.01103627 -0.01947533 0.99870195
-0.00365659 -0.00855507 1.01160973
0.00921225 -0.00726370 1.01719294
-0.02199042 -0.00746154 1.02101736
0.00821673 -0.01189230 1.02312083
0.00425117 -0.01533625 1.03006729
0.00596047 -0.02398043 1.03523015
-0.02712748 -0.01109722 1.04223068
-0.01748303 -0.02075125 1.05431112
0.00174578 -0.01797827 1.05455084
0.01993739 -0.01816820 1.04963361
-0.00176545 -0.02677805 1.05620603
-0.01186700 -0.02280459 1.06111043
0.01114715 -0.01878951 1.07133563
-0.02850389 -0.01540817 1.07996181
-0.01439151 -0.01557922 1.08817682
0.00497102 -0.01686370 1.09716639
-0.01650967 -0.01580618 1.10205355
-0.00967419 -0.01492599 1.10846030
0.00242738 -0.00629060 1.11388627
0.02357407 -0.01156176 1.12372378
0.01020863 -0.01235766 1.12389471
-0.00998326 -0.01673188 1.12667537
0.01530832 -0.01661396 1.12557795
0.00003979 -0.02791853 1.11706851
-0.02763636 -0.02277346 1.11665895
0.00759944 -0.02059450 1.12265382
-0.00308816 -0.02197701 1.12178239
-0.00793569 -0.01828835 1.11638544
0.01458576 -0.01272092 1.10887686
-0.03729031 -0.01003596 1.10963439
0.00801473 -0.02499179 1.10823901
-0.03595068 -0.01883797 1.09920739
-0.02599009 -0.01382107 1.09869458
-0.07933447 -0.00260322 1.08918507
-0.00512098 -0.03655323 1.08622114
0.00777992 -0.03248882 1.07238871
-0.00325695 -0.02500525 1.05646382
-0.01509870 -0.03278973 1.03955176
-0.00256084 -0.02360422 1.02018212
-0.05749018 -0.03049113 0.99675380
-0.00892665 -0.01956124 0.98095872
0.00725643 -0.01798573 0.97526030
-0.00634709 -0.01852772 0.95985280
0.00504660 -0.01958242 0.95399017
0.00084015 -0.01727563 0.94616883
-0.02272610 -0.02272597 0.94125265
-0.04810817 -0.01116781 0.93929568
-0.00739709 -0.01322338 0.93447829
0.04530691 -0.00062667 0.93419507
-0.01112543 -0.00234219 0.93037091
0.01105570 -0.00546996 0.92863304
-0.01046177 -0.01490200 0.92662571
-0.00526673 -0.01639229 0.92467020
-0.00029077 -0.01463517 0.92518837
-0.00457385 -0.02316762 0.92480760
0.00516332 -0.00309474 0.92734634
-0.01755880 -0.01105811 0.92221697
-0.00437628 -0.01690709 0.91801981
0.01531796 -0.00736143 0.92235085
-0.01841183 0.01420949 0.93059947
-0.05360649 -0.01415626 0.94151642
-0.00984873 0.00131920 0.94241955
-0.02926494 -0.00206084 0.95811604
0.01712841 -0.00642353 0.96606588
-0.00887610 -0.01384712 0.97064855
0.00900767 -0.01163476 0.97452781
0.00740087 -0.01883956 0.98017261
-0.00525923 -0.01111450 0.99232985
-0.00288413 -0.01412646 1.00011361
0.04936497 -0.00879039 1.01163315
0.00893762 -0.01077716 1.02373169
-0.05281447 0.00569736 1.03260458
0.01941784 -0.00190761 1.04572392
0.00569772 -0.00897633 1.05305677
0.01801635 -0.01919382 1.06807463
-0.01630227 -0.00675786 1.08189291
0.01753601 -0.00972049 1.09834035
0.00925851 -0.00741873 1.11459972
-0.00225585 -0.00886714 1.12462437
-0.00098008 -0.02229782 1.13589742
-0.01413736 -0.02820422 1.14378339
-0.02282661 -0.00297941 1.15269575
-0.00704263 -0.01084621 1.16437218
0.02936114 -0.02446930 1.17669925
-0.01309328 -0.01348040 1.18246114
-0.03032328 -0.02451443 1.18229848
-0.01268571 -0.00610960 1.17784424
-0.00193406 -0.02230740 1.17713455
0.00413810 -0.02387371 1.17171068
-0.02591440 -0.03106891 1.16542511
0.00395970 -0.01557450 1.16153374
0.01576956 -0.01903070 1.16078169
-0.03966323 -0.00846227 1.15904153
-0.00181051 -0.01473056 1.15887922
-0.02075611 -0.03087962 1.16040147
-0.02156168 -0.02680712 1.15404059
-0.00971691 -0.01874911 1.14714981
0.01216698 -0.00870363 1.13544367
-0.04281541 -0.01164711 1.13510542
-0.03660659 -0.05330328 1.12688235
-0.05307546 -0.01665912 1.11696797
-0.09879598 -0.01998992 1.10300231
-0.00913151 -0.02506401 1.09895475
-0.04203937 -0.01580739 1.07708251
0.00449739 -0.03217737 1.06219993
-0.04598647 -0.00601722 1.04606398
-0.03435609 -0.02144419 1.03405365
0.05162756 -0.04171880 1.01707574
-0.13135438 0.04059033 0.99733205
-0.04058546 -0.03736321 0.98731658
-0.00850369 -0.03249987 0.96679251
-0.02371234 -0.02791363 0.94728778
-0.00511700 -0.02046755 0.93732821
0.03537823 -0.02633720 0.93468532
-0.04385208 -0.00189131 0.93366915
-0.12911384 -0.02650827 0.92616474
-0.04538639 -0.04833417 0.92785068
-0.00847454 -0.01922066 0.92948140
-0.02831927 -0.00743156 0.92398237
-0.01905675 -0.04134773 0.91613986
-0.01543242 -0.01634155 0.91888255
-0.00367173 -0.01543906 0.91927227
0.00892251 -0.01435618 0.92147898
0.01360430 -0.00356386 0.92776613
0.03096298 -0.00134564 0.93179532
-0.01172953 -0.01278820 0.93496120
-0.00308031 -0.01170753 0.94071690
0.03195527 -0.00294242 0.94032497
0.04925523 -0.01540359 0.95036582
-0.01621410 -0.00974132 0.95596861
0.02635250 -0.01709869 0.97064892
0.00117169 -0.01435790 0.97456212
0.00107907 -0.01371063 0.97938402
-0.01128763 -0.01908626 0.98843326
0.01473332 -0.02194856 1.01132468
-0.03183791 -0.00787733 1.01832014
0.02279677 -0.01304726 1.02502848
-0.00950708 -0.00517123 1.02506453
0.00310957 -0.01170967 1.03232448
0.00562048 -0.00781969 1.05625587
-0.00042462 -0.01666181 1.06747916
0.03219128 -0.01736740 1.06480733
-0.00625118 -0.02004906 1.06798336
0.02250180 -0.00969852 1.07306846
0.00441681 -0.01734714 1.08577782
-0.00755951 -0.00763347 1.09214903
0.00425847 -0.01449725 1.10078706
0.00578809 -0.01768675 1.10978783
-0.00195000 -0.00652709 1.12058623
0.01483700 -0.01785373 1.12435951
-0.00707202 -0.01920491 1.12705768
0.00041155 -0.01280825 1.13604072
0.00705188 -0.01955655 1.13831405
-0.00146866 -0.01133019 1.14179311
0.00785249 -0.00408771 1.15659462
-0.00383294 -0.01336681 1.16700387
-0.00406030 -0.01695528 1.17707620
-0.02094614 -0.02352564 1.18305863
-0.02796577 -0.00777539 1.19811573
-0.00303608 -0.02168374 1.20668117
0.02071732 -0.01335723 1.20634313
-0.01490621 -0.01763161 1.20747005
-0.02669363 -0.01405056 1.20790394
-0.02128074 -0.01981138 1.21069703
0.02943758 -0.01049220 1.20359130
-0.00002795 -0.02280072 1.19505515
-0.00712929 -0.02430665 1.19228472
-0.02441680 -0.02854378 1.18507607
-0.02281257 -0.01702714 1.19423706
-0.06736143 -0.01923407 1.18438538
-0.01850462 -0.02362393 1.18466556
-0.02007473 -0.01865984 1.17504398
-0.01301023 -0.04409200 1.16927079
-0.03889537 -0.01813401 1.17088757
-0.01726206 -0.01891850 1.16702280
0.03056241 -0.01813954 1.15965332
-0.01410116 -0.03333702 1.14768314
-0.00569993 -0.01840062 1.14193405
0.00047968 -0.00870788 1.14848785
-0.02082996 -0.02014736 1.14835960
-0.00389461 -0.03363764 1.14062564
0.00294038 -0.01839702 1.12885210
-0.00462987 -0.03093156 1.12105037
-0.01781739 -0.03039407 1.10970647
-0.02215475 -0.02296973 1.10671886
-0.05928825 -0.02698829 1.10778441
-0.01379275 -0.03122902 1.10593310
0.01670126 0.00923488 1.10060800
0.00025935 -0.01791853 1.09085138
-0.02384172 -0.02864261 1.07938194
