0.00000000 0.00000000 0.00000000
-0.00589401 -0.01055003 0.56320653
-0.01278078 -0.02490495 0.56453493
-0.01189678 -0.01985624 0.55846711
0.00176064 -0.01470486 0.56704246
-0.01038403 -0.01236582 0.57590286
-0.00932951 -0.01333022 0.58413115
-0.00987812 -0.01684987 0.59523116
-0.00962149 -0.01639262 0.60299484
-0.00076193 -0.01719499 0.60102931
-0.00828429 -0.01124195 0.61604575
-0.00839438 -0.01045065 0.63055634
-0.00656394 -0.00697538 0.65261815
-0.01870288 -0.01351366 0.68883334
-0.00779339 -0.02012335 0.67801872
-0.01090252 -0.02715827 0.69068224
-0.01317625 -0.01646669 0.70724193
-0.01176642 -0.00234535 0.72593615
-0.01943212 -0.00191642 0.76104766
-0.01214062 -0.00683126 0.78116368
-0.00355960 -0.01248355 0.78479345
-0.00874728 -0.01054505 0.79436503
-0.01373512 -0.00798185 0.82275361
-0.00437435 -0.00539794 0.82548236
-0.01125291 -0.01049742 0.84662107
-0.01184876 -0.00967157 0.86713029
-0.01539866 -0.02016564 0.89261720
-0.03772782 -0.00763170 0.90947677
-0.02162275 -0.01752269 0.92974556
-0.00408839 -0.01981450 0.92156936
-0.01306093 -0.01939757 0.95027454
-0.01425391 -0.00730794 0.96191961
-0.01617101 -0.00910132 0.97026439
-0.01620145 -0.01489200 0.98376770
-0.00759386 -0.01516997 0.99148506
-0.00831464 -0.00881213 0.99404777
-0.00930992 -0.01142049 1.00534268
-0.00110055 -0.01039666 1.01270510
-0.00893909 -0.01919464 1.02251594
-0.05143123 -0.00972560 1.01486267
0.01492753 -0.00703158 1.04115712
0.00768306 0.06482648 1.04224784
0.00877942 -0.00349147 1.05239329
0.00448265 0.01584960 1.06117408
-0.00267999 -0.02166263 1.06605626
-0.00787731 -0.01693029 1.07840710
-0.01338648 -0.02059271 1.07733855
-0.00885282 -0.01820667 1.08473339
-0.01293310 -0.01856892 1.09407038
-0.01028574 -0.02304559 1.09453809
-0.00191321 -0.02582803 1.09284315
-0.00792342 -0.02099688 1.09025786
-0.00083705 -0.02994529 1.07880531
-0.01422586 -0.01241425 1.07424383
-0.00612596 -0.02037735 1.08139674
-0.00239591 -0.01884542 1.08921021
-0.01801961 -0.02494133 1.09596115
-0.02491130 -0.01934775 1.12275626
-0.02889356 -0.02335596 1.12235421
-0.03185799 -0.02666811 1.10932688
-0.02147311 -0.02660645 1.12822356
-0.02525377 -0.02530787 1.11449896
-0.02516871 -0.02216431 1.11905066
-0.03285339 -0.01367157 1.12770259
-0.00925520 -0.01867648 1.09042138
-0.02253114 -0.01686883 1.11664612
-0.01279134 -0.01761266 1.10764752
-0.01844163 -0.02275635 1.12001627
-0.01932003 -0.01954468 1.11117790
-0.02179098 -0.01559717 1.11112178
-0.01199440 -0.02337927 1.09607293
-0.01671271 -0.01827455 1.09881349
-0.01913681 -0.02443009 1.10666617
-0.03041597 -0.01489582 1.12621459
-0.00833221 -0.02203747 1.10166119
-0.00625910 -0.01789775 1.10515701
-0.01066902 -0.02683118 1.10980480
-0.00549137 -0.01594623 1.10984071
0.00090067 -0.00759374 1.09609287
-0.01284965 -0.01214644 1.09788056
-0.01663585 -0.02803706 1.10579753
-0.00357996 -0.01879980 1.08104272
-0.01113071 -0.01031373 1.07383270
-0.01323482 -0.01852221 1.08690512
0.01049242 -0.02805420 1.07105847
-0.01098345 -0.02314692 1.09673147
-0.00995657 -0.01768211 1.07266359
-0.00418540 -0.01842906 1.07872466
-0.00114739 -0.01966720 1.07021008
-0.01085989 -0.02456879 1.05094597
-0.01064906 -0.02137757 1.04282033
-0.00647803 -0.02203380 1.03271088
-0.00846651 -0.02213372 1.00571268
-0.00635975 -0.02631438 0.98761952
-0.00665747 -0.02210659 0.96553051
-0.00302461 -0.02255813 0.94230782
-0.00840742 -0.02321292 0.91690361
-0.01331176 -0.02005669 0.90809637
-0.01016120 -0.01686888 0.87518518
-0.01617873 -0.02609380 0.85481784
-0.00870940 -0.01045353 0.83926133
-0.02572932 -0.02441649 0.80881297
-0.02636460 -0.02685513 0.77854294
-0.03456823 -0.02056113 0.73784409
-0.04502570 0.00046440 0.70888537
-0.02931787 0.00450844 0.68070836
-0.02207735 -0.01793566 0.64835922
-0.07617760 0.02115233 0.61706450
-0.06053750 -0.02511334 0.58881274
-0.01512840 -0.02034570 0.57287751
-0.01162999 -0.01329913 0.54314202
0.01820480 -0.01244901 0.52607987
0.00644315 -0.00827512 0.50068686
-0.02411736 -0.01562352 0.47803163
-0.05223836 -0.01870958 0.44926146
0.01035341 -0.01026574 0.43425008
-0.00142328 -0.01165027 0.40111049
-0.00010579 -0.01579449 0.39094581
-0.03915232 -0.00563051 0.39481849
0.02186005 0.00453168 0.38514736
0.02628616 0.00067424 0.38551608
0.02891746 -0.00299618 0.37854125
0.04184825 -0.00849147 0.37026728
0.04266039 -0.00296279 0.36747155
0.04723941 -0.00759770 0.36711620
0.03946820 -0.00326454 0.35844191
0.04324982 0.00086060 0.35767763
0.04505758 0.01002902 0.35562997
0.05013871 0.00063788 0.35909891
0.04162364 -0.00294658 0.35736542
0.03997472 -0.00216624 0.35408336
0.03224858 -0.01410377 0.35177586
0.03800212 0.00960510 0.36003162
0.01446533 -0.01324484 0.35417538
0.01661784 -0.00871557 0.36673608
0.04710005 0.00188663 0.38566718
0.04821519 0.00195740 0.39056803
0.04244783 0.00545788 0.39766235
0.05119686 0.00189873 0.34963988
0.05795215 -0.00263538 0.39256866
0.07203419 -0.00911273 0.37494806
0.05120867 -0.01224950 0.39688900
0.04905891 -0.00719383 0.40257520
0.05581522 -0.00633568 0.40104363
0.04185973 0.00222218 0.43950281
0.04322784 -0.01171420 0.44985006
0.04193136 -0.00024229 0.45060568
0.03367573 -0.00103610 0.46664794
0.01486404 -0.00346723 0.48540595
0.00292098 0.00109771 0.51486360
0.01503392 -0.00521152 0.52202024
0.02409473 -0.00791914 0.54381967
0.02705681 -0.01043698 0.55316663
0.02193672 -0.00928055 0.56379063
0.00697387 0.00033215 0.58834241
-0.00327936 0.00306761 0.61398878
0.00460887 -0.00076904 0.62807587
0.00089833 -0.00081380 0.66248155
0.00259397 -0.01121026 0.65137397
-0.00530565 -0.00397457 0.67417493
-0.01401742 -0.01144849 0.69415614
-0.01102841 -0.00851087 0.71599850
0.01160325 -0.01310954 0.73649337
-0.00923923 -0.00556422 0.74859684
-0.00659180 -0.01405754 0.74856198
-0.01128909 -0.00908802 0.78010759
-0.00294066 -0.01379102 0.78013959
-0.01454613 -0.00685487 0.80294384
-0.01461382 -0.01203405 0.81118074
0.00465146 -0.00290577 0.80496553
-0.00721594 -0.00942623 0.83794072
-0.00751924 -0.01328790 0.82309431
-0.01006697 -0.01356539 0.83006754
-0.00145421 -0.00960003 0.83344683
-0.00766075 -0.00950217 0.84220923
-0.01358210 -0.01155856 0.84742403
-0.00725276 -0.01433257 0.86004331
-0.01461994 -0.01205225 0.86133313
-0.00906359 -0.01184630 0.85030955
-0.01228362 -0.01692802 0.84716074
-0.00459864 -0.02705167 0.83695257
-0.00281661 -0.01502049 0.82971635
-0.00045176 -0.00812810 0.83458994
-0.00225603 -0.00702076 0.84361235
-0.00377528 -0.01916986 0.83387524
-0.00020442 -0.01896977 0.82066658
-0.00759114 -0.01641468 0.82667767
-0.01959185 -0.01206017 0.83227761
-0.01657863 -0.01369881 0.83275904
-0.00391505 -0.01265276 0.80988037
-0.00546087 -0.01772952 0.81009976
-0.01041942 -0.01509249 0.81902979
-0.00673296 -0.01629154 0.80125190
-0.00764576 -0.01697365 0.80271574
-0.00576252 -0.01658213 0.79216906
-0.00227076 -0.01583367 0.77984995
-0.00368612 -0.01678529 0.78065237
-0.00380504 -0.01756985 0.78194561
-0.00858691 -0.01664826 0.78462284
-0.01350712 -0.01353151 0.77166802
-0.01169178 -0.01842037 0.75698981
-0.01639218 -0.01508016 0.74954199
-0.00379711 -0.01711720 0.71612608
-0.00844202 -0.01770502 0.71927989
-0.00982257 -0.01448784 0.70443439
-0.01444024 -0.01258052 0.70995167
-0.00486229 -0.01257995 0.70204509
-0.00733928 -0.01485776 0.70628502
-0.00143299 -0.01245804 0.69017921
-0.01299167 -0.01324486 0.68757229
-0.00544062 -0.01736839 0.67465385
-0.00235538 -0.01384257 0.68161313
-0.00578638 -0.01374299 0.68193312
-0.00532334 -0.01751496 0.66704045
-0.00947420 -0.01355532 0.67532570
0.00484444 -0.01160656 0.67172458
-0.00944263 -0.01000315 0.69285404
-0.00249860 -0.00258238 0.68330425
-0.02216248 -0.00671184 0.69209696
-0.00336143 -0.01069894 0.69550962
-0.00430879 -0.00842504 0.69707083
-0.00846298 -0.00720324 0.70618431
-0.00650998 -0.00588777 0.71774730
-0.00253884 -0.00988225 0.72132128
-0.01244787 -0.01083634 0.73360013
-0.02253882 -0.01024037 0.73736065
-0.00899164 -0.00975114 0.73738725
0.00321391 -0.01230191 0.74476336
0.00720897 -0.01064128 0.74718535
-0.00214674 -0.00812224 0.74998565
-0.01085285 -0.00948938 0.75613026
-0.00791000 -0.00996604 0.76002892
-0.00019018 -0.01443950 0.74669627
-0.00677917 -0.01285895 0.76059512
-0.01034885 -0.01688982 0.74988049
-0.00523450 -0.01369471 0.74241064
-0.00245148 -0.01303833 0.74896785
-0.00659709 -0.01259964 0.75149949
-0.00964018 -0.01269920 0.76119085
-0.01368014 -0.01223681 0.76531665
-0.00705967 -0.01403753 0.76597186
-0.00668647 -0.01419257 0.76223978
-0.00494174 -0.01347974 0.76824909
0.00039165 -0.01864112 0.77007077
-0.00842211 -0.01174099 0.78911954
-0.01431474 -0.01568111 0.79938234
-0.00176619 -0.01754607 0.78798818
0.00101756 -0.01869271 0.79634396
-0.00305885 -0.01786648 0.79890099
-0.00075127 -0.02079970 0.80554127
0.00446169 -0.02455710 0.80264599
-0.00332275 -0.01397440 0.82152562
-0.00592536 -0.01392451 0.83486556
-0.00455060 -0.00890583 0.84510064
-0.00862333 -0.01134150 0.85244553
-0.01498587 -0.01165207 0.85506018
-0.01401808 -0.01109855 0.85484109
-0.00999627 -0.01345862 0.86346720
-0.01096078 -0.01557713 0.86681856
-0.01309099 -0.01748130 0.85724093
-0.01968470 -0.02209450 0.87141451
-0.00583824 -0.02244843 0.85100515
-0.01403542 -0.00557614 0.85714860
-0.01049057 -0.01279312 0.86817079
-0.00364597 -0.00648946 0.86500512
-0.00244897 -0.00860330 0.87837445
-0.00638922 -0.01022222 0.87910563
-0.00942633 -0.01673711 0.87154201
-0.00310024 -0.01314889 0.88195514
-0.00341655 -0.01308628 0.87744032
0.00273345 -0.01366384 0.87410009
-0.00545506 -0.01143544 0.86596025
-0.00416408 -0.01473642 0.86715360
-0.01434682 -0.01188046 0.86950983
-0.01955233 -0.02058892 0.85979867
-0.00355684 -0.02099373 0.85664062
-0.01609530 -0.01918869 0.84668494
-0.00970708 -0.01497987 0.83978646
-0.00307713 -0.01423311 0.84316954
-0.00533224 -0.01061183 0.83789397
-0.00255737 -0.02311898 0.82768177
-0.00323285 -0.01996395 0.82126036
-0.01569254 -0.02067821 0.82622778
-0.01060185 -0.01202085 0.81870114
-0.00247149 -0.01806363 0.80529736
-0.00570293 -0.01910554 0.80859680
0.00404887 -0.01954101 0.79532203
-0.01405637 -0.01346072 0.80817509
0.00044117 -0.01550264 0.79686514
-0.00475682 -0.01904755 0.78984216
-0.01293320 -0.01748665 0.80273438
-0.00951519 -0.02381516 0.78424324
-0.01210357 -0.02158903 0.77384347
0.00014548 -0.01017292 0.77597849
0.00001319 -0.00333822 0.78490276
-0.02709561 -0.00488832 0.81224840
-0.02397410 -0.01920660 0.79829260
-0.00808865 -0.01690005 0.77428893
-0.00919396 -0.01396951 0.76876570
-0.01221847 -0.00984959 0.77329748
0.00302042 -0.01563087 0.75107076
-0.00218350 -0.02012166 0.74604215
-0.00811191 -0.00525400 0.76245240
-0.01324328 -0.01622843 0.77312494
0.00427938 -0.01689364 0.75422475
-0.01266697 -0.01993184 0.77888847
-0.00109408 0.00120727 0.77457785
-0.00819547 -0.01008685 0.76837591
-0.01432900 -0.02144145 0.75612566
-0.00801549 -0.01541236 0.75490691
0.00273441 -0.01592598 0.75118563
0.00928116 -0.01187727 0.72951843
-0.00121446 -0.01270152 0.74049850
0.01352142 -0.02071280 0.72352126
0.01008484 -0.01608389 0.72730148
0.01376251 -0.00974218 0.73039601
0.00563344 -0.01554439 0.71833322
0.00457519 -0.01040466 0.72205387
0.01652866 -0.01258899 0.71306296
0.00726797 -0.00666128 0.71109437
0.00533356 -0.02378532 0.70495051
0.00796370 -0.02024335 0.69433421
-0.00458169 -0.01977634 0.69568743
-0.00071072 -0.01464995 0.69878316
-0.01313027 -0.01539907 0.70199744
-0.00912001 -0.01843438 0.69390517
-0.00738357 -0.01711908 0.67592754
0.00940384 -0.01734869 0.67029004
-0.03103773 -0.01275193 0.68333784
-0.02837508 -0.01062920 0.67966152
-0.03090013 -0.00873502 0.67761900
-0.01049765 -0.01954196 0.65047687
-0.02302467 -0.02288450 0.65683187
-0.03873867 -0.00999195 0.67170078
-0.01503815 -0.01398810 0.64984457
-0.01799705 -0.00139695 0.66845045
-0.01227547 -0.01659782 0.62615747
-0.02757447 -0.01886785 0.62698653
-0.01716494 -0.00845729 0.60671666
-0.01594173 -0.01113925 0.61045000
-0.00979220 -0.00101533 0.59820437
-0.01941473 -0.01167411 0.59545852
-0.02937261 -0.01025608 0.59918297
-0.03026410 -0.01341012 0.60161652
-0.03458950 -0.02102373 0.58784334
-0.03420622 -0.01339750 0.58161927
-0.04242189 -0.01091446 0.57919415
-0.04783937 -0.01519963 0.57598934
-0.04446761 -0.01197986 0.57383418
-0.04884894 -0.02087021 0.56573977
-0.03869324 -0.01493899 0.56331525
-0.05045003 -0.00968561 0.56621761
-0.04095557 -0.00676414 0.56247374
-0.03674262 -0.00629579 0.56168993
-0.02773579 0.00169260 0.56167920
-0.01461528 -0.00419851 0.55617596
0.00131736 -0.00975589 0.55509593
0.00682072 -0.00148219 0.55128736
0.01790799 -0.00911484 0.54343434
0.00300544 -0.01194190 0.55068171
0.00952562 -0.00464556 0.53164733
0.00405921 -0.00774753 0.53605393
0.01426065 -0.00504326 0.52965128
0.00338635 -0.01093658 0.53854932
0.01769796 -0.01201293 0.53834705
0.00145290 -0.00641319 0.53041389
0.00279045 -0.01030290 0.52579245
0.00377624 -0.00853220 0.51920385
0.03278619 -0.01757628 0.49469297
0.00637535 -0.01227609 0.50828929
-0.01503481 -0.00492717 0.52760892
0.02471793 -0.02070110 0.46438816
-0.02300701 0.02242528 0.55741623
-0.00237803 -0.00672762 0.49452231
-0.00022335 -0.01410094 0.49233733
-0.00695704 -0.01148158 0.49124508
-0.01077426 -0.00740631 0.48871435
-0.00795687 -0.00267169 0.50027964
0.01961119 -0.00145574 0.49377164
-0.00549474 -0.00537297 0.51409610
0.00545259 0.00056543 0.51523946
0.01395713 -0.00817845 0.50699206
0.01345920 -0.00786148 0.52618531
0.00113178 -0.00730199 0.54379616
0.01288484 -0.00118957 0.53815210
0.00319354 -0.00733253 0.54959994
0.01530468 -0.00310273 0.54906603
0.00718378 -0.01106745 0.56983533
0.00390260 -0.01078391 0.57090984
0.00102086 -0.00671574 0.57561409
0.00278070 -0.00932332 0.57821389
0.01104419 -0.01262957 0.58150469
0.00087931 -0.01571441 0.58679007
-0.01087412 -0.01704316 0.58661974
-0.00550079 -0.00823474 0.57795930
0.00561102 -0.02104803 0.56931566
-0.01190348 -0.01213999 0.58489144
-0.01296912 -0.01107718 0.58088558
-0.00461639 -0.01778283 0.57175884
0.00513468 -0.02970709 0.57399528
-0.00143373 -0.01999388 0.55551653
-0.00696225 -0.01660991 0.54670979
0.00030998 -0.00573916 0.53966821
-0.01025660 -0.01450991 0.52453434
-0.00705921 -0.03605299 0.50884063
-0.01258659 -0.02508574 0.49866115
-0.00799471 -0.01967377 0.48477430
-0.01379671 -0.02363967 0.44890879
-0.00911359 -0.03331753 0.43833329
-0.00979945 -0.03308518 0.42515459
-0.01616149 -0.02663806 0.40893994
-0.01520268 -0.02200922 0.40390297
-0.01406082 -0.01784966 0.39653380
-0.01880146 -0.01707713 0.39430528
-0.01961951 -0.01048066 0.40147244
-0.03366614 -0.01566104 0.37905369
-0.03954419 -0.01117148 0.38120828
-0.04045589 -0.00715978 0.37804126
-0.04271638 -0.00626969 0.37712228
-0.04452842 -0.00826582 0.37707278
-0.04573126 -0.00779789 0.37025968
-0.03364736 -0.00374423 0.38000514
-0.04336471 -0.00622493 0.36666195
-0.03799263 -0.00428863 0.37370428
-0.04189435 -0.00515527 0.37154146
-0.04480961 -0.00426577 0.37070939
-0.03849937 0.00185680 0.39855334
-0.04604019 0.00062128 0.39777516
-0.06072655 0.00242067 0.39798184
-0.06488905 -0.00046456 0.40005998
-0.05480776 -0.00315108 0.40496688
-0.05123662 -0.00645702 0.41289199
-0.05792409 -0.00169286 0.40930895
-0.05194758 0.00137146 0.42814769
-0.07130885 0.00966245 0.43646663
-0.07331732 -0.00416899 0.47789984
-0.05887559 -0.00778514 0.51437396
-0.06723991 -0.00512805 0.50879653
-0.07364339 -0.00232013 0.51848661
-0.03375621 -0.02104005 0.51887626
-0.04149016 -0.00221844 0.56234839
-0.03023106 0.00353305 0.58124425
0.05505717 0.04933216 0.58605784
-0.02544764 -0.01253092 0.63630715
0.03543040 -0.00404679 0.63603963
-0.02609142 0.01644726 0.67222369
-0.04848224 -0.00600442 0.68901065
-0.01561022 -0.00256064 0.70533496
-0.01837821 -0.00196890 0.72386944
-0.01039782 0.01462626 0.74092777
-0.02327027 0.00041356 0.74635835
-0.00880513 0.02279477 0.77675556
-0.01133380 0.01057292 0.78773228
-0.02213976 -0.00507821 0.80181360
-0.02818466 -0.01802943 0.81040396
-0.01797674 -0.01518992 0.82050184
-0.01140583 -0.01506985 0.83057860
0.00010620 -0.01222317 0.84977770
0.00020850 -0.01285050 0.85304228
0.00441669 -0.01903191 0.86089272
0.00119259 -0.01551937 0.88492833
-0.00303362 -0.00479212 0.89888999
-0.00615988 -0.00690451 0.90932921
-0.00136308 -0.01421507 0.93471568
0.00409480 -0.01384655 0.92938540
-0.00051618 -0.02002341 0.90446809
-0.00269248 -0.02560431 0.91825594
-0.00618725 -0.01321440 0.90808230
-0.00086944 -0.01401553 0.93894114
-0.00578681 -0.01804363 0.93410234
0.00416261 -0.02538570 0.91354273
-0.01238744 -0.02331535 0.93732177
0.00023867 -0.01445115 0.96142973
-0.00349724 -0.01440555 0.93783195
0.00154096 -0.02493414 0.91451266
-0.01143282 -0.01850031 0.93049506
-0.02594589 -0.00243638 0.92620743
-0.01427996 -0.02192691 0.93136859
-0.00968566 -0.01718122 0.91849916
-0.00574505 -0.01499412 0.91946900
-0.01451008 -0.00694908 0.92837159
-0.00355255 -0.00203829 0.93713069
-0.00735702 -0.02231175 0.92447325
-0.01161151 -0.02177543 0.91966233
-0.01331223 -0.02219948 0.91873884
-0.01369181 -0.01702366 0.90847655
-0.01283471 -0.01867836 0.91004128
-0.01251696 -0.02446204 0.89387979
0.01463977 0.00150644 0.89388330
-0.01108599 -0.01865493 0.86774072
-0.00464598 -0.01765347 0.86636255
-0.00741625 -0.02220075 0.84006617
-0.05593739 0.00767503 0.92651564
-0.01278020 -0.01434641 0.80377560
-0.01611858 -0.01764705 0.79179036
0.00729544 -0.01741864 0.78871932
-0.00723394 -0.00915070 0.76224101
-0.00920384 -0.01010876 0.74282552
-0.00934466 -0.01511114 0.71545838
-0.00971906 -0.02222465 0.68806960
-0.00526384 -0.01302418 0.66456075
-0.00822091 -0.01519177 0.64081452
-0.02481956 -0.02377018 0.63682661
-0.00826423 -0.01685530 0.57913467
-0.01270144 -0.01794655 0.56490032
-0.01937644 -0.01481803 0.55873522
-0.01401639 -0.01676160 0.53265188
-0.00727378 -0.00888963 0.50075051
-0.00707760 -0.01675419 0.48775802
-0.00667540 -0.00908420 0.47511373
-0.00820288 -0.00954137 0.47233608
-0.00723655 -0.01144759 0.46706716
-0.01305937 -0.01125420 0.46573314
-0.02222428 -0.00889039 0.45876440
-0.03034868 -0.00593936 0.44218064
-0.03325401 -0.00765138 0.43729139
-0.03974446 -0.00509378 0.43761052
-0.04163006 -0.00676478 0.43170388
-0.04928103 -0.00845274 0.43351718
-0.04802835 -0.00605881 0.42385786
-0.04708574 -0.00964491 0.40022230
-0.05884445 -0.00817514 0.40828194
-0.05934978 -0.00931204 0.39329346
-0.06254184 -0.00314301 0.39861538
-0.05597864 -0.00118869 0.39007987
-0.05822429 -0.00850591 0.38926294
-0.05850990 0.01182279 0.38097535
-0.03780523 -0.00348322 0.38878455
-0.05558730 -0.00467135 0.38122438
-0.04755971 -0.02086678 0.38491130
-0.07306726 -0.00955077 0.36933495
-0.08079786 0.00937922 0.37352529
-0.06378002 -0.00540439 0.37446510
-0.05534506 0.00538120 0.36282375
-0.05425867 0.00150223 0.36378558
-0.05873396 -0.00358768 0.36343606
-0.05931465 -0.00408980 0.36152850
-0.06121029 -0.00626915 0.36134303
-0.06153080 -0.00297200 0.36279245
-0.06998786 -0.00538221 0.35759408
-0.07314417 -0.00401800 0.35443273
-0.06559615 -0.01313406 0.36240354
-0.05413156 -0.00805306 0.33333813
-0.05338074 0.00682045 0.38300238
-0.05636846 -0.01216188 0.34250080
-0.06423134 -0.02354342 0.24717193
-0.03790866 -0.00179762 0.38465353
-0.02184936 0.00449227 0.38501786
0.01223974 0.05330649 0.46423678
-0.03451323 -0.00527731 0.40053597
-0.03881661 -0.01000990 0.40025519
-0.01987299 0.01244181 0.41267038
0.02200842 0.04110303 0.44936679
-0.00188011 0.00628921 0.46439627
-0.00408853 0.02400415 0.50868349
-0.02308559 -0.00596912 0.49534293
-0.02032933 0.01037183 0.53878718
-0.03067597 -0.00043872 0.55304030
-0.03294806 -0.00252528 0.57380201
-0.01412607 0.00166184 0.60480917
-0.00699869 -0.01114255 0.58255634
-0.01344950 -0.00302509 0.63423302
-0.00543455 -0.00210323 0.66526391
-0.00477319 0.00237919 0.66437599
-0.00622288 0.00069113 0.70095773
-0.01296429 -0.00416029 0.68119816
-0.00408249 -0.00269798 0.72708267
-0.06481826 0.00115637 0.70462512
-0.00314971 -0.00821153 0.74739192
0.02850243 -0.00313545 0.81442691
0.00166048 -0.00479778 0.77788248
0.01419619 0.00566469 0.82326003
0.02475820 0.01264831 0.84860936
0.02607532 0.00607165 0.87442116
0.01140371 -0.01059690 0.86452671
0.02023608 0.00648437 0.90099575
-0.02308029 -0.01031449 0.89048703
0.03108955 -0.02037874 0.90292889
0.00355324 -0.00918480 0.90539164
-0.00649378 -0.01095108 0.88708576
0.01160118 -0.01678779 0.89548172
0.04042467 -0.00397282 0.92484252
-0.01184289 -0.00414965 0.90640879
-0.01719020 -0.01322545 0.90463331
-0.00361534 0.00337885 0.90669204
-0.00478419 -0.00266384 0.90419602
-0.00440061 -0.00108360 0.91785824
-0.00258921 -0.00377092 0.90512225
-0.01113660 -0.03869076 0.92052508
-0.00400208 -0.00320574 0.90481037
-0.00799983 -0.00922695 0.89612602
0.00789052 -0.00911236 0.90549698
-0.00621043 -0.00866444 0.90354335
-0.00356479 -0.00774589 0.90570372
-0.00383539 0.00339812 0.91456600
0.00305143 -0.01611075 0.87962395
0.00297002 -0.01085859 0.92016022
-0.00858224 -0.01961963 0.91229981
-0.00314900 -0.01129230 0.89337553
-0.00515563 -0.00576989 0.91197506
-0.00529469 -0.01085075 0.91243524
-0.00273428 -0.01231718 0.91049345
-0.01207291 -0.01885196 0.91159686
-0.02336703 -0.01016898 0.89554307
-0.01317633 -0.02007117 0.89989091
-0.00180232 -0.00615876 0.92274458
0.01374236 -0.02076348 0.91613651
-0.00749424 0.00602983 0.91503382
-0.00187431 -0.01309464 0.90564904
0.00052615 -0.01216224 0.90032496
0.00291581 -0.01308101 0.91161982
0.00060452 -0.01214326 0.88329536
-0.00534809 -0.01779444 0.88905460
-0.00340282 -0.01543599 0.87950380
-0.02734154 -0.02085450 0.89240666
-0.00249599 -0.01344632 0.89073110
-0.00717101 -0.01744684 0.89097035
-0.00206059 -0.00411037 0.90112811
-0.00291904 -0.01868157 0.89868902
-0.00098576 -0.00275241 0.90496702
0.00514129 -0.02063983 0.91233600
0.01306778 -0.02894562 0.91770499
0.01023606 -0.01363298 0.92021668
-0.02314576 -0.01902787 0.90315504
0.01373428 -0.01815148 0.94036210
-0.00802104 -0.00690415 0.90687161
-0.00836783 -0.01842691 0.91536029
-0.00906358 -0.00511809 0.95162705
-0.00002631 -0.02718380 0.91188189
-0.00723043 -0.01731989 0.94561348
-0.00789166 -0.01087040 0.94418881
-0.01427390 -0.01914328 0.94897317
-0.00506423 -0.00952416 0.97199853
-0.01360035 -0.01938184 0.95223595
-0.00664276 -0.01111452 0.97692684
-0.01753851 -0.01442250 0.96448957
-0.00561172 -0.00830449 0.97472182
-0.00771394 -0.01253507 0.95779514
-0.01661042 -0.01458713 0.98052016
-0.00076471 -0.00126471 0.98670829
0.00669964 -0.00878397 0.98627258
0.00453234 -0.01159680 0.99729768
0.00002395 -0.00958084 0.98355826
0.00418252 -0.01189144 1.01422997
-0.00620364 -0.01465618 0.99755285
-0.01391165 -0.01407705 1.00610500
-0.02192440 -0.01892929 0.98408240
-0.01004195 -0.02331762 0.98278241
-0.01300364 -0.01183375 0.98483652
-0.00278564 -0.02074775 0.98348289
-0.00503317 -0.00886530 0.98420635
-0.00867255 -0.01741664 0.98811925
0.00290583 -0.01271502 1.00070250
-0.00489802 -0.01430994 0.98613671
0.00448277 -0.01165949 1.00082298
0.00081340 -0.01366665 0.99738656
-0.01530687 -0.01915907 1.00205622
-0.03146702 -0.01652519 0.99341248
-0.01654811 -0.01450260 0.99663554
-0.06500597 -0.01565401 0.98332708
0.00109524 -0.00674591 0.99001850
-0.01005285 -0.01818739 0.98141175
0.00050053 -0.00897861 0.98224805
0.00605867 -0.00261992 0.99616849
0.01236999 -0.00686344 0.98274166
-0.05693478 -0.05236571 0.97854034
-0.01392530 -0.02500797 0.95029276
-0.00158702 -0.01999964 0.97061128
-0.00001214 -0.01143808 0.97116147
-0.06053400 -0.00093427 0.99023819
-0.03255668 -0.01976579 0.95377384
-0.01343276 -0.02063791 0.98416158
-0.02079089 -0.00737376 0.98204802
0.00175704 -0.00306909 1.01092756
-0.01180841 -0.01195396 0.99662929
-0.00115496 -0.00720267 0.97882464
0.00188562 -0.00885938 0.98484593
-0.02924366 -0.01996657 0.96092451
0.01827210 -0.00936337 1.01217516
-0.00246191 -0.00453757 1.00853629
-0.01351536 -0.00770226 0.97826498
0.00660699 -0.01800816 0.99800111
-0.00464615 -0.01111132 0.97748633
-0.00793272 -0.00784589 0.97292444
0.00157993 -0.00726619 0.99112495
-0.00792806 -0.01054836 0.97516230
0.00662005 -0.00527570 1.00198350
-0.00628198 -0.01260461 0.97231889
0.00265424 -0.00228354 0.99494714
0.00320905 -0.02451581 0.99184929
-0.00596107 -0.00872241 0.97712568
-0.00984498 0.00433716 0.99726208
-0.01331534 -0.01009167 0.96249506
-0.00911213 -0.01827151 0.98376882
-0.00321778 -0.01808624 0.98216624
-0.00505411 -0.00339697 0.99049551
-0.00259980 -0.00890271 1.00164969
0.00218959 -0.00522326 1.00330957
-0.01365144 -0.01651508 1.00769833
-0.00040919 -0.02992675 0.98178064
-0.02907602 0.00212149 0.97343860
-0.02447278 -0.01293324 1.01185239
-0.01017078 -0.01306929 0.99595926
-0.00827018 -0.01149555 1.01949165
-0.00880698 -0.00844093 0.99996084
-0.01567667 -0.02224829 1.00075572
-0.00511919 -0.00952516 1.01705299
-0.02346558 -0.01364215 0.98383357
-0.02163177 -0.02158189 1.02748451
0.00184345 -0.01060572 1.03111534
-0.01565038 -0.01988896 1.00419399
-0.01995182 -0.02557710 0.99817938
-0.01501493 -0.01731229 1.00077604
0.01084763 -0.01263776 1.03359717
-0.00249062 -0.01241888 1.01640844
-0.00038731 -0.02210598 1.02625174
-0.01567400 -0.01070589 1.00429764
-0.00749982 -0.01310573 1.01143261
-0.00894621 -0.01990737 1.00844143
-0.01397862 -0.01680172 0.98634359
-0.01138840 -0.01550664 0.99870206
-0.01575962 -0.01657677 0.99051575
-0.01118436 -0.01359086 0.98375332
-0.00116762 -0.00078706 0.99888276
-0.01072427 -0.01075727 0.98998251
-0.01191747 -0.01237923 0.98944146
0.00166498 -0.00946170 0.99631302
0.00372635 -0.01119762 0.99445800
-0.01530361 -0.01621254 0.95783202
0.00539557 -0.00014891 0.99270200
-0.01917649 -0.01524116 0.95600349
-0.02211431 -0.01812451 0.94158367
-0.01169902 -0.01703867 0.96354889
-0.00831559 -0.00559002 0.96269850
-0.01481460 -0.01459414 0.96059152
-0.01398331 -0.00948171 0.94733654
-0.01683650 -0.01951469 0.94820370
-0.00729933 -0.01436654 0.93956044
0.00314203 -0.00722970 0.95180016
-0.00688509 -0.00579481 0.93750482
-0.04057066 -0.02104372 0.92727887
-0.00759004 -0.04094979 0.90215668
-0.00843847 -0.01121252 0.92394737
-0.00543061 -0.00343136 0.90228118
-0.01645323 -0.01099076 0.87950603
-0.00823691 -0.03012482 0.86918707
-0.00574194 -0.01767332 0.87223817
0.00371626 -0.00748810 0.85886286
-0.01343014 -0.01207067 0.85041867
0.01249592 -0.00455263 0.87981927
-0.01500447 -0.00901290 0.82810669
-0.00758687 -0.01595887 0.78545905
-0.03074256 -0.01419897 0.76697392
-0.00226022 -0.01400485 0.75204959
-0.00678244 -0.00670749 0.75790289
-0.01233363 -0.00264342 0.76032979
0.00593126 -0.00668935 0.76199110
-0.04963606 -0.01524401 0.70198722
-0.00602926 -0.00430724 0.74165018
-0.00457314 -0.03034346 0.71594787
-0.01793860 -0.01565567 0.69897740
0.00000377 -0.00985378 0.71153308
0.01373293 -0.00621849 0.72748980
0.00397187 -0.03235626 0.69678711
-0.00683344 -0.00624479 0.68580570
0.02246444 -0.01320179 0.69398889
-0.00863974 -0.00748239 0.66138697
0.00236150 -0.00483552 0.67082434
-0.00076293 -0.03141314 0.64786827
-0.00652649 -0.01899080 0.62242457
0.01715150 -0.00574213 0.62880084
0.00603944 -0.04296871 0.60356598
0.00383393 -0.01630616 0.59082715
0.00018360 -0.00282897 0.56169427
0.01116920 -0.01815713 0.55438662
-0.01286702 -0.01686545 0.53927987
-0.00903227 -0.01779139 0.52973656
0.01012335 -0.01818602 0.50576108
0.00604271 -0.02524558 0.49520854
-0.00394198 -0.01490858 0.49138484
0.01256997 -0.02130614 0.47310068
0.04101919 0.00892731 0.47208476
0.04953499 0.00825754 0.44655555
0.05423174 0.01767392 0.46121169
0.02879513 -0.02048371 0.41864399
0.02825564 -0.01143664 0.37625600
0.03521583 -0.01655074 0.38990101
0.03382028 0.00286873 0.36731537
0.03259936 -0.00272587 0.36049970
0.03222894 -0.01380409 0.34175128
0.02778530 -0.01277133 0.34160919
0.02840683 -0.01371652 0.34168440
0.02388228 -0.01420658 0.34131786
0.03955596 -0.00211194 0.34652304
0.03940507 0.00295176 0.34080201
0.03427687 -0.00109624 0.32341050
0.03386862 0.00087838 0.33278970
0.03922339 -0.01397117 0.32597218
0.03592638 -0.01037288 0.31394097
0.02920215 -0.00386202 0.31938642
0.03839314 -0.00280537 0.30764597
0.03621683 0.00126329 0.32491626
0.03434860 -0.00822128 0.34967115
0.04175817 0.00814410 0.34580755
0.05006867 0.00349443 0.35963724
0.06235192 0.00800009 0.35048432
0.05328888 0.00397691 0.37563801
0.04900185 0.00355580 0.38328092
0.04524081 -0.00619872 0.40737722
0.04561360 -0.01145452 0.42318710
0.04394873 -0.01023830 0.43331974
0.03542409 -0.00423906 0.45866351
0.04142618 0.00001074 0.47175757
0.03214520 0.00106192 0.49498297
0.02835817 -0.00033001 0.51440580
0.03244103 -0.00626898 0.53802929
0.03622488 -0.00654741 0.56709204
0.03559535 -0.00570885 0.55614888
-0.01142884 -0.00088494 0.64225383
0.02008150 -0.00127332 0.62460748
0.02719732 -0.00850165 0.63114765
0.04649246 -0.00101484 0.64205211
-0.00497576 -0.01983508 0.69115099
0.00044465 -0.00923982 0.70153147
0.01953552 -0.00612029 0.64448180
0.00922112 0.00268489 0.66309585
0.01038462 0.00504045 0.69384493
0.01281323 0.00009453 0.71770300
-0.00085097 -0.00456572 0.71940228
0.01318283 0.00061950 0.74840914
0.00705339 -0.00075913 0.75655703
-0.00974318 -0.00087295 0.76832162
-0.01372790 -0.00932611 0.77882562
0.00771598 -0.00485739 0.80207058
-0.01363175 -0.01192993 0.79075300
-0.00148516 -0.00374449 0.81097362
0.00583616 -0.01273863 0.83715087
-0.00225810 -0.00216228 0.82280712
0.00050689 -0.00289498 0.82956763
-0.01159895 -0.01509156 0.82075372
-0.03217196 -0.01659779 0.84322796
-0.03001636 -0.01379283 0.84903115
-0.00402965 -0.02240325 0.82329814
-0.02180659 -0.01549272 0.84790345
-0.02052103 -0.02163488 0.84251234
0.12092541 -0.05153120 0.78321987
-0.01993540 -0.01099120 0.86481397
-0.00087424 -0.02888019 0.83830961
-0.00264841 -0.01433944 0.83245377
-0.00793162 -0.01937686 0.82477793
-0.00505003 -0.01731762 0.82780852
-0.01098694 -0.02127621 0.82038580
-0.01015611 -0.01640870 0.81638321
-0.00706190 -0.01279126 0.82441296
-0.00816946 -0.01653871 0.81593481
-0.00828928 -0.02396987 0.79983497
-0.01097523 -0.01732823 0.80688419
-0.00605392 -0.01430210 0.79768835
-0.00685477 -0.02185849 0.78977887
-0.00838823 -0.01713853 0.78330188
0.00754392 -0.01963262 0.77082170
0.00704308 -0.01998598 0.75392810
-0.00355814 -0.01494023 0.72563238
-0.01109158 -0.02160717 0.71277039
-0.01584921 -0.01616018 0.69654129
-0.00823160 -0.01594420 0.68773489
-0.00623955 -0.01830067 0.67203826
-0.00174386 -0.01706799 0.64831659
0.00012331 -0.04059452 0.62941658
-0.01367371 -0.01699163 0.61229274
-0.00715977 -0.00938549 0.58891600
-0.01204492 -0.01420821 0.55447552
-0.00561593 -0.00591424 0.54101452
0.00117913 0.00145628 0.52349855
-0.00449293 -0.00552116 0.50315509
0.00245337 -0.00639130 0.47900537
0.01254904 -0.01261669 0.46062760
0.01558304 -0.01299563 0.45713905
0.01182611 -0.01238139 0.44784048
0.00195377 -0.00802169 0.43954666
0.02110547 -0.00817420 0.44363645
0.06306071 0.00745793 0.43162335
0.03256361 -0.02560712 0.43940051
0.05061388 -0.00338863 0.41969159
0.03805692 0.01832499 0.41319445
0.06480212 -0.01430350 0.40260882
0.05327601 -0.00165603 0.40397917
0.04848067 0.01983169 0.39759688
0.04782077 -0.01097062 0.39289881
0.04610897 0.00065703 0.38750648
0.05003432 0.01359929 0.38542960
0.04633860 -0.00151032 0.37961422
0.03349591 -0.00007428 0.37934536
0.04118312 -0.00238417 0.37239654
0.03967020 -0.00193134 0.37080905
0.04219272 0.00306416 0.37711686
0.03635750 0.00086455 0.38930966
0.03947010 0.00766212 0.39251971
0.02465926 0.00565418 0.39952961
0.01244003 0.01107121 0.40511507
-0.00233181 -0.00482097 0.41408602
0.01186402 -0.00732996 0.42062513
0.05518668 -0.00622363 0.41801088
0.06510874 0.00132291 0.41069956
0.05846630 0.01052942 0.44033529
0.04317947 0.00113376 0.44146447
0.03311153 -0.00191076 0.44582111
0.02904989 -0.00117981 0.48863177
0.03984933 -0.01313038 0.48833645
0.03767964 -0.01050711 0.51415607
0.04573485 0.00070981 0.51759136
0.04885035 0.00232331 0.52201297
0.02607102 0.00169422 0.55157099
0.02588488 -0.00212754 0.55750373
0.01975407 -0.00879245 0.58482282
0.01312374 -0.00983265 0.59779175
0.00306519 -0.00597074 0.63643903
0.01767547 -0.00500864 0.62246165
0.01563586 -0.00489438 0.64261254
0.02735758 -0.00481801 0.64455755
0.01219769 -0.00217921 0.67576645
0.00265916 -0.00640444 0.69573124
0.00140640 -0.01214441 0.70496850
0.00342591 -0.01349521 0.71384976
0.00782079 -0.00464930 0.72529253
-0.00029980 -0.00407115 0.74561238
-0.00776890 -0.00336117 0.76275127
-0.00656772 -0.00688813 0.77125075
-0.01719168 -0.01065353 0.79708187
-0.00442730 -0.00837611 0.78410074
-0.00957904 -0.00164338 0.81907508
-0.00699320 -0.01075591 0.81353697
-0.01445945 -0.01355636 0.82489532
-0.00915152 -0.01617715 0.81417602
-0.00946693 -0.01153420 0.80879472
-0.01291478 -0.01499474 0.80970189
-0.01923169 -0.01294489 0.82673679
-0.01114342 -0.01361356 0.80260831
-0.00955314 -0.02049424 0.80761511
-0.01404410 -0.01707944 0.80995342
-0.01190799 -0.01426486 0.81520667
-0.01037705 -0.00833860 0.81894954
-0.01790832 -0.01481873 0.83265616
-0.01307654 -0.01914440 0.81553624
-0.01384781 -0.01710797 0.82932253
-0.01295807 -0.01533831 0.82988628
-0.00860095 -0.01499379 0.82604547
-0.01530462 -0.01667759 0.84355866
-0.00815972 -0.01733777 0.83517329
-0.01075480 -0.01434885 0.84715706
-0.00403689 -0.01477337 0.83109247
-0.00935368 -0.01530618 0.84104429
-0.01020017 -0.01284743 0.82946020
-0.00725832 -0.01962583 0.82221652
-0.02090386 -0.01662570 0.85878582
-0.00782232 -0.01743796 0.82371680
-0.01131401 -0.01724614 0.83420476
-0.00837289 -0.01704810 0.81834906
-0.01824788 -0.01399946 0.83594514
-0.01648266 -0.01726522 0.83657831
-0.00928947 -0.01955472 0.82474706
-0.00358942 -0.02465610 0.80390320
-0.00177282 -0.01374878 0.80105491
-0.00382616 -0.01704745 0.79143470
-0.00452191 -0.02070669 0.79311771
-0.01207268 -0.01768567 0.80813293
-0.00836051 -0.02160608 0.77687191
-0.01138149 -0.01212958 0.79686842
-0.00832686 -0.00876525 0.79970308
-0.01034077 -0.01639657 0.78809777
-0.00703536 -0.02482000 0.76725100
-0.00487819 -0.02074771 0.77411799
0.00036048 -0.02259743 0.75341189
-0.00430750 -0.01507260 0.76379896
-0.01212449 -0.01307612 0.76972419
-0.01503875 -0.01880787 0.76980140
-0.02009370 -0.01371913 0.78074494
-0.00908715 -0.01714725 0.75784591
-0.00463271 -0.02103258 0.75371762
-0.00784066 -0.01851676 0.75615845
-0.01202368 -0.01616024 0.74939155
-0.00139523 -0.01480750 0.74580360
0.00161911 -0.01556183 0.74657847
-0.00661054 -0.02685076 0.74598640
-0.01273643 -0.02409075 0.73403691
-0.00030617 -0.01227596 0.72120355
0.00798967 -0.00986029 0.71473556
-0.01057050 -0.00702193 0.74362668
-0.01067670 -0.01618666 0.72650092
-0.01339044 -0.01792372 0.73095590
-0.00648821 -0.01474162 0.71916758
-0.01293784 -0.00890470 0.72736781
-0.01640685 -0.01789578 0.71480701
-0.02441562 -0.02137680 0.71993132
-0.01792610 -0.01906335 0.71872993
-0.00954777 -0.01065559 0.70926659
-0.01475344 -0.01248985 0.71215658
-0.00676091 -0.01496985 0.68978711
-0.00279023 -0.01644327 0.69186592
-0.00422597 -0.01465920 0.68761681
-0.01710403 -0.00982876 0.69659578
-0.00728680 -0.01390514 0.66934789
-0.00865588 -0.01678652 0.66684407
-0.01102087 -0.01307602 0.66224447
-0.00951595 -0.01472155 0.65921023
-0.00665369 -0.01016863 0.65098490
-0.00507731 -0.01426959 0.64730045
-0.01103673 -0.01356687 0.64999734
-0.01597872 -0.01225421 0.65233874
-0.00691464 -0.01779678 0.63600003
0.00203661 -0.01529637 0.63210512
0.00202178 -0.00919059 0.63210232
-0.00946419 -0.01333354 0.63513134
-0.01371012 -0.01197467 0.63934075
-0.00279072 -0.01541634 0.62065353
0.00575617 -0.01396004 0.62486211
-0.00147619 -0.01514726 0.63541967
-0.00548644 -0.00496272 0.65377535
-0.00180482 -0.00269070 0.65821838
0.00217933 -0.01399293 0.64585075
0.00143835 -0.01027944 0.67066256
0.00490985 -0.01813813 0.67527051
0.00510777 -0.01319501 0.67687575
-0.00850518 -0.00888091 0.71693419
-0.00233341 -0.00353506 0.72309344
0.00499526 -0.01432594 0.71852854
0.01140481 -0.01770393 0.72298776
0.00020079 -0.01147348 0.73735867
0.00190494 -0.00583309 0.76062932
-0.00501568 -0.00282636 0.78320628
0.00047903 -0.01059411 0.78765337
-0.00345396 -0.00242834 0.79637417
-0.00067992 -0.01322293 0.81364402
0.00627582 -0.01766155 0.81746250
0.00139589 -0.01334439 0.84085759
-0.01099851 -0.00453896 0.86166954
-0.01121876 -0.01592396 0.87477847
-0.01226488 -0.00210580 0.89527152
-0.00444843 -0.01825523 0.88803121
-0.00196757 -0.01738116 0.90501352
-0.00911805 -0.00676330 0.93330214
-0.00554687 -0.00841102 0.93766397
-0.00939763 0.00169321 0.95382776
-0.00206082 -0.02155637 0.94530792
-0.00737641 -0.01802330 0.95584825
-0.01994776 -0.01624097 0.97954907
-0.01188042 -0.01235890 0.98124310
-0.01227699 -0.01098163 0.99940753
-0.01541255 -0.01658872 0.99789578
-0.01617726 -0.02459772 0.99722933
-0.01847333 -0.01694405 1.00847383
-0.01760831 -0.01321812 1.01412387
-0.00738179 -0.01508273 1.01219225
-0.00991605 -0.01909132 1.01878118
0.00984827 -0.01882205 1.00244010
-0.01290652 -0.01769076 1.01957723
-0.01212813 -0.01771371 1.01807516
-0.00345653 -0.02552906 1.00633750
0.00012690 -0.02508516 0.99350041
-0.00199526 -0.01928859 1.00520658
-0.01210628 -0.01969733 1.01941971
-0.01139584 -0.02038021 1.01926932
-0.01247267 -0.01827579 0.99517517
-0.00913915 -0.02410605 0.99315163
-0.01499213 -0.01898455 1.00275868
-0.01687925 -0.02077979 1.00478279
-0.01597782 -0.01952178 1.00129573
-0.01693705 -0.01882454 1.00218464
-0.01809670 -0.02092323 0.99806806
-0.01162009 -0.01823802 0.97896097
-0.01790823 -0.01861574 0.97823792
-0.01963324 -0.01899278 0.98441756
-0.02207118 -0.02008515 0.98831729
-0.01491192 -0.01805253 0.97850140
-0.02026558 -0.02061539 0.98153891
-0.01447690 -0.01869583 0.96608224
-0.02017057 -0.02585814 0.97966578
-0.00380419 -0.02883042 0.92529616
-0.01288197 -0.01994908 0.95834377
-0.01568615 -0.02385087 0.95840757
-0.01526878 -0.01438811 0.96742186
-0.02775079 -0.01055386 0.96942237
-0.02361542 -0.02204301 0.96644531
-0.02306992 -0.01997793 0.96465959
0.00066740 -0.01667572 0.92862318
-0.00853635 -0.01584470 0.92990784
0.00535448 -0.01550553 0.93873488
-0.01099055 -0.01741056 0.94387195
-0.03898517 -0.02366860 0.90976515
0.00424819 -0.01624554 0.93546913
-0.00723925 -0.02146566 0.94652377
-0.00790526 -0.01568496 0.95806884
0.02578043 -0.02138763 0.96028796
-0.00406343 -0.01842505 0.94280281
-0.00304292 -0.02467311 0.91324717
0.00571747 -0.01934274 0.92238771
0.00420788 -0.00537579 0.95070157
0.00669802 -0.01826752 0.93655608
0.00956924 -0.02244476 0.93730501
0.00366113 -0.02049867 0.93464417
0.01017584 -0.02117802 0.94458890
0.00958264 -0.02676968 0.95231719
-0.00119430 -0.02013051 0.96257377
-0.01031890 -0.01339459 0.97591975
0.00953068 -0.00665332 0.97530803
0.00074852 -0.02203879 0.95910286
0.00411881 -0.02361416 0.95376123
-0.00638707 -0.01786443 0.94049066
-0.00509134 -0.02048511 0.96351194
-0.00960720 -0.01757345 0.95561603
-0.00117476 -0.01262120 0.94367772
-0.00457398 -0.01816870 0.95057322
-0.00757837 -0.00949075 0.97056491
-0.01381855 -0.01958594 0.95802600
-0.00684595 -0.01063145 0.93198408
-0.00855292 -0.01836311 0.93519345
-0.01101452 -0.01471451 0.93005406
-0.01603031 -0.01506978 0.92884117
-0.01747114 -0.02430008 0.92985691
-0.01265021 -0.01655495 0.93078668
-0.01068875 -0.01328535 0.93981786
-0.01465790 -0.01974510 0.92880143
-0.01635049 -0.01990829 0.92404331
-0.02192214 -0.00739736 0.92033689
-0.00684792 -0.02175588 0.90242351
0.00083967 -0.02076547 0.91532855
0.00542046 -0.02783336 0.85388818
-0.00804644 -0.02323873 0.86497722
-0.01619170 -0.01895858 0.85317236
-0.01774469 -0.02358827 0.84545475
-0.00516226 -0.02541046 0.82569742
-0.01700591 -0.02643373 0.81330357
-0.02328205 -0.01839736 0.84210026
-0.01598351 -0.01672177 0.84059065
-0.00664783 -0.02459440 0.82587927
-0.01055228 -0.01728005 0.83302767
-0.00756173 -0.01803246 0.83510127
-0.01396872 -0.03102436 0.82809871
-0.01095921 -0.00885432 0.82383957
-0.00501199 -0.01764177 0.80065327
0.00123699 -0.02207062 0.79180984
-0.00314153 -0.01387618 0.79810515
-0.01428630 -0.01513711 0.80890251
-0.01244183 -0.01147851 0.80874451
-0.00731758 -0.02643269 0.78997957
-0.02115615 -0.02381516 0.79384067
-0.01430900 -0.02086618 0.78412519
-0.00952377 -0.01447146 0.77991106
-0.01570939 -0.00948898 0.79220426
-0.01422060 -0.01549628 0.77812586
-0.00972616 -0.01269080 0.77958526
-0.00587428 -0.01792707 0.76711758
-0.00960651 -0.01767854 0.77084097
-0.00564840 -0.01838364 0.74779357
-0.00666970 -0.01013852 0.76257337
-0.01345466 -0.00656537 0.74365576
-0.01511737 -0.01569393 0.71773750
-0.00792315 -0.00686943 0.71733536
-0.00194408 -0.01237337 0.69731084
-0.00532679 -0.01785254 0.65954255
-0.00440669 -0.02236868 0.62405440
-0.02313662 -0.02029089 0.62795565
-0.00477618 -0.01242822 0.57980507
-0.01234889 -0.00929321 0.56936034
-0.00558854 -0.02143658 0.52715011
-0.00799616 -0.01038798 0.50671666
-0.00957824 -0.01276055 0.48422146
-0.00255454 -0.01209699 0.47119334
-0.00175197 -0.01913031 0.45999592
-0.01436799 -0.00911786 0.48263001
-0.00355487 -0.00906633 0.45515853
-0.00953853 -0.01250904 0.46231190
-0.00824260 -0.00779553 0.45387965
-0.00426824 -0.00372713 0.43926184
0.00219627 -0.01625734 0.41351667
-0.00678064 -0.01264679 0.39925875
-0.00258018 -0.00838804 0.37443537
-0.00580810 -0.01114586 0.34853721
-0.00268525 -0.01226449 0.33117477
-0.00735357 -0.00737591 0.33378093
0.00746498 -0.01384919 0.31797526
-0.00066131 -0.00984286 0.32860447
0.00064096 -0.01171739 0.32035287
0.00051913 -0.00889164 0.31855673
-0.00204024 -0.00826242 0.31798897
-0.00151751 -0.01185071 0.30947148
0.00601196 -0.01365974 0.30446203
0.00383854 -0.01385487 0.30583242
0.00275942 -0.01676090 0.30991376
-0.00461729 -0.01010505 0.32495425
0.01966901 -0.00668157 0.31006289
0.00092636 -0.03101115 0.32357402
0.01199707 -0.01005727 0.32975198
0.00632073 -0.00987024 0.33019673
0.00782382 -0.01012899 0.33050116
0.00516747 -0.00293538 0.35144946
0.02415626 -0.00887483 0.34930187
0.01894533 -0.00056427 0.34718734
0.01426370 -0.00874303 0.36503292
0.01216483 -0.01761741 0.38100464
0.00086545 -0.01236284 0.40909788
0.00675374 0.01291182 0.41130453
0.01251629 -0.02248631 0.41615893
0.02893188 -0.00391907 0.41105275
0.03187441 0.00092510 0.43411636
0.03006546 -0.00802017 0.46302638
0.02743956 -0.00166479 0.44849103
0.04292621 -0.00334533 0.46182593
0.03866051 -0.00565633 0.46810001
0.03286958 -0.00441263 0.50535418
0.04352388 0.00210425 0.49396393
0.03605568 -0.00415546 0.52088566
0.03798393 -0.00138456 0.51771845
0.04764122 0.00013865 0.52559503
0.01186256 0.00247904 0.59592371
0.05008185 -0.00416940 0.55651422
0.03178355 -0.00908367 0.57310534
0.03499017 -0.00806477 0.58826644
0.02793103 -0.00813140 0.60448177
0.03822571 0.00686666 0.61101946
0.02692605 -0.00703765 0.63091266
0.03169931 -0.00289782 0.63053466
0.04630936 -0.00274302 0.62274674
0.04941632 -0.00414367 0.66712750
-0.04667138 -0.02552699 0.79173285
0.01929173 0.00395337 0.71971594
0.05626338 -0.00440698 0.65979426
0.04903190 -0.00460825 0.68052211
0.04049886 -0.00777894 0.69327274
0.03946413 -0.02018063 0.67783770
0.04204102 -0.02030708 0.68053906
0.04450752 -0.00423615 0.69612439
0.03955221 -0.01136983 0.69771235
0.03139581 -0.00827268 0.72428556
0.02865157 -0.00966501 0.72897382
0.02336680 -0.02264686 0.73953997
0.02039424 -0.00751836 0.75000262
0.01901317 -0.01008166 0.74401334
0.02135982 -0.01015111 0.75695338
0.02212754 -0.01217234 0.74886581
0.01504272 -0.00674079 0.77652551
0.02796702 -0.02255379 0.75537857
0.00135515 -0.01106265 0.80230290
0.00793141 -0.01351984 0.79055352
0.01413351 -0.01900246 0.79276455
0.00403120 -0.01705153 0.80458121
-0.00132030 -0.00213226 0.79293739
-0.00043342 -0.00565957 0.81373368
0.01127675 0.00040584 0.83607753
0.00537645 -0.00734757 0.83410015
0.00011083 -0.00689854 0.84547982
0.01842600 0.00508739 0.88567520
0.00770109 -0.00474305 0.85357703
0.00662070 -0.00368975 0.85351631
-0.00500787 -0.00812960 0.85100706
0.00012995 -0.01210487 0.83993451
-0.00019121 -0.01171391 0.85803632
0.00794051 -0.00570054 0.86689895
-0.00695231 -0.01887013 0.85612786
-0.00816877 -0.01182027 0.84565226
-0.01153974 -0.01450009 0.84488189
-0.03184195 -0.01482751 0.81972501
-0.02262067 -0.01441373 0.82504378
-0.00705949 -0.00911326 0.83826765
-0.01123351 -0.01603061 0.83057087
-0.01651295 -0.01130773 0.81753046
-0.01284788 -0.01501840 0.80276503
-0.01252056 -0.01802204 0.78857779
-0.02649241 -0.02486490 0.75656744
-0.01572478 -0.01125510 0.74585293
-0.01042471 -0.01804385 0.73008486
-0.04760349 -0.01238752 0.70666721
-0.00687882 -0.01079710 0.70849337
0.00522688 -0.02052743 0.68844697
0.00092647 -0.01797849 0.66189969
0.00479226 -0.02437534 0.64077382
0.00444157 -0.01384304 0.63457924
-0.00272251 -0.00994358 0.61633607
-0.00675548 0.00576316 0.60619822
-0.00227793 -0.02317034 0.58804407
-0.00089964 -0.02043202 0.57680722
0.01486984 -0.02190571 0.56990158
0.09414895 -0.00864914 0.48900605
0.01968878 -0.02008576 0.55243357
0.02423991 -0.01937550 0.54874648
0.02834241 -0.01039106 0.54428495
0.03488307 -0.01399388 0.53287437
0.04536477 0.00765961 0.51883578
0.03835000 -0.00134364 0.51496655
0.04687831 -0.00194574 0.49843832
0.04345019 0.00477753 0.48796716
0.07807368 -0.00413431 0.48636658
0.03900999 -0.00993557 0.48361217
0.04862673 -0.00156318 0.48690625
0.06498259 0.01001803 0.47380210
0.06333608 0.01049958 0.47800994
0.06863194 0.01308740 0.47404775
0.05704132 -0.00926244 0.44607675
0.06971968 -0.01011011 0.48334467
0.06149945 -0.00208543 0.45330279
0.02875567 0.00222934 0.38748386
0.04798923 -0.01510097 0.49409930
0.03470380 -0.00187772 0.48526694
0.05046361 -0.00948820 0.50446722
0.06130592 0.01872062 0.48036057
0.05179816 -0.00185821 0.49480805
0.04657929 -0.00387492 0.50808247
0.03649875 0.01209693 0.52652874
0.03035378 -0.00344066 0.53926755
0.04355727 -0.00172647 0.53876645
0.03488888 0.00344167 0.55281504
0.01607382 -0.01613508 0.56593558
0.01554703 -0.00072398 0.57879709
0.00313645 0.00029595 0.57097076
0.01631373 0.00114822 0.61007888
0.01202542 0.00039952 0.61772029
0.01318704 -0.01129492 0.62491847
0.01249719 -0.00543733 0.62241643
0.00888274 -0.01022383 0.65423646
0.00813313 -0.00539361 0.67615861
0.00664564 -0.00443986 0.69348301
-0.00119402 -0.01270228 0.68649153
0.00833357 0.00258413 0.73151215
-0.00435512 -0.00641157 0.73376779
0.00102383 0.00159408 0.75699186
-0.05153284 -0.00691578 0.72913429
-0.00144285 -0.00061860 0.78544252
-0.01598616 -0.01349083 0.74515376
-0.00661196 -0.00637158 0.80048563
0.00429738 0.00470160 0.82789033
0.01250096 0.00733864 0.83828076
0.00781825 0.00413953 0.85560035
-0.01417490 -0.00739056 0.83054070
-0.02283473 0.00561086 0.86260053
-0.02213312 -0.00379210 0.86992414
-0.01697715 0.00140848 0.88547287
-0.00459021 -0.00629786 0.89655616
0.01490505 -0.01028179 0.92717243
-0.00419459 -0.00094069 0.92830863
0.00466189 0.00480266 0.92581681
0.00065146 -0.00815291 0.94027968
-0.00752230 -0.00544908 0.94267578
-0.00275768 0.00072969 0.95968678
-0.01376444 -0.01338253 0.94289083
-0.01840434 -0.00643598 0.96305360
-0.00632295 -0.00858220 0.97016744
-0.01111636 -0.01302162 0.96353292
-0.00855353 -0.00696513 0.96172173
-0.00951010 0.00216369 0.98581415
-0.00626930 -0.00760247 0.96037049
0.00092502 -0.00659968 0.96115715
0.01085738 0.00659021 0.99583451
0.00918324 -0.00161964 0.96497573
0.01155269 -0.03118915 0.97357274
0.00000000 0.00000000 0.00000000
0.00000000 0.00000000 0.00000000
-0.01026435 -0.01717211 0.94662460
-0.00776604 -0.01323827 0.94418076
-0.00322786 -0.01462026 0.96082520
0.01492772 -0.03113067 0.95394313
-0.00080781 -0.01519423 0.94516275
-0.00028897 -0.01070475 0.93755115
-0.00756412 -0.01051125 0.94922338
0.01819813 -0.00408366 0.96375483
0.01029616 -0.00837217 0.94172226
-0.01488246 -0.02031116 0.93974424
-0.02288613 -0.01583349 0.97029185
-0.00763507 -0.01827647 0.92860055
-0.00880490 -0.01870839 0.93053354
-0.00488588 -0.01517439 0.94275169
-0.01068339 -0.01736611 0.95780953
0.00065641 -0.01147197 0.94651706
0.00166274 -0.01172665 0.94266055
0.01680625 -0.00300058 0.95378468
-0.00365718 -0.01084401 0.95036322
-0.00967370 -0.01622771 0.94996219
-0.00686955 -0.01871528 0.95749599
0.01170128 -0.00274616 0.96984314
-0.04391578 -0.03645929 0.92547848
0.00612675 -0.03252031 0.96487928
-0.01896529 -0.02771082 0.96916784
-0.02706059 -0.02147660 0.97966127
-0.00022865 -0.00939618 0.99832772
-0.01886566 -0.00873231 0.97791711
-0.01089110 -0.01156081 0.98615992
-0.00968600 -0.01676961 1.00321314
-0.00404098 -0.00133773 1.00193363
-0.00679566 -0.01520512 0.99958315
-0.02153909 -0.01349324 1.02589515
-0.01765952 -0.01166685 1.01066880
-0.01335397 -0.01315735 1.02337077
-0.00795171 -0.01922703 1.03265478
-0.00356160 -0.01845562 1.01730498
-0.00922697 -0.01099189 1.03901412
0.01308029 0.00001707 1.06685673
0.00249540 -0.01389255 1.05776713
0.00280877 -0.00908541 1.07454055
0.01033427 -0.00626191 1.07030930
-0.00279302 -0.01384860 1.07665505
-0.00375942 -0.01163117 1.07746998
0.00076859 -0.00992419 1.07941864
-0.00785801 -0.00993767 1.08796536
-0.01752080 -0.01241299 1.07684277
0.00027640 -0.00759941 1.09801075
-0.00938334 -0.01475262 1.07715610
-0.00598800 -0.02285203 1.07519960
-0.01590997 -0.01387866 1.08538495
-0.00231650 -0.01236470 1.08578710
-0.00863927 -0.01485170 1.08138771
-0.00427335 -0.01464356 1.08409118
0.00212721 -0.01101788 1.09500149
-0.02332516 -0.00357181 1.07651251
-0.00964000 -0.01970580 1.08717920
-0.00322215 -0.00758576 1.08958377
-0.01424129 -0.02035423 1.03924820
-0.01333629 -0.02029833 1.08780767
-0.01414630 -0.02062666 1.07587476
0.00976577 -0.01076885 1.09171928
-0.02720228 -0.02736526 1.03651161
0.02813238 0.03893203 1.05194450
-0.02658573 -0.03388711 1.04955007
-0.05677181 0.00017088 1.06858533
-0.02268856 -0.01706929 1.07647175
-0.01838087 -0.02563400 1.08563893
0.00464053 -0.02963773 1.08703282
-0.02051367 -0.01177861 1.04129370
-0.00601857 -0.00181956 1.10076487
-0.00692453 -0.00726116 1.07431058
-0.02125661 -0.01833016 1.05589878
-0.00537718 -0.01908210 1.08596646
-0.00886427 -0.01322803 1.08489107
-0.02218099 -0.00254369 1.09346381
-0.00777126 -0.02100470 1.09559715
-0.01397501 -0.01658910 1.07974251
-0.01049674 -0.01651830 1.09727590
-0.00608134 -0.01311289 1.09926831
-0.00423700 -0.01343603 1.09297246
0.00749291 -0.01017088 1.10326117
0.00576331 -0.00418810 1.12095911
0.00453049 -0.00889767 1.11405786
-0.00594490 -0.00921343 1.10593762
0.00098273 -0.00359527 1.10854694
-0.00284707 -0.05149730 1.16374986
-0.01801984 -0.01649291 1.10557377
-0.01153843 -0.00620567 1.10979776
-0.01144943 -0.00501610 1.12308043
-0.01713289 -0.00698194 1.14817828
-0.01199520 -0.00753933 1.13446293
-0.04007432 -0.01671789 1.12562542
0.00722502 -0.01884097 1.14288215
-0.03726072 -0.00824936 1.16768013
-0.02996796 -0.02222470 1.15962073
-0.02549366 -0.01497547 1.12436885
-0.01031230 -0.01859743 1.15728845
-0.00480842 -0.01099076 1.16624269
-0.01276781 -0.01892969 1.15808260
-0.02293178 -0.02061431 1.14209632
-0.00373992 -0.01182575 1.18764278
0.00407864 -0.01212036 1.19832607
-0.01703102 -0.02465082 1.15519366
-0.00654568 -0.01294369 1.18206848
-0.01058763 -0.01654977 1.19071138
-0.01505334 -0.01449206 1.15795623
-0.02313492 -0.01933668 1.16687252
-0.01599554 -0.01957805 1.17672599
0.02414797 -0.03969713 1.17452382
-0.00774979 -0.01799997 1.16849184
-0.01006690 -0.02256713 1.16320540
-0.01228315 -0.02035376 1.15560302
-0.02097446 -0.01348299 1.14511551
-0.01085962 -0.01829969 1.14816917
-0.02087803 -0.01884942 1.12635932
-0.02122789 -0.00886340 1.14872089
-0.00252513 -0.01404236 1.14456331
-0.00722911 -0.00634224 1.14618976
-0.02474350 -0.02024233 1.14679219
-0.01431475 -0.01689993 1.11929236
-0.01533985 -0.02163602 1.10421797
-0.02194990 -0.01997712 1.10787915
-0.02622333 -0.01851724 1.08118785
-0.01027234 -0.02558682 1.08156805
-0.00351673 -0.03713341 1.07597815
-0.10685282 0.01298369 1.06176657
-0.00841223 -0.01753177 1.04494802
-0.00642331 0.00815130 1.03704486
-0.01232939 -0.03436174 0.99789313
-0.00808946 -0.02935809 0.98233380
-0.04016600 -0.02633377 0.94247250
-0.01526598 -0.01912703 0.94390300
-0.00034298 0.00421725 0.94984434
-0.00525986 -0.01580934 0.92076590
-0.01429425 -0.01955394 0.91622305
-0.00788564 -0.01675272 0.89223753
-0.02529129 -0.02092231 0.84763239
-0.01849550 -0.01952243 0.85643379
-0.01710928 -0.02266711 0.81458690
0.00385285 -0.00980648 0.82485760
-0.00160690 0.00011277 0.83843460
0.00896288 -0.01068219 0.82952835
0.00239715 -0.00739101 0.81125939
0.02108562 -0.00491453 0.81078650
0.00604901 -0.01625371 0.76802898
0.00951182 -0.00805415 0.75831293
0.01133510 -0.00814442 0.76027736
0.00663780 -0.01110318 0.73772272
0.00778645 -0.01137251 0.73135652
0.00590830 -0.01572375 0.70047714
0.00936458 -0.00956514 0.70852049
0.00615455 -0.01295051 0.69074493
0.00671978 -0.01433600 0.69269669
0.00496861 -0.00658219 0.67908128
-0.00243775 -0.00983499 0.66063137
-0.01612081 -0.04143798 0.66380396
0.00461623 -0.01124634 0.63763518
-0.00798927 -0.00482467 0.61472520
0.02239397 -0.00969163 0.62809131
0.00087117 -0.01466501 0.58483032
0.02127108 -0.01248244 0.59407137
-0.01518560 -0.01537040 0.55933613
0.00592451 -0.00308840 0.53628979
-0.00961574 -0.00468158 0.51275079
-0.00896810 -0.03082837 0.47697767
-0.01098258 -0.02336262 0.44162169
-0.00359161 -0.01988839 0.42371905
-0.02217885 -0.02169524 0.39421663
-0.00852328 -0.01700003 0.36663441
-0.00466322 -0.00876238 0.35000622
-0.00354326 -0.01978507 0.31854633
0.00110656 -0.00495394 0.29763709
-0.00478822 -0.00500754 0.27420805
-0.00608758 -0.01032795 0.25037596
-0.00227157 -0.01306565 0.23481158
-0.00445081 -0.00698669 0.22653163
0.00046947 -0.01303811 0.21666375
-0.00647202 -0.00377867 0.21415897
-0.00046959 -0.00197685 0.20853418
0.00213898 -0.00320111 0.19353572
0.00145395 -0.01540454 0.20161150
-0.00282361 0.01390642 0.20468901
-0.00272462 0.00215620 0.20451395
-0.00308898 -0.00979527 0.20389801
0.00131777 0.00293090 0.20583014
0.00133818 -0.00571101 0.19065683
-0.00052668 0.02049840 0.20620754
-0.00320992 0.00154170 0.20043997
-0.00413447 -0.00249659 0.19863498
-0.01100891 -0.00212100 0.20575615
-0.00582484 -0.00423967 0.21643604
-0.01023517 0.00037537 0.22930719
-0.00944347 -0.00339271 0.24935331
-0.01419002 -0.00895612 0.26900847
-0.00349847 -0.00751777 0.28503589
0.00363015 0.01076116 0.31337070
-0.00778035 -0.00642531 0.32608054
0.00204224 0.01226551 0.35861538
-0.00950838 -0.00137877 0.36825046
-0.00693657 0.01136722 0.39852068
-0.00814250 -0.00091977 0.41038913
-0.00348522 0.00095441 0.44185409
0.00635712 0.00081317 0.47103468
-0.00163104 0.00530801 0.49179565
0.00431706 0.00636131 0.49521719
0.00544862 0.00984157 0.52363446
0.00411032 -0.00037174 0.54294179
0.01878259 -0.00440184 0.55853739
0.00692813 0.00877391 0.58378492
0.00098039 -0.00456077 0.60449487
0.00542517 -0.00786533 0.63344624
0.01124026 0.00576373 0.65084577
0.00917831 0.00525792 0.66516006
-0.01538241 -0.00607600 0.66687292
-0.01432026 -0.00813884 0.68937510
-0.01364383 -0.00556024 0.70447075
0.00839388 0.00279302 0.72585362
-0.00717039 0.01479372 0.74653469
0.00235318 0.00489477 0.77505997
-0.00567801 -0.01132490 0.79157440
-0.00619761 -0.00465288 0.80871295
-0.01965557 -0.00774127 0.82694224
-0.01564306 -0.00669318 0.83514823
-0.00211749 -0.00441133 0.85423513
-0.00429602 0.00423429 0.87264926
-0.01118407 -0.00483435 0.88845319
-0.00673673 -0.00857250 0.89932318
-0.00527296 -0.00571870 0.90455911
-0.00521516 -0.00780841 0.93009697
-0.00223257 -0.00797442 0.93010759
-0.00505114 -0.01252335 0.93817639
-0.00212111 -0.00270463 0.96174220
-0.00274109 -0.00694695 0.96443721
-0.01062934 -0.00623216 0.97055232
-0.02245893 -0.01728881 0.95597831
-0.00270889 -0.01238343 1.00158680
0.00134990 -0.00835055 1.01425218
-0.00997325 -0.01264663 0.98792824
0.00264189 -0.00898718 1.02406384
0.00751123 -0.01164340 1.03869785
0.00592116 -0.01000762 1.03318563
-0.00218183 -0.01806723 1.04097314
-0.00928045 -0.01415841 1.04213656
-0.00405596 -0.01359960 1.04135226
-0.00876010 -0.01013171 1.04468225
-0.01545612 -0.01130911 1.04127601
-0.01444206 -0.01550563 1.05252761
0.00517603 -0.01438731 1.06692220
0.00050637 -0.00999711 1.05404692
0.00056316 -0.01569757 1.05917641
-0.00239545 -0.01397370 1.06449301
-0.00770747 -0.01468757 1.06097319
-0.00287182 -0.01603420 1.07383963
-0.01768552 -0.03660845 1.07249941
-0.01426164 -0.02360264 1.06913603
-0.04215532 -0.00815936 1.06646137
-0.01775245 -0.01806182 1.06566045
-0.02643522 -0.01681677 1.08355149
-0.00725140 -0.02342311 1.07333024
-0.01846883 -0.02495149 1.07566532
-0.01327228 -0.01948426 1.05552398
-0.00617060 -0.01501974 1.05677253
-0.00307393 -0.01433783 1.06714818
-0.01362350 -0.01949969 1.06904393
-0.00179004 -0.01517075 1.07192688
0.00196862 -0.02315762 1.07049592
-0.00098711 -0.02309547 1.06718950
-0.00076707 -0.01589050 1.08157135
0.00022476 -0.01325428 1.06662995
-0.02289935 -0.02971378 1.10083706
-0.00367090 -0.01089000 1.07599321
-0.00545065 -0.01637530 1.06730906
-0.00605151 -0.01921552 1.07706929
-0.00218291 -0.01761711 1.06811298
-0.01232283 -0.02112929 1.06901768
-0.01239912 -0.01678365 1.08288348
0.00137041 -0.01314417 1.10460183
0.01885186 -0.01611354 1.10362944
-0.00543837 -0.01552022 1.09310940
-0.00871332 -0.01676588 1.09289807
-0.00663657 -0.01944557 1.07916973
-0.01523072 -0.01907623 1.07175446
-0.02784489 -0.00887578 1.09623328
-0.00030865 -0.00750248 1.11742747
-0.01761907 -0.01287730 1.08419319
-0.02243639 -0.01730516 1.08341719
-0.00105013 -0.00385563 1.10930894
-0.00617556 -0.01064399 1.10813955
0.01007011 -0.00402309 1.09673299
-0.00643989 -0.00779836 1.08871881
-0.01491432 -0.00965763 1.10170417
-0.02963837 -0.00383605 1.11750153
0.00955688 -0.00453288 1.11525331
-0.00800372 -0.00622206 1.10864478
-0.01360477 -0.00350343 1.11076722
-0.03222233 0.00843812 1.11266788
-0.03178539 -0.02765339 1.08841386
-0.01831558 -0.01630426 1.10689062
0.00078372 -0.00989970 1.13669782
-0.01032639 -0.01266216 1.11273357
-0.02022800 -0.01834785 1.09224695
0.04830716 -0.01727007 1.15448722
-0.00348924 0.00510306 1.11409555
-0.01807053 -0.01554295 1.08396708
-0.01275781 0.01245663 1.10576274
-0.02197877 -0.02266034 1.09725096
-0.00697979 -0.01449453 1.11258799
0.00049132 -0.01487773 1.11668445
-0.00532525 -0.02107192 1.10440222
-0.00344929 -0.00636708 1.11984376
-0.00377126 -0.01353250 1.10663873
-0.02392488 -0.00481582 1.12591547
-0.01930692 -0.02177512 1.13159050
-0.00351145 -0.01697022 1.11940747
-0.00433993 -0.01363064 1.12704964
-0.00043817 -0.00713440 1.13152935
-0.01966060 -0.00870422 1.12552213
-0.00457501 -0.01299901 1.12970779
-0.00003038 -0.01622733 1.12486820
0.00350599 -0.01793690 1.12716975
-0.00195454 -0.01676156 1.12580096
-0.01423650 -0.01291461 1.10859065
-0.01231549 -0.02097181 1.11059797
-0.00956327 -0.01213441 1.11648614
-0.02254835 -0.01763691 1.11712014
-0.02607591 -0.02488097 1.11191833
-0.00188396 -0.01383167 1.13916332
-0.00430545 -0.01326545 1.14438770
0.00361210 -0.03290518 1.13772726
0.01032311 -0.01999524 1.13933386
-0.02094860 -0.01619035 1.12464466
-0.00313238 -0.01957631 1.15374172
-0.01696079 -0.01871837 1.12712118
0.00136371 -0.01873354 1.12649596
-0.00939713 -0.02104185 1.13511868
-0.00776205 -0.01407010 1.14168743
-0.01301052 -0.02964318 1.13892349
0.00825800 -0.00091323 1.15119783
-0.00433740 -0.02909176 1.14270392
-0.00669631 -0.02838010 1.15116833
-0.00156710 -0.01322768 1.15907788
0.00177947 -0.00729152 1.15859490
-0.00769023 -0.01402216 1.13889116
0.00985785 -0.01258375 1.15349689
0.00857698 -0.00361918 1.15767712
0.02145108 0.00068518 1.18464657
0.00686868 -0.01328886 1.17011147
-0.00854757 -0.01935235 1.13469629
-0.00699614 -0.00197962 1.14284798
-0.01493726 -0.02037330 1.12340907
-0.00415527 -0.02192709 1.14986729
0.00012448 -0.01415140 1.15751225
-0.01024570 -0.02572956 1.11810472
0.00032930 -0.02068425 1.12839112
-0.01289627 -0.01853706 1.11258490
0.00153415 -0.00644173 1.12232876
-0.01795476 -0.00592627 1.10829137
-0.00488645 -0.01125784 1.11482258
-0.01435861 -0.02086752 1.10025642
-0.01091632 -0.02068363 1.08870500
0.01239346 -0.02350891 1.11305008
-0.00160665 -0.02175110 1.09725394
-0.00831918 -0.01102259 1.07480326
0.00475291 -0.00601839 1.09541660
0.00786255 -0.01258853 1.09214823
-0.00037989 -0.01647973 1.07849561
-0.01327016 -0.02082195 1.05122603
-0.00927057 -0.03550881 1.04300902
-0.01397505 -0.02322294 1.02664131
-0.00668986 -0.01441644 1.03174471
-0.01936187 -0.01337706 1.02067948
0.00020648 -0.00233461 1.02344600
-0.00598838 0.00457916 1.03852143
-0.00700117 -0.01431527 1.01828523
-0.00765518 -0.01068486 1.02441255
-0.00957130 -0.01784866 0.99327875
0.00211358 -0.02925952 1.00215211
-0.00657066 -0.01548165 0.98111267
-0.00071155 -0.00096922 0.99038928
0.00077424 -0.02066367 0.97818191
0.01155915 -0.02942648 0.96830206
-0.00045457 -0.02341937 0.96958257
-0.00793845 -0.01818603 0.96286068
-0.00389370 -0.01824796 0.96196834
-0.00585890 -0.01111583 0.94901910
-0.00995883 -0.03545098 0.94729337
-0.02668053 -0.01876511 0.92501172
-0.02178523 -0.01420813 0.90972126
-0.01763915 -0.01687076 0.91872328
-0.02153380 -0.02279779 0.90983563
-0.03010819 -0.00370320 0.88337099
-0.00445184 -0.01251875 0.91331312
-0.01894353 -0.06044220 0.90645834
-0.04057629 -0.02706634 0.88813748
-0.00714149 -0.01579921 0.89849975
-0.01693944 -0.01258915 0.87570872
0.00047099 -0.05466137 0.90431274
-0.00057245 -0.00357072 0.90139421
-0.01496409 -0.01189690 0.88258296
-0.00775825 -0.01040002 0.88654922
-0.02258116 -0.01800485 0.84839240
-0.01610179 -0.01096727 0.86415188
-0.01620298 -0.01173461 0.84748941
0.00097872 0.02052091 0.85354023
0.01141412 0.00119971 0.88744832
-0.01704637 -0.01277482 0.83228002
-0.00170233 0.00601443 0.86458076
0.01054169 -0.00705535 0.83641529
-0.00675984 -0.00543578 0.82551339
0.01208429 0.00549181 0.82243548
-0.02794911 -0.01398739 0.78654164
-0.02378745 -0.02406131 0.76980101
-0.03471789 0.01169388 0.77646742
-0.02087571 -0.02034347 0.75477331
-0.00763889 -0.02858532 0.72749935
0.00100680 -0.01690210 0.71758140
0.01032123 -0.03015786 0.69456910
0.00919638 -0.00786979 0.71037324
0.02629897 -0.01740690 0.69916255
0.00983006 -0.01581318 0.70596476
0.00627998 -0.01957936 0.69829642
0.00672899 -0.01463024 0.68676511
0.00900141 -0.01246123 0.67814995
0.02655914 -0.00954116 0.67032958
0.01567535 -0.01022625 0.64901232
0.03430309 -0.00505428 0.64317392
0.02903828 -0.00471471 0.63183942
0.01813236 -0.01201453 0.60465538
0.02238075 -0.00925302 0.59610055
0.02615741 -0.00111649 0.58790711
0.00614654 -0.01071099 0.57743265
0.00211716 0.00787267 0.56364408
0.01111375 -0.01074742 0.55913429
0.00436356 -0.01464108 0.54477511
0.01088948 -0.00213938 0.53166206
0.00756208 -0.01918778 0.52119943
0.00654764 -0.00907311 0.50802945
0.00406642 -0.00722097 0.49455127
-0.00440482 -0.00951386 0.49158515
-0.00582841 -0.00648031 0.47109539
-0.00338055 -0.00573760 0.46127360
-0.00495337 -0.00662500 0.44965788
-0.00740942 -0.00633647 0.43445751
-0.01059341 0.00642532 0.41968662
-0.02570698 -0.01156056 0.40388890
-0.01855312 0.00449664 0.39174216
-0.02007942 -0.01675899 0.36124509
-0.02729035 -0.01459670 0.36765322
-0.02620161 -0.00654358 0.35762432
-0.03637335 -0.01011795 0.34073154
-0.04189270 -0.00364927 0.33630489
-0.04870047 -0.00554541 0.32618664
-0.04312346 -0.01870580 0.30081696
-0.04714326 -0.00830742 0.31122877
0.02567737 -0.01520834 0.34686510
-0.04277668 -0.00586168 0.31175504
-0.04499228 0.00108968 0.30691885
-0.04432187 -0.00087813 0.30991224
-0.05902951 -0.00046416 0.29754127
-0.04756988 0.00250829 0.30087243
-0.04662769 -0.00814077 0.28604068
-0.05105563 -0.00171850 0.29046372
-0.04253282 0.00620661 0.29454821
-0.02575415 -0.00390256 0.29601388
-0.05479681 -0.00833330 0.27697474
-0.04629727 -0.00040553 0.28056156
-0.03906317 0.00485769 0.29084735
-0.03929074 0.00514453 0.29663867
-0.04210261 0.00879896 0.29964611
-0.03927290 -0.00588100 0.28781355
-0.02572157 -0.00428715 0.29279054
-0.00537920 -0.00722225 0.29776468
-0.02873068 -0.01210032 0.28683089
-0.02165943 -0.00453284 0.29538229
-0.01812098 -0.00120818 0.29830593
-0.01657999 0.00532811 0.29774129
-0.02968710 0.00560563 0.30083451
-0.03029787 0.00477516 0.30985822
-0.02305102 0.00013178 0.32342123
-0.02700726 -0.00439664 0.32465728
-0.02325147 -0.00203602 0.33064256
-0.02551677 0.00382014 0.34334051
-0.03088234 0.00196939 0.34268480
-0.03844669 -0.00908301 0.34388940
-0.03881272 -0.00555115 0.35564568
-0.03011779 -0.00232637 0.37044476
-0.03148757 0.00255119 0.37700576
-0.03738525 0.00130591 0.38734511
-0.04228355 0.00882486 0.40973141
-0.05882369 0.00264720 0.40581057
-0.03765984 -0.00027329 0.44825168
-0.04869884 -0.00629200 0.46036334
-0.03410905 0.00311630 0.47517165
-0.05427012 0.00716129 0.49437338
-0.03629926 0.00771371 0.53246406
-0.04120208 0.00407249 0.52463625
-0.01927386 0.00376276 0.55355889
-0.01214505 0.00693657 0.59575603
-0.00812710 0.00086635 0.60776350
-0.00808809 0.01005397 0.65147832
-0.02242839 0.00514948 0.66162884
-0.01995809 0.01102220 0.69013045
-0.01982016 0.00125307 0.71433665
-0.02634703 -0.00493290 0.74210071
-0.02022326 -0.00170990 0.76470164
-0.02897782 -0.00844534 0.76827752
-0.03343781 0.00339738 0.78447033
-0.00215416 -0.00317907 0.82913127
-0.01868193 -0.01706706 0.85186440
-0.01806320 -0.00602445 0.88256056
-0.01907189 -0.00185136 0.89323043
-0.00967340 -0.00108610 0.93461309
-0.00790865 -0.00930531 0.94944506
0.00034270 -0.01488764 0.98431618
-0.00333633 -0.00686331 0.99315188
-0.00075592 -0.00865807 1.02519320
-0.00604554 -0.00792386 1.06420556
0.01465799 -0.01410549 1.06480276
-0.00287879 -0.01120612 1.10850632
-0.00741105 -0.01698253 1.11061588
-0.00531478 -0.00646370 1.13635254
0.01483791 0.00634848 1.20642071
-0.02559498 -0.01073966 1.18924662
-0.01676457 -0.00810107 1.17621367
0.01091072 -0.01370688 1.21870305
0.00403063 -0.01872393 1.20345690
-0.01270403 -0.02162140 1.18390749
-0.01857893 -0.02199558 1.17831419
-0.00844740 -0.02483010 1.18511902
-0.02074849 -0.01344388 1.19956809
-0.01109624 -0.01697515 1.18334135
0.01248564 -0.03433376 1.15128658
-0.03337390 -0.02062348 1.14541143
-0.02012866 -0.02213165 1.22471424
-0.00911631 -0.02534365 1.18938117
-0.00841799 -0.02129753 1.18893421
-0.01081278 -0.01588365 1.19450251
-0.01964436 -0.02817451 1.16905855
-0.01254162 -0.02371016 1.17540306
0.00113449 -0.02999214 1.16038533
-0.01254225 -0.02640389 1.17289914
-0.00635104 -0.02600953 1.16882921
0.01008043 -0.05397476 1.18154392
-0.00329512 -0.01416029 1.17792010
-0.01030267 -0.02426063 1.15752306
-0.01087663 -0.04233905 1.15585741
-0.02406001 -0.02101417 1.14178502
-0.02413985 -0.01998606 1.16255458
-0.01381839 -0.01875090 1.15245852
-0.01305109 -0.02163732 1.15799469
-0.02985966 -0.02418512 1.11883341
-0.00069098 -0.00808797 1.14582521
-0.00640185 -0.01439897 1.14437490
-0.01236776 -0.01382950 1.14086304
0.01144621 -0.01220697 1.16311457
-0.01766463 -0.02811523 1.14405904
-0.01951369 -0.00803016 1.15539921
0.00899133 -0.02453715 1.15134255
-0.00915741 -0.02018673 1.13883233
-0.00108699 -0.01962280 1.12437151
-0.01661079 -0.02388950 1.14136629
0.00683867 -0.02386819 1.12495617
-0.00609640 -0.02830882 1.12983931
-0.00158692 -0.00693814 1.12627617
0.01514820 -0.01950972 1.11767952
-0.01687014 -0.01513640 1.11375770
-0.02114954 -0.02117395 1.09146654
-0.00997592 -0.02461622 1.09675171
-0.01657164 -0.01602362 1.11738038
-0.03638626 -0.01075069 1.11283186
-0.03511257 -0.01062604 1.12618652
-0.06289110 -0.03655785 1.04816179
-0.01850661 -0.00916335 1.10582776
-0.00334228 -0.00307030 1.10469535
-0.01388566 -0.01683636 1.09821052
-0.00318004 -0.02249931 1.10830949
-0.00096745 -0.02271582 1.10619410
-0.00848032 -0.02992528 1.06004852
-0.00836218 -0.00917655 1.12884088
-0.01546438 -0.01527211 1.08297911
-0.00458508 -0.02333600 1.07335945
-0.01323531 -0.01625754 1.11381175
-0.00401032 -0.02097753 1.07853684
-0.01031402 -0.02856800 1.06804889
-0.01766364 -0.01677755 1.07078129
-0.00457964 -0.02556697 1.05640249
-0.00151148 -0.02117952 1.08558268
-0.00520226 -0.02217317 1.05786326
-0.01111598 -0.03015682 1.05790643
-0.00830721 -0.02658480 1.06749454
-0.00776890 -0.02350181 1.05598521
-0.00958601 -0.02041440 1.06016243
-0.01992473 -0.02830753 1.05320065
0.00174234 -0.00336341 1.08333293
-0.00593767 -0.02554588 1.06811634
-0.00609503 -0.02352849 1.05433392
-0.00189946 -0.01548493 1.05442937
-0.00628652 -0.01039051 1.05274442
-0.00456450 -0.01851716 1.04946612
-0.00818760 -0.01460318 1.03421024
-0.00751851 -0.01905575 1.02829741
-0.00368105 -0.02348238 1.04429521
-0.00310655 -0.00895820 1.02708218
-0.01438149 -0.01641168 1.03889773
0.01264276 0.00920482 1.00764745
-0.00398915 -0.02634968 1.01949808
-0.01808604 -0.02087289 0.99911115
-0.01659746 -0.01091919 1.02157866
-0.00053317 -0.01536816 1.01394964
0.00155995 -0.02200806 1.00857360
-0.00510800 -0.01735839 0.99991791
-0.00563132 -0.01732957 1.00798889
-0.00840947 -0.01616497 1.00003634
-0.00262671 -0.02082933 0.99442889
-0.01061791 -0.01704801 0.99671631
-0.01877849 -0.03733666 0.99784791
-0.01009879 -0.02548034 0.97931264
-0.01235950 -0.01904901 0.98151932
0.00103601 -0.02662070 0.97293211
-0.02027646 -0.01275826 0.99280595
-0.01949816 -0.00901922 0.97203369
-0.02569014 -0.01259289 0.97078206
-0.02179766 -0.01602465 0.98458301
-0.02156366 -0.03043130 0.96568711
-0.01203891 0.00166033 0.96731792
-0.02588067 -0.02149831 0.96186904
-0.02787998 -0.01866434 0.96077306
-0.01718451 -0.02115407 0.94811294
-0.03276141 -0.03412788 0.95523518
-0.02144844 -0.02235076 0.94261178
-0.00941684 0.00313189 0.97121620
-0.02448638 -0.02189403 0.93340841
-0.03346560 -0.01911598 0.95299256
-0.01104551 -0.00764414 0.96132487
-0.02914831 -0.02130195 0.94895087
-0.02473043 -0.01240311 0.94337229
-0.02505766 -0.02001685 0.96312760
-0.04804732 -0.01339829 0.97909020
-0.03898768 -0.00915663 0.97019665
-0.01803302 -0.02449827 0.96930238
-0.03291022 -0.02295693 0.97068637
-0.03815427 -0.01556978 0.98627761
-0.03246339 -0.01512512 0.99578017
-0.03401960 -0.02156644 0.99974745
-0.02518449 -0.01580130 0.99419088
-0.02828119 -0.00219970 1.02524693
-0.05128689 -0.01611254 1.03352762
-0.03560877 -0.01584097 1.00281641
-0.02827317 -0.02347586 1.01870249
-0.04207739 -0.00638684 1.01766616
-0.03339562 -0.00130001 1.05152237
-0.04153133 -0.01455367 1.05786336
-0.03209843 -0.01914983 1.05625390
-0.03238348 -0.01402043 1.06764074
-0.02193547 -0.02009388 1.06835605
-0.02415181 -0.01843985 1.08191462
-0.02010176 -0.01097959 1.10561288
-0.01770239 -0.02147917 1.09355398
-0.00868593 -0.01988547 1.11414406
-0.02135238 -0.02238983 1.10807852
-0.00861156 -0.00896707 1.13783676
-0.01797416 -0.02492270 1.12799856
-0.01188378 -0.02094586 1.14305524
-0.00852836 -0.02400478 1.13590523
-0.01286236 -0.02490036 1.13066790
-0.01087344 -0.02000660 1.13311561
-0.03029087 -0.02336134 1.14921375
-0.01465022 -0.02210027 1.14906578
-0.00893639 -0.02504491 1.12509327
0.00127031 -0.02920067 1.11460514
-0.02812403 -0.01505217 1.14643633
-0.00882410 -0.02220769 1.12749115
-0.01091667 -0.01993985 1.12994030
-0.01436118 -0.02748646 1.12557558
-0.00280845 -0.03364873 1.11393304
0.00523285 -0.02811784 1.10638591
-0.00645507 -0.03264890 1.10982222
0.00332231 -0.01841113 1.10199140
-0.01948335 -0.01890651 1.12369772
-0.00472953 -0.02051061 1.09100865
0.00080805 -0.02026971 1.09212020
-0.00062892 -0.01582996 1.08466790
-0.00206012 -0.01942298 1.07593793
-0.00462700 -0.02160443 1.07374778
0.01168828 -0.01724353 1.07283635
0.00109127 -0.02264920 1.06173705
-0.01599120 -0.02935836 1.02484472
-0.00455602 -0.01644001 1.06547176
-0.01443143 -0.02280812 1.03892260
0.00229229 -0.01221378 1.07197898
-0.04366146 -0.01945612 1.09957526
-0.01357062 -0.01811422 1.03656915
-0.24924719 -0.02793111 1.12015920
-0.01635129 -0.02535928 0.99005384
0.01068381 -0.02891881 0.98931614
-0.01200632 -0.01763220 0.96601481
-0.01415928 -0.02031656 0.91718262
0.00649942 -0.01214918 0.92289431
-0.01142851 -0.01383799 0.86397710
0.01678288 -0.04523821 0.83306424
-0.12425182 -0.00288095 0.99449566
-0.03695639 -0.00477643 0.74960906
-0.01431912 -0.01662001 0.75454496
-0.01517737 -0.01381435 0.73709259
-0.01384850 -0.01449896 0.70186887
-0.00931335 -0.01227855 0.69159140
-0.00726178 -0.00607068 0.66314561
-0.01341957 -0.01328894 0.63588363
0.00564484 -0.07896908 0.60858040
-0.02104605 -0.01435225 0.58531743
0.00669825 0.00656195 0.60087676
-0.01117603 -0.01514316 0.57185004
-0.01711248 -0.00745020 0.55077088
-0.01394951 0.00112693 0.55745616
-0.01211679 0.00361209 0.50790143
-0.03573524 -0.07647508 0.43858669
-0.02247796 -0.04140927 0.46751470
-0.01954036 -0.01809400 0.47360726
-0.01191190 0.00107519 0.47071186
-0.02452290 -0.05141412 0.43504423
-0.02431747 -0.03174221 0.42050096
-0.02123916 -0.00997968 0.41410374
-0.02019874 -0.01033955 0.36676860
-0.04928060 -0.01420935 0.34087824
-0.03697400 -0.01794560 0.33239485
-0.02079503 -0.01149705 0.31840879
-0.03081066 -0.00346898 0.29809457
-0.01869050 -0.00716693 0.29664085
-0.03394414 -0.00732151 0.28164421
-0.02275193 0.00083416 0.29354609
-0.02682183 0.00288067 0.29776555
-0.04324539 -0.00431127 0.28168009
-0.02864187 -0.02316856 0.24451682
-0.03096883 0.00143638 0.27366646
-0.02407822 -0.02869619 0.26142017
-0.01600650 0.00623732 0.27959106
-0.01655658 -0.00981988 0.29113868
-0.03094418 0.00231210 0.28584295
-0.02530980 -0.00800671 0.29097546
-0.02155560 0.00516375 0.31391631
-0.01999172 -0.00820935 0.31546644
-0.03021242 0.00219776 0.33323160
-0.02757624 -0.00972300 0.33339715
-0.02971473 -0.00851635 0.35200856
-0.03288788 -0.00623000 0.37302211
-0.01603996 -0.00663676 0.36292350
-0.03215921 -0.00410190 0.41031981
-0.03795818 0.00586096 0.43039694
-0.03882038 -0.00126794 0.43742052
-0.03018580 0.01637644 0.39910621
-0.02842324 -0.00284297 0.48543241
-0.02251571 -0.00204506 0.51174435
-0.01660146 -0.02130595 0.51777841
-0.02269763 -0.00235403 0.55457303
-0.03254584 -0.00535393 0.57820381
-0.02022568 -0.00683624 0.58827463
-0.02708237 0.00908436 0.63582888
-0.03451379 0.00343093 0.62744708
0.06727445 0.00107191 0.68139846
-0.03130574 -0.00805438 0.67530693
-0.03318139 -0.00689954 0.70799959
-0.03056086 -0.00834576 0.72511110
-0.03072052 0.00465334 0.73065543
-0.00128876 0.00701431 0.73196648
-0.00044495 -0.03011637 0.74043090
-0.03626106 -0.00283177 0.80491103
-0.02694736 -0.02141961 0.82055833
-0.01433413 -0.02260731 0.83210237
-0.02882993 -0.00807067 0.85912925
-0.02049311 -0.01857829 0.88176484
-0.03025807 0.00018167 0.91857884
-0.01962858 -0.01093513 0.92370407
-0.01587794 -0.00758015 0.94639589
-0.00623279 -0.01028594 0.96210571
-0.01292423 -0.01188441 0.98803996
-0.01435168 -0.01214802 1.00662021
-0.00751031 -0.00563738 1.01303394
-0.00293636 -0.00668288 1.02501002
-0.01333333 -0.00436030 1.03709378
-0.00423750 -0.01638682 1.05231590
-0.01223986 -0.01272124 1.07865819
-0.00728965 -0.00919937 1.08842386
0.00385498 -0.01172450 1.09557063
-0.00211970 -0.00937905 1.10554959
-0.01229409 -0.00788190 1.13003510
-0.00918936 -0.00872400 1.14958273
-0.00716603 -0.01207371 1.16148095
-0.00279897 -0.01187562 1.16305245
-0.01115692 -0.00238334 1.17253861
0.00328141 -0.01054724 1.18117930
0.00285673 -0.00799084 1.19645466
0.01256005 -0.01062271 1.21270280
-0.00133260 -0.01529982 1.21995687
-0.00657125 -0.02018693 1.21087130
0.00044464 -0.02222129 1.22258460
-0.00320756 -0.01492641 1.21326070
-0.00731684 -0.01850148 1.21528700
0.17334241 0.03794375 1.20408294
-0.00794763 -0.01498966 1.20973129
0.00213426 -0.01287549 1.20960064
-0.01880555 -0.02375923 1.24637573
0.00241213 -0.02872749 1.21520441
-0.01258447 -0.01971756 1.23811112
0.00009062 -0.02043251 1.23073908
0.01981941 -0.03209131 1.21507679
-0.01278671 -0.03327934 1.22124655
0.00132886 -0.00622729 1.20479251
-0.00990406 -0.02361517 1.21835113
-0.03253801 -0.02172740 1.23125828
-0.03583269 -0.01526080 1.24461939
-0.00387030 -0.02327194 1.20894123
-0.01006733 -0.02694863 1.20576103
-0.00460261 -0.01837011 1.20031801
-0.04243499 -0.03364810 1.27115015
-0.02260048 -0.02807269 1.20822334
-0.00654793 0.03271154 1.23290765
-0.01536099 -0.01808218 1.23040046
-0.02982685 -0.07028375 1.24905918
-0.01549080 -0.02714322 1.22203506
-0.06813557 -0.05602622 1.27217753
-0.03846587 -0.01413084 1.24952584
0.00281594 -0.01541117 1.21557661
-0.01344187 -0.01964153 1.20576969
-0.01534973 -0.02985574 1.21049287
-0.00467012 -0.03303708 1.19858965
-0.01664721 -0.01952766 1.20670878
-0.01165531 -0.02838542 1.19621328
-0.00422886 -0.02452163 1.19101913
-0.00905777 -0.02139575 1.17881020
-0.02165042 -0.02392154 1.19031838
-0.00752232 -0.02459370 1.16873904
-0.02414066 -0.03877548 1.17348911
-0.01755885 -0.02102900 1.17558282
-0.00917227 -0.01833680 1.16720525
-0.01163036 -0.02283528 1.17670254
-0.01678330 -0.02964052 1.16532466
-0.00487187 -0.02752478 1.14269531
0.00009572 -0.02155949 1.14417217
-0.00739147 -0.02254278 1.16096079
-0.00229251 -0.02064545 1.16084717
-0.02341737 -0.00711867 1.20573983
0.00368795 -0.02765812 1.13316665
0.00412104 -0.01408670 1.14753947
-0.00464798 -0.02159264 1.14805386
-0.00251409 -0.02093532 1.13659916
-0.01125320 -0.02153715 1.16300828
-0.01068125 -0.02619142 1.14462744
-0.00496518 -0.02371125 1.13300801
-0.02600639 -0.01634806 1.18113647
-0.00597180 -0.01756615 1.10678412
-0.00806335 -0.01580388 1.14224181
-0.00064478 -0.02418127 1.13004552
-0.01093605 -0.01953020 1.12972960
-0.00549110 -0.03028964 1.12472134
-0.01308407 -0.02674544 1.11919781
-0.02070166 -0.03733234 1.13616188
-0.00717884 -0.02665514 1.11772206
0.00618095 -0.01638937 1.11508102
0.00482472 -0.01657802 1.13376860
-0.01105981 -0.02092688 1.14995685
-0.00180955 -0.01918638 1.14657564
0.00619400 -0.02277333 1.11975871
0.00226533 -0.01657952 1.14486104
-0.01179319 -0.01906083 1.15376556
-0.00659059 -0.02552357 1.14281101
-0.00702062 -0.02448566 1.14537789
-0.00578258 -0.01725597 1.14887891
-0.01237602 -0.02783290 1.15492568
-0.00343474 -0.02078760 1.14490120
0.00069136 -0.02302821 1.14448555
-0.00002618 -0.01980321 1.14723841
-0.00774420 -0.02051908 1.15240344
-0.00548029 -0.02825579 1.13210447
-0.00804722 -0.01553353 1.12393075
0.00676153 -0.02840627 1.12002479
-0.00317723 -0.02468542 1.12296037
0.00672354 -0.02489189 1.12110139
-0.00505935 -0.02253806 1.12221700
-0.01970619 -0.01528087 1.14948337
-0.02883586 -0.02036235 1.15090422
-0.00890396 -0.01899152 1.13344422
-0.00001772 -0.02285674 1.10213177
-0.01221723 -0.02003021 1.11650754
-0.01174068 -0.02233675 1.10900419
-0.00108668 -0.02279311 1.08468121
-0.00159328 -0.02267544 1.09723139
0.00047904 -0.01765780 1.10114909
-0.01468634 -0.01523838 1.11449703
-0.00707401 -0.02255403 1.09701509
-0.00339165 -0.02156513 1.09149442
0.00280488 -0.02585646 1.09751236
-0.00537565 -0.01789372 1.09056720
-0.01708696 -0.02321469 1.10175947
-0.00965758 -0.01856568 1.08837368
-0.00363299 -0.03147139 1.08288240
-0.00320818 -0.02492201 1.08014440
-0.00749637 -0.01395563 1.08336518
-0.01643530 -0.01088618 1.10795395
-0.00459558 -0.03111995 1.06364419
-0.00072982 -0.02182228 1.05314012
-0.00998494 -0.01803951 1.07012265
-0.00937299 -0.02073776 1.06479479
-0.00838658 -0.02844083 1.04792919
-0.00254689 -0.02324903 1.04157226
-0.00188148 -0.02235666 1.03389953
-0.00545257 -0.01479104 1.04401177
-0.01208207 -0.01635805 1.04786960
-0.00230315 -0.02630985 1.02497043
-0.00457489 -0.02250887 1.03028478
-0.01595022 -0.01980002 1.04441769
-0.00577441 -0.03085221 1.03818214
-0.00253599 -0.02422703 1.01796498
-0.00594287 -0.02378896 1.01404081
-0.00740362 -0.02088869 1.00376174
-0.00131774 -0.01891387 0.98861296
-0.00877645 -0.01616728 0.98785218
-0.01068427 -0.01675595 0.97648634
-0.00642528 -0.03440532 0.96053616
0.00839148 -0.03207758 0.94964954
0.00010537 -0.01983516 0.94265986
-0.02145993 0.01335122 0.92672810
-0.01431604 -0.02067171 0.92165586
0.00059946 -0.02139807 0.89508404
-0.00288923 -0.02130242 0.88142024
0.00773157 -0.00998551 0.88058454
-0.00426653 -0.02558353 0.85194305
0.05251052 -0.09507756 0.82203850
0.07402087 -0.03511567 0.82229383
-0.01122681 -0.02335060 0.75922606
-0.00392404 -0.01647280 0.76087302
0.00402060 -0.00928501 0.74478515
-0.00554956 -0.02507055 0.73144428
-0.01234499 -0.01302720 0.70911879
-0.01148163 -0.01262371 0.70993057
-0.00173665 -0.01478264 0.68576499
-0.00647367 -0.01504593 0.66683571
-0.00737669 -0.01423411 0.64799426
-0.00487109 -0.00881614 0.63067624
-0.00432090 -0.00954533 0.61577162
-0.00550460 -0.00957786 0.60436579
0.01154873 -0.01547018 0.58701909
0.01468196 -0.02435860 0.56901483
0.00344960 -0.01173256 0.54769072
0.00046874 -0.01439945 0.52069909
0.00189685 -0.01958905 0.50572471
-0.00000818 -0.00800013 0.48549032
0.00703865 -0.01904926 0.46332157
0.00460845 -0.02325094 0.42933008
0.00387951 -0.02635069 0.39238273
-0.00392245 -0.00035309 0.38141938
0.00279752 -0.01707112 0.35631792
-0.00392015 -0.00164675 0.33393408
-0.00688650 -0.00918899 0.31067810
-0.00800852 -0.01543023 0.29485726
-0.00561106 -0.00715167 0.28222884
-0.02395252 -0.01437544 0.28645263
-0.00932740 -0.00868688 0.26084831
-0.00961559 -0.01522815 0.24921269
-0.01712894 -0.00509402 0.24498788
-0.01536732 -0.00289051 0.24633628
-0.01879191 -0.00661427 0.24325080
-0.02493666 -0.00737863 0.24068355
-0.02791762 -0.00653968 0.23606322
-0.02496726 0.00320366 0.23102252
-0.01355433 0.00241564 0.19701075
-0.00759883 -0.00087715 0.15063319
-0.00713723 -0.00236973 0.10984013
-0.01722615 0.00864127 0.06837390
-0.00454829 -0.00051303 0.03777002
-0.00114692 -0.00202341 0.00576554
0.00000000 0.00000000 0.00000000
0.00000000 0.00000000 0.00000000
0.00089226 -0.00266630 -0.00106130
-0.00143407 -0.00295285 0.00047725
0.00054631 0.00332756 0.00116439
0.00028764 0.00207815 0.00237155
0.00011880 -0.00058444 -0.00041956
0.00000000 0.00000000 0.00000000
0.00000000 0.00000000 0.00000000
0.00000000 0.00000000 0.00000000
0.00000000 0.00000000 0.00000000
0.00000000 0.00000000 0.00000000
0.00000000 0.00000000 0.00000000
0.00000000 0.00000000 0.00000000
0.00000000 0.00000000 0.00000000
0.00000000 0.00000000 0.00000000
0.00000000 0.00000000 0.00000000
0.00000000 0.00000000 0.00000000
0.00000000 0.00000000 0.00000000
0.00000000 0.00000000 0.00000000
0.00066648 0.00013619 -0.00060888
0.00000000 0.00000000 0.00000000
0.00000000 0.00000000 0.00000000
0.00000000 0.00000000 0.00000000
0.00000000 0.00000000 0.00000000
0.00000000 0.00000000 0.00000000
-0.00052983 0.00036328 -0.00095557
0.00000000 0.00000000 0.00000000
0.00019318 -0.00040109 -0.00129557
0.00021267 0.00025944 -0.00207610
-0.00014825 -0.00055837 -0.00182310
0.00049278 -0.00049754 -0.00174762
0.00000000 0.00000000 0.00000000
-0.00032477 0.00190222 -0.00101988
0.00000000 0.00000000 0.00000000
0.00190970 -0.00198654 -0.00133107
-0.00122545 0.00486209 0.00161915
-0.00028798 -0.00026587 -0.00185518
0.00024607 0.00179734 -0.00284470
0.00321978 -0.00284523 -0.00044023
-0.00179384 0.00012392 -0.00087841
0.00028995 0.00057715 -0.00110171
0.00000000 0.00000000 0.00000000
-0.00037689 0.00069596 -0.00205407
0.00272169 -0.00171203 -0.00286727
0.00139946 -0.00056977 -0.00110625
0.00000000 0.00000000 0.00000000
0.00045262 0.00097937 -0.00205485
0.00059650 0.00070228 -0.00066426
0.00080501 0.00044866 -0.00153121
-0.00026437 -0.00084871 -0.00097754
0.00010523 0.00057843 -0.00144820
0.00048768 0.00131228 -0.00169141
-0.00012062 0.00237743 -0.00098404
-0.00048091 0.00057074 -0.00199605
0.00087696 -0.00259477 -0.00198639
0.00140291 0.00313812 -0.00100123
0.00083456 -0.00040107 -0.00155904
-0.00053252 -0.00034096 -0.00114126
-0.00039632 -0.00136900 -0.00195972
-0.00075295 -0.00232520 -0.00277889
0.00154462 -0.00554937 -0.00072719
0.00083694 0.00750215 0.00230151
-0.00032964 -0.01045280 0.00407595
-0.00092942 0.00799911 0.01057763
-0.00326972 -0.00504717 0.01305176
0.00130179 -0.00095159 0.01729029
-0.00055950 0.00658212 0.01908755
-0.00454341 -0.00070462 0.01952031
-0.00109330 -0.00113105 0.02515230
-0.00724638 0.00384585 0.03390340
-0.01208349 -0.00489662 0.04686982
-0.01223299 -0.00210553 0.06860985
-0.01307446 -0.00490833 0.09784891
-0.01682288 -0.01048858 0.12087023
-0.01876908 -0.01301810 0.14456040
-0.02327874 -0.00486843 0.17090858
-0.02707748 -0.00433920 0.19656712
-0.03124561 0.00528817 0.23023372
-0.03801835 -0.00159939 0.25555232
-0.02292157 0.00705293 0.24081979
-0.02204186 0.00847256 0.25641591
-0.03006591 0.01133593 0.27019180
-0.03036877 0.01550879 0.28366813
-0.05305587 -0.00042255 0.35783900
-0.03644347 -0.01259198 0.37033152
-0.03404283 0.00232908 0.37117063
-0.03525359 0.01447132 0.38805561
-0.04628110 0.00123770 0.39164561
-0.04743433 -0.01430752 0.41509596
-0.04907726 -0.00191222 0.45823000
-0.03695938 -0.00521616 0.47620054
-0.03821707 -0.00352046 0.51459354
-0.04638626 -0.00224003 0.53202398
-0.04778988 0.00425034 0.54973689
-0.06383466 -0.00762183 0.58490799
-0.04378128 -0.00396287 0.61734141
-0.03922390 -0.00866143 0.61534158
-0.04496438 0.00512117 0.65506196
-0.04360617 -0.00070524 0.68469738
-0.01909136 -0.00715465 0.70137040
-0.02239133 -0.01586272 0.70306888
-0.04193940 -0.00062207 0.73562883
-0.04544079 -0.01004189 0.76053289
-0.03242412 -0.01334389 0.78486596
-0.04093803 -0.00501138 0.81667212
-0.04266164 -0.00016060 0.83369501
-0.03881430 -0.00944188 0.85634625
-0.03189551 -0.00775257 0.88449373
-0.02956972 -0.01582467 0.90511307
-0.02337590 -0.00708852 0.93210342
-0.02128145 -0.00913952 0.95654114
-0.01464947 -0.01112175 0.98553872
-0.01084888 0.00171548 1.00915621
0.01624497 0.00691161 1.04085779
0.03050812 0.01276741 1.06616752
-0.00482952 0.01315386 1.06869030
-0.00294512 -0.01147591 1.09484655
0.00635272 0.01143319 1.11333690
-0.00705250 0.04962899 1.12955894
0.00716091 -0.00043461 1.15665568
0.01759846 -0.01798942 1.16859026
-0.01061260 -0.02100260 1.15988225
-0.01432180 -0.01046838 1.15927378
-0.00932784 -0.02147131 1.17108389
-0.00885500 -0.01985658 1.15987400
-0.00977325 -0.02715386 1.15968572
-0.00303740 -0.02971644 1.15525220
-0.01357496 -0.01835240 1.15045204
-0.00858783 -0.01994051 1.15375413
-0.01435333 -0.02146958 1.15335624
0.01489235 -0.03401800 1.15533683
-0.02442067 -0.03538543 1.17224830
-0.02128994 -0.04267973 1.16740059
-0.01517137 -0.03230614 1.14539819
-0.00792744 -0.02364804 1.13717230
-0.01458609 -0.02741572 1.15070133
-0.00434310 -0.01708138 1.14066606
-0.00606596 -0.02013085 1.13639580
-0.02054131 -0.01861379 1.15662203
-0.01140708 -0.02454314 1.15291620
-0.02162764 -0.02017504 1.15221911
-0.00439767 -0.02637772 1.12927689
0.00281380 -0.02732892 1.11400336
-0.01823749 -0.02484107 1.13593125
-0.01008912 -0.02460553 1.11185989
-0.01537760 -0.02553440 1.11326388
-0.03320712 -0.02112256 1.14821479
-0.02376406 -0.01733851 1.13144836
-0.01165972 -0.02910947 1.12044888
-0.02016793 -0.02668293 1.11558412
-0.02371897 -0.02369228 1.12753670
0.00372686 -0.01861938 1.10516589
0.00120521 -0.01713593 1.10371853
0.00240380 -0.01639349 1.10071027
-0.01469377 -0.02860773 1.08914876
-0.00280769 -0.01204623 1.08396067
-0.00600220 -0.01629769 1.08493508
-0.00870633 -0.01472817 1.07719716
-0.02138622 -0.02364345 1.08446997
0.00023596 -0.02860378 1.09678822
-0.01371232 -0.01960534 1.06306225
0.00013139 -0.02147905 1.06646482
-0.01021988 -0.01950285 1.06319560
-0.00979164 -0.02391422 1.05638934
-0.00372830 -0.01815966 1.06334607
-0.00504250 -0.01496013 1.06017322
-0.02702675 -0.02308868 1.05065672
-0.02076022 -0.02884105 1.05508562
-0.00083562 -0.01288981 1.06030803
-0.00364753 0.00739819 1.03531458
-0.01821913 -0.00537302 1.06061607
-0.05754066 0.00061828 1.04182237
0.00303095 -0.00866374 1.03866457
-0.01909881 0.00424554 1.03326907
-0.02447102 -0.02448367 1.03614845
0.00119682 -0.02658127 1.03317301
-0.02705127 -0.02879317 0.99161427
-0.01038810 -0.02299565 1.00935415
-0.00214775 -0.00156161 1.02413162
-0.04625877 -0.03783437 0.99048841
-0.00814441 -0.01651513 1.02720761
-0.00551700 -0.01810557 1.02126989
0.00050461 -0.02050631 1.02036314
-0.00444555 -0.04135808 1.00249860
-0.02171655 -0.03298278 0.97837502
-0.03208904 -0.01832531 0.98877919
-0.00693527 -0.00656068 1.00216837
-0.03037852 -0.01833220 0.98849888
0.00242945 -0.00214720 1.02025174
-0.01217281 -0.00844523 1.02429756
-0.01144624 -0.01372816 1.02643343
-0.02117638 -0.02260250 1.05048840
-0.00429017 -0.00099873 1.06146106
-0.03439889 -0.01209245 1.10762030
-0.02056990 -0.02249436 1.08910377
-0.00689622 -0.02382569 1.08862610
-0.01647688 -0.01638307 1.09843553
-0.01081258 -0.01751851 1.09581543
-0.02755664 -0.02431264 1.10878030
-0.02175821 -0.02813149 1.10578892
-0.02093044 -0.01876980 1.14481143
-0.02443672 -0.01615648 1.15934498
-0.00780116 -0.00672130 1.13090143
-0.05301970 -0.02633333 1.15607552
-0.03904556 -0.01958927 1.16857662
-0.07179227 0.00033174 1.20495316
-0.00624569 -0.00903946 1.17030825
-0.03178123 -0.01638399 1.18116930
-0.01094589 -0.00900947 1.15206262
-0.00851379 -0.01574568 1.15830604
-0.01953949 -0.03413030 1.16390045
0.00169749 -0.02241869 1.15598066
-0.00642875 -0.02251797 1.15025556
-0.01622993 -0.02959696 1.17676757
0.00039315 -0.02600630 1.13533806
-0.01703822 -0.03216305 1.16619194
-0.00512192 -0.01898193 1.13726357
-0.01006705 -0.02703117 1.15760772
-0.00721608 -0.02156151 1.15491464
-0.02551108 -0.02197876 1.16799133
-0.00552302 -0.02024967 1.13966792
-0.02978148 -0.02512646 1.15698677
-0.01460966 -0.02689241 1.12673849
0.00734241 0.00380764 1.12840914
-0.00582174 -0.02232723 1.09336595
-0.01514612 -0.02785808 1.11601008
-0.00278495 -0.02396238 1.08227779
-0.00924093 -0.02995204 1.07296416
-0.01832125 -0.02944303 1.07804998
-0.02314476 -0.00616244 1.07097568
-0.01041307 -0.02229623 1.06537737
-0.01004903 -0.02279324 1.05782581
-0.01679645 -0.01205371 1.06470462
-0.02047770 -0.02655527 1.08806560
-0.01709349 -0.02290610 1.04885872
-0.00312101 -0.01241337 1.04150753
-0.03452974 -0.01050657 1.05361627
0.07943555 0.00915070 1.05847573
-0.01470721 -0.01509793 1.04160150
-0.01951616 -0.01783798 1.01191189
-0.02354519 -0.03155419 1.03953617
-0.03474744 -0.01332665 1.04046527
-0.04341868 -0.00947506 1.06344959
-0.03810328 -0.00719445 1.03422328
-0.00400430 -0.01563947 1.03085105
0.00213306 -0.01131459 1.04697424
0.00746448 -0.01139894 1.04071393
0.00080270 -0.00677860 1.04504915
-0.00221621 -0.01143409 1.05268453
0.00400206 -0.00772233 1.06747084
0.01219648 -0.00818343 1.06674472
-0.00479110 -0.02013925 1.08265476
-0.00598247 -0.01637670 1.06746091
0.00106867 -0.01427785 1.07174367
-0.01616145 -0.02597162 1.12855962
-0.00368814 -0.01270394 1.08613333
-0.01383689 -0.01260964 1.08345882
-0.01675667 -0.01882147 1.15280384
-0.02551620 -0.00374953 1.15179483
-0.01757642 -0.01699367 1.13942800
-0.00502794 -0.01703110 1.12698513
-0.05009093 0.01773932 1.16827874
-0.00806911 -0.01776545 1.14753942
-0.00665440 -0.01265280 1.14940042
-0.00528740 -0.02199431 1.12067551
0.01124235 -0.02590991 1.12801364
0.00599861 -0.01135540 1.12287915
-0.00167495 -0.01566899 1.12917086
-0.00449887 -0.01715846 1.12042402
-0.01055552 -0.02520233 1.11768119
-0.02516088 -0.02483136 1.14949305
-0.01203882 -0.04658290 1.11208202
-0.00629024 -0.03584186 1.11652508
-0.06185251 -0.02190565 1.15612205
-0.01182103 -0.01996951 1.10054863
-0.00107505 -0.02201063 1.10807113
-0.00411294 -0.02253886 1.10281095
0.01532355 -0.03350300 1.05097026
-0.00301392 -0.02411146 1.06672438
-0.00634108 -0.02819200 1.05823921
-0.01368111 -0.03938719 1.02257768
0.01408399 -0.01853638 1.01501932
-0.00845994 -0.01912243 0.98013574
-0.00808266 -0.02340960 0.98260953
-0.01070618 -0.02718946 0.97025308
-0.00465109 -0.01923024 0.95022045
-0.00462316 -0.01163753 0.95298995
-0.00288981 -0.01793579 0.94627582
-0.00994812 -0.02408639 0.94474342
-0.00778446 -0.03938445 0.94549050
0.06201024 0.05507737 0.91932773
0.02595669 0.00734011 0.94810974
-0.02905256 -0.01275327 0.93881817
-0.00191005 -0.00638085 1.73692185
-0.02337246 -0.02008811 1.73352012
-0.01829184 -0.01971238 0.91050273
-0.06009219 -0.01756698 0.92516340
-0.01288157 -0.01238890 0.93073863
0.01150313 -0.01508537 0.92656555
-0.04354877 -0.02164765 0.91931429
0.00714175 -0.01865411 0.92449196
-0.03424544 0.00508108 0.91801513
-0.00774993 -0.01377859 0.93436699
-0.13251897 -0.01360595 0.96016415
-0.05521766 -0.00015670 0.96330911
-0.02453810 -0.01631630 0.95980669
-0.00437873 -0.00692596 0.99046096
-0.00996694 -0.00484412 0.98394217
-0.01639193 -0.01956341 0.99631735
-0.03118376 -0.01669776 1.00669609
-0.01178708 -0.02193116 1.00803641
-0.00440857 -0.01498765 1.04018251
0.00399143 -0.01538064 1.02033493
-0.01074790 -0.01799517 1.04882789
0.00975716 -0.01797432 1.05418072
0.00606325 -0.01570542 1.06287545
-0.00135003 -0.01816987 1.08231685
-0.00515350 -0.00861767 1.08479892
-0.01117056 -0.01459521 1.11138718
-0.00095631 -0.01444264 1.12373372
-0.00277843 -0.01512390 1.13403170
-0.00299649 -0.02082103 1.14616922
-0.01134504 -0.02599205 1.16367622
-0.01522551 -0.01762747 1.18240882
-0.00102531 -0.01380199 1.16182884
-0.00754295 -0.01461439 1.18640332
-0.00504951 -0.01926582 1.19334100
-0.00948946 -0.02119368 1.20149119
-0.00636289 -0.01657638 1.19652430
-0.00829827 -0.02405323 1.17439801
-0.01013292 -0.02909113 1.17831190
-0.01030301 -0.03315261 1.18132376
-0.00671582 -0.01876849 1.17023725
-0.00797197 -0.02801647 1.16601669
-0.00583123 -0.02752848 1.15943305
-0.01575291 -0.02067203 1.19203352
0.00544760 -0.02463898 1.16066943
-0.01982474 -0.02574682 1.16088641
-0.01052024 -0.02446150 1.14890537
-0.02339543 -0.02229546 1.16662674
-0.01908488 -0.02515979 1.14310595
-0.01122840 -0.03045213 1.12612669
-0.01361324 -0.02603644 1.13238659
-0.01910852 -0.02497724 1.14171217
-0.00613270 -0.02708218 1.10867037
-0.01032832 -0.03065324 1.09486091
-0.01153112 -0.02885302 1.06807739
-0.01548832 -0.02669475 1.06715357
-0.03048298 -0.02023303 1.05803264
-0.00850262 -0.03058876 1.04336975
-0.00778251 -0.03056732 1.02631155
-0.02481466 -0.02637532 1.02430428
-0.01667449 -0.03118373 1.00492396
-0.02262979 -0.02216970 0.99230857
-0.01610776 -0.02028707 0.97881927
-0.02011963 -0.01041111 0.96905296
-0.00408385 -0.02644282 0.94911895
-0.04468970 -0.02926322 0.97586725
-0.10333289 -0.01911896 1.01545774
-0.00895050 -0.02526174 0.94188799
-0.02241186 -0.00735680 0.93269862
-0.03011776 -0.02837345 0.95368312
-0.06311139 0.00604557 0.99120763
-0.03570508 -0.01969061 0.96530468
0.00002692 -0.02260880 0.94386822
-0.06488446 0.00622832 0.99798383
0.00380423 -0.02575358 0.94616118
-0.02199015 -0.01358870 0.97747516
-0.03758747 -0.01482726 0.98429648
-0.05937970 -0.01249133 1.02235913
-0.00406246 -0.01969071 0.98663394
0.00012215 -0.00483095 0.96424932
-0.02161851 -0.01439519 0.99523207
0.00200199 -0.01342124 0.98280272
-0.00293632 -0.01302741 0.99413885
0.00225480 -0.00940524 1.01608201
-0.00803052 0.00380660 1.02694254
0.01220884 0.00399463 1.03654868
0.03120084 -0.01928164 1.02733763
-0.00684493 -0.01518679 1.02564790
0.00492628 -0.00154685 1.05340518
0.01427617 -0.01299399 1.06655067
-0.01010738 -0.01158023 1.08404124
-0.00384977 -0.00729482 1.08075208
-0.00065011 0.00280048 1.08047076
-0.03299222 -0.02397702 1.14894665
-0.00948814 -0.03938389 1.13736923
-0.00983001 -0.01032328 1.16561146
-0.05816211 -0.02794140 1.20215156
-0.01650537 -0.00882932 1.12659423
-0.00262854 -0.01484418 1.13166694
-0.00961790 -0.01538579 1.14595772
-0.00950074 -0.01732915 1.14577003
0.01525744 -0.00935150 1.15384966
-0.00371934 -0.01721133 1.14739071
-0.00239767 -0.01229487 1.15823040
-0.00804864 -0.01592048 1.19367762
-0.01085852 -0.00969250 1.16069634
-0.00064832 -0.01076755 1.20655893
-0.00692433 -0.01302112 1.20029250
0.00926459 -0.01274161 1.21487957
0.01187260 -0.00662500 1.21744366
-0.01051701 -0.01725792 1.20224696
0.00157450 -0.01264877 1.22198412
0.01432729 -0.02978436 1.23151029
-0.01240455 -0.01611770 1.20953920
-0.02254544 -0.02355377 1.19252001
-0.01493287 -0.02055358 1.18277282
0.00829706 -0.03699219 1.19198655
-0.01991293 -0.02716914 1.18702885
0.02848621 -0.03789911 1.21875088
0.00025956 -0.01824444 1.21215401
0.05167807 -0.03202964 1.22866807
0.00315878 -0.02286545 1.20378581
-0.00898020 -0.01499705 1.19486336
-0.02385006 -0.00669274 1.18164305
-0.00319755 -0.01238476 1.17293887
0.00922691 0.01422972 1.16613636
-0.01837432 -0.00544349 1.16778604
-0.00691938 -0.01113592 1.15346490
0.00374508 -0.00459298 1.17009426
0.02577072 0.00317105 1.18652901
-0.01343140 -0.02723939 1.14740297
-0.01472773 -0.02934247 1.13916609
-0.03889834 -0.04253038 1.08918079
-0.04682346 -0.02721246 1.08284974
-0.02429148 -0.01155587 1.09702431
-0.03218661 -0.01194896 1.10153833
-0.01829293 -0.02516552 1.09005229
-0.03999410 -0.03803048 1.07954098
-0.01550445 -0.02381407 1.10970747
-0.01242702 -0.02898805 1.07855033
