-0.08133590 -0.00820593 1.19662243
0.01480718 -0.02889553 1.18514713
0.00372554 -0.01656041 1.19173708
0.00956525 -0.01635000 1.19192352
0.00526339 -0.01523562 1.19529549
0.00430461 -0.02133513 1.19069770
-0.02948358 -0.03170999 1.19225637
0.01216757 0.00382946 1.19170463
-0.01431148 -0.00924528 1.19184719
-0.00991403 -0.03341267 1.19141128
-0.05385060 -0.03738103 1.19068799
-0.00747837 -0.02016159 1.19178266
-0.02510786 -0.01777263 1.19315925
-0.00927484 -0.02670166 1.19103489
0.02641192 0.01615978 1.19342909
0.00357037 -0.01867556 1.19580069
0.00523959 -0.02562449 1.19366325
-0.00688307 -0.02366012 1.19462995
-0.00525954 -0.02376541 1.19433612
0.02384900 -0.01452352 1.19426753
-0.01604349 -0.03529325 1.19373138
0.00623030 -0.00820866 1.19666388
0.00260992 -0.01991616 1.19885794
-0.05423543 -0.02197769 1.19441724
-0.05307982 -0.02237224 1.19026016
-0.01210615 -0.02599626 1.19978827
-0.00726076 -0.02337354 1.20429036
-0.03284036 -0.04515763 1.18755970
-0.03014393 -0.03859239 1.19415494
-0.03134981 -0.01559101 1.19780879
-0.05080816 -0.02023020 1.19608852
-0.04423370 0.03550414 1.19687961
-0.02585453 -0.02585392 1.19864901
0.01011974 -0.02363991 1.19729328
-0.08018545 -0.06267066 1.19256228
0.00954295 -0.02349333 1.19754426
-0.01752305 0.00316338 1.20023014
0.03298636 -0.01627834 1.19992516
0.03972613 -0.01921881 1.20007894
0.04164687 -0.02668387 1.20464764
-0.00526071 -0.02319392 1.20305983
-0.05067896 -0.01034073 1.19798390
-0.00538525 -0.01764193 1.20114231
-0.00300444 -0.01815486 1.20134208
-0.02181727 -0.04197619 1.20468194
0.00965330 -0.02212749 1.20393162
-0.01316391 -0.03989174 1.20458405
-0.03014870 -0.02243721 1.20723157
0.00778591 -0.01555567 1.20503661
-0.01794134 -0.02652452 1.20587723
-0.01851803 -0.02736954 1.20342934
-0.00915720 -0.01854564 1.20371249
0.02214000 -0.02507911 1.20169816
0.01714106 -0.04115816 1.19958826
0.03264358 -0.03020871 1.20238022
-0.00908882 -0.03601271 1.19700569
-0.00548170 -0.01814954 1.19370993
-0.00937894 -0.01647235 1.19450826
0.02567875 -0.02690236 1.19074536
-0.00058824 -0.01669787 1.19014176
0.01863568 -0.01532830 1.18632706
-0.04490040 -0.01939110 1.18464360
-0.00335285 -0.02716111 1.17800853
-0.00327961 -0.01787775 1.17527968
-0.00188305 -0.01620994 1.17560907
-0.00068058 -0.01573708 1.17841572
0.00680709 -0.02191896 1.17377536
-0.03376860 -0.00412974 1.16574268
-0.00751837 -0.02663418 1.16445649
0.00333564 -0.02193755 1.15898050
0.00634354 -0.01011834 1.15974333
0.00295532 -0.01683235 1.15977024
-0.01839613 -0.02372199 1.15422044
-0.00438049 -0.01031323 1.15321267
0.01869989 -0.01219598 1.14999928
0.00374686 -0.01532228 1.15078893
0.03050434 -0.00635172 1.15365765
0.00431279 -0.00399095 1.15578745
0.00394145 -0.02169379 1.15679515
0.04571129 -0.01419013 1.15583401
-0.00284323 -0.02257349 1.15397434
0.00241717 -0.01609423 1.15932663
0.00488900 -0.01422364 1.16064573
-0.02963268 -0.00522573 1.16893848
0.02577344 -0.01237546 1.17594164
-0.00521116 -0.00084863 1.18239877
0.01438703 -0.02406098 1.18556027
-0.04328877 -0.03705271 1.19158018
-0.00311268 -0.00818885 1.19936467
-0.01594921 -0.00578582 1.20053915
-0.05565710 -0.02145123 1.20432705
0.01130554 -0.00421797 1.20765295
-0.06061973 -0.02484061 1.21213313
-0.03436042 -0.02127669 1.21575343
-0.02298851 -0.00234307 1.21677151
0.02473954 -0.01472330 1.21889981
-0.03197721 -0.02412194 1.22001729
-0.03083964 -0.00425756 1.22317108
-0.00440361 -0.00933415 1.22594304
-0.06659883 -0.03451473 1.22639401
0.00253702 -0.01774627 1.23177249
-0.02089354 -0.00174612 1.23010866
0.01374065 -0.00993221 1.24135532
-0.00944326 -0.02003546 1.24067094
-0.00224517 -0.03008671 1.24120898
-0.04946885 0.00413584 1.24547504
-0.01966017 -0.02049865 1.25001361
-0.00483614 -0.02868272 1.24960858
0.00084894 -0.01108207 1.25038270
-0.00227929 -0.01301080 1.25563939
-0.00306622 -0.02341394 1.25788441
0.00317017 -0.01785740 1.26247644
0.03914485 -0.00493600 1.26297860
0.00316509 -0.02637544 1.26317463
0.01527499 -0.01199766 1.26691978
0.00265320 -0.02144815 1.26732152
-0.02806876 -0.02660927 1.27347953
0.00700726 -0.02033378 1.27547310
-0.00445158 -0.03400269 1.27402387
-0.03618992 -0.03229428 1.27210300
-0.01305352 -0.02751939 1.27096047
-0.00124339 -0.02315910 1.26996679
-0.01274480 -0.03161616 1.26696231
0.00357404 -0.02538132 1.26601294
0.01484479 -0.02641879 1.26550663
0.02970471 -0.00390014 1.26398135
-0.05834376 -0.03135702 1.26737037
-0.01687023 -0.02284818 1.26365965
-0.01983916 -0.02251514 1.26509468
-0.05397027 -0.03961007 1.26224479
0.00228686 -0.02208797 1.26113142
-0.00222444 -0.01933036 1.26468043
0.00735727 -0.02733683 1.26165741
0.01116943 -0.03176701 1.26042558
-0.00108338 -0.02219065 1.26238747
-0.02097393 -0.02237662 1.26428262
0.06444208 -0.02006950 1.26037082
0.02339446 -0.03745023 1.26222362
-0.00737013 -0.02234984 1.26258071
-0.01100292 -0.01120878 1.26545294
0.03745871 0.00589150 1.26337960
0.00506115 -0.01332490 1.26655649
-0.03473062 -0.02029233 1.26360592
-0.01699593 -0.03126701 1.26418298
-0.02550444 -0.02319666 1.26091497
0.00682699 -0.03111924 1.26769841
-0.00718198 -0.02406867 1.26317797
0.02218848 -0.01202644 1.26053124
-0.02736615 -0.00846764 1.26183693
0.01711153 -0.02461225 1.26180408
0.00316307 -0.01665137 1.26501505
-0.01733429 -0.02197616 1.25699489
-0.01507551 -0.01872667 1.25012115
0.00461090 -0.01998574 1.24972956
0.03505050 -0.01954650 1.24655292
-0.01618140 -0.02422285 1.24714807
-0.01209865 -0.02528547 1.24556504
0.02070883 -0.01589877 1.23925188
0.03900371 -0.01586991 1.23368679
0.00576456 -0.01434208 1.23133494
-0.01897329 -0.02608728 1.22676691
-0.01288927 -0.02340451 1.22087993
0.00720975 -0.02175884 1.21744827
-0.02959572 -0.03282947 1.21249287
-0.01106894 -0.02103879 1.20795158
-0.01192850 -0.02235110 1.20165737
-0.00460179 -0.02818425 1.19485479
-0.02389503 -0.02271456 1.18775470
0.01549615 -0.02682243 1.17873939
0.02612110 0.01263491 1.17039447
0.01865655 -0.03086370 1.15668085
-0.04527710 -0.04469064 1.14136281
-0.02371177 -0.03433968 1.12917135
-0.02120052 -0.03806596 1.11137058
-0.01034689 -0.03120911 1.09685553
-0.01410781 -0.03134913 1.08401287
0.01999696 -0.00401804 1.07057235
-0.02302321 -0.02250700 1.05919187
-0.01180607 -0.01416384 1.04381930
0.00453830 -0.03742125 1.03687640
-0.00299845 -0.01978840 1.02249808
0.03497474 -0.02322684 1.00326817
0.01630143 -0.01047894 0.98387454
-0.00290637 -0.01628527 0.96655810
-0.00372978 -0.02929482 0.94155691
0.02884889 -0.03123907 0.91991216
-0.05066406 -0.01309935 0.89561331
0.03424279 -0.01972682 0.87391937
-0.00711929 -0.02520591 0.85360675
-0.04176730 -0.02729535 0.82918486
0.00134273 -0.01583602 0.81374008
-0.00836407 -0.02061370 0.79429972
-0.01034234 -0.01376236 0.77783386
0.02016147 -0.01652327 0.75811095
-0.02016762 -0.02660571 0.74126260
-0.01590635 -0.02247525 0.73088754
-0.00540761 -0.01664747 0.72803194
0.00580072 -0.01795606 0.72328347
-0.02745759 -0.01575329 0.72181783
-0.02939139 -0.02784245 0.71714764
0.05836605 0.00147256 0.71215313
0.00867288 -0.00363911 0.71118297
-0.01031915 -0.01995316 0.70659741
-0.01526873 -0.01757080 0.70319887
0.02087489 -0.00575268 0.69983559
-0.00938487 -0.02102103 0.69618098
0.00087763 -0.01607208 0.69245372
-0.00866057 -0.01416829 0.68801398
-0.00514640 -0.01193902 0.68761804
-0.01628261 -0.01389520 0.68850969
0.00420332 -0.00542580 0.69361284
-0.00437715 -0.01127165 0.69629924
0.00740727 -0.01199080 0.70246182
-0.00536518 -0.01535417 0.70309994
-0.00155288 -0.00431428 0.70456819
-0.01323661 -0.01360255 0.70799388
-0.00063228 -0.01195563 0.71484264
-0.00582747 -0.00905233 0.72192473
-0.00053926 -0.01328784 0.72792968
-0.01229856 -0.01279625 0.73364168
-0.00629050 0.00417479 0.74215310
-0.00803182 -0.01302404 0.74602848
0.00606245 -0.01228858 0.75289960
0.00777097 -0.00413233 0.76100950
-0.00654533 -0.00586253 0.77434945
0.00564883 -0.01057078 0.78405620
-0.00755700 -0.01043745 0.78718846
0.01874559 -0.02266405 0.79436521
-0.02955701 -0.01421002 0.79434588
-0.02327924 -0.01135943 0.80609235
0.00956031 0.00037777 0.81797155
-0.01187356 -0.00484043 0.82860391
0.02067316 -0.00862934 0.83532623
-0.00430894 0.00386098 0.83726992
0.00913428 -0.01782390 0.83936104
-0.00854141 -0.01037953 0.83484205
0.01853007 -0.00993669 0.83752217
0.00782363 -0.00860498 0.83970610
-0.01544490 -0.01031863 0.84326907
-0.03193021 -0.00198314 0.84230661
-0.01332865 -0.00431252 0.84052949
-0.00551809 -0.00854092 0.84428738
-0.00520279 -0.01581640 0.84449184
0.00462919 -0.00820689 0.84753227
0.00237170 -0.02871508 0.84886447
0.02738677 -0.01140621 0.84830548
0.00167658 -0.00508262 0.85394533
0.01848492 -0.01958556 0.85369316
-0.04089079 -0.00901886 0.85553847
0.02736911 -0.02509902 0.85484575
-0.00502849 -0.00495258 0.85346302
-0.00631812 -0.01102904 0.85681664
-0.01277099 -0.01250709 0.85341704
-0.04460578 -0.01210802 0.85078656
0.02769269 -0.01433166 0.84980873
0.02217961 -0.01296366 0.84850185
-0.02587654 -0.01201088 0.84550856
-0.02040528 -0.02352193 0.83884692
0.00228115 -0.00656432 0.83380282
-0.00220364 -0.01960174 0.82115287
-0.02516213 -0.02309074 0.81300265
0.01248788 -0.02891227 0.80015214
0.00898687 -0.00865183 0.78439169
-0.00230669 -0.01194412 0.76742248
-0.02669424 -0.02141863 0.74925229
-0.01312409 -0.01681178 0.73055458
-0.01806062 -0.02107565 0.70775821
-0.01466105 -0.01466538 0.68909136
0.00475829 -0.00795588 0.66778879
-0.00315249 -0.01624520 0.65097978
0.03524547 -0.00935980 0.63772531
-0.04302467 -0.00096605 0.62829940
0.04004867 -0.00554046 0.61183010
0.01333176 -0.02222901 0.60533541
-0.05255748 -0.01513896 0.57893920
0.07246992 -0.00933520 0.57571042
-0.03982267 -0.00056881 0.56759225
-0.14380032 0.00692936 0.52578219
-0.07526257 0.02155876 0.54324300
-0.06876042 -0.00271450 0.53359122
-0.04149633 0.00023536 0.50562428
-0.01870276 -0.00363968 0.51716715
-0.03257108 -0.00213571 0.48198349
-0.03578892 -0.00559005 0.50156457
-0.05491650 -0.02149581 0.49557597
-0.08584433 -0.01448611 0.45429285
-0.08411215 -0.02343393 0.48078024
-0.06503483 -0.04399281 0.47790587
-0.08363182 0.01876617 0.44116787
-0.06045466 -0.05030994 0.47033071
-0.09492014 0.00204850 0.42965650
-0.10399358 -0.01467885 0.45943350
-0.12746299 -0.01058513 0.44517621
-0.03295616 0.00335733 0.42645034
0.00797960 0.00750925 0.44924953
-0.10447622 -0.00180358 0.42909650
-0.06267974 0.00164763 0.40825810
-0.06823037 0.00790876 0.41877619
-0.14212225 0.02607803 0.38471150
-0.08001765 0.00577617 0.41139817
-0.05954154 -0.01201611 0.41838319
-0.10621728 0.00646322 0.41510057
-0.04954561 0.01385025 0.43726212
-0.05853438 -0.01721930 0.44340001
-0.07013418 0.00523044 0.46423060
-0.06752242 -0.00052954 0.46386762
-0.08937863 -0.00040412 0.48828489
-0.05747925 -0.03382477 0.48471913
-0.06202352 -0.01836004 0.49498498
-0.05885008 -0.01289909 0.53427145
-0.07591822 -0.00767251 0.52190777
-0.05987969 -0.00823535 0.56890363
-0.07450809 0.00254369 0.56142576
-0.02960332 -0.00796489 0.59133210
-0.07199647 -0.00070636 0.62982641
-0.05998900 0.00813704 0.63298409
-0.04861540 0.00476454 0.68264019
-0.06997704 0.00707392 0.67836994
-0.02278305 0.01812770 0.72605937
-0.06436764 -0.00138530 0.72346052
-0.06678229 -0.00782750 0.74832618
-0.10988942 -0.00938969 0.78848743
-0.07687207 -0.00002076 0.79950386
-0.07999507 -0.00947909 0.84277179
-0.11495686 -0.01937784 0.84053173
-0.08332702 -0.00472638 0.88993035
-0.01543227 -0.01807760 0.89666599
-0.05521371 -0.00434839 0.92008814
-0.07979071 0.00390512 0.96227588
-0.03867142 0.00709358 0.96729500
-0.05170835 -0.00695401 1.00160077
-0.03785499 -0.00125175 1.01197024
-0.02090325 -0.00004571 1.04263715
-0.02956025 -0.01448739 1.07540548
-0.02681345 -0.01333028 1.09040263
-0.01928461 0.01203046 1.12035115
-0.05815218 -0.00986959 1.13662952
-0.02693074 -0.00195337 1.16617278
-0.04801802 -0.01814257 1.17842215
-0.03753397 -0.02226903 1.19279175
-0.02082699 -0.00629754 1.21135467
-0.05642271 -0.02964019 1.22721153
-0.03639030 -0.01673836 1.24936462
-0.00733064 0.00283015 1.26286649
0.01576488 -0.00527977 1.28198041
-0.00058501 -0.01013125 1.29679140
-0.00185055 -0.00198113 1.31000581
0.01607716 -0.01156984 1.32486729
0.00983656 -0.01511025 1.33381360
0.01870616 -0.00666486 1.33454766
-0.04895876 -0.03193117 1.33239657
0.01975479 -0.01906197 1.32922956
-0.02817261 -0.03038870 1.34176943
0.00221543 -0.02075632 1.34022224
-0.03102210 -0.03798529 1.34165682
0.03948006 -0.05608677 1.34570253
0.00143287 -0.01903493 1.35007007
0.01092970 -0.02496150 1.35191280
-0.00542083 -0.01509276 1.35068877
0.00141839 -0.03510063 1.35702730
-0.04759856 -0.03761353 1.35091557
-0.06730932 -0.04601123 1.35639830
-0.00841718 -0.01848754 1.36804376
-0.01054141 -0.03049838 1.36838857
-0.00640340 -0.01831198 1.37442228
-0.03107467 -0.03267801 1.37301783
0.01162547 -0.02361349 1.38406452
-0.02222722 -0.03875413 1.38041948
-0.06345145 -0.05865480 1.38219296
-0.00400622 -0.03211054 1.38933677
0.00159209 -0.01717437 1.39315702
-0.01996035 -0.04849556 1.39794820
0.04098085 0.05290802 1.39961008
-0.00829867 -0.02290295 1.40117733
-0.00031725 -0.01855855 1.40412935
0.00264198 -0.02027357 1.40486841
0.00764581 -0.01356121 1.41271785
-0.02194170 -0.03848386 1.41653780
-0.00229229 -0.02300905 1.42047818
-0.00169586 -0.01904231 1.42368640
-0.02064453 -0.02488743 1.42448362
0.02697273 -0.02379651 1.42989383
-0.02811023 -0.03982389 1.42807596
-0.01081785 -0.02306116 1.43711018
-0.00236289 -0.01717094 1.43969847
-0.01028237 -0.02231040 1.44205844
-0.03436167 -0.05533701 1.43995312
0.00629942 -0.04294159 1.44694329
-0.00101977 -0.02655806 1.45184996
-0.02237883 -0.02376946 1.45402828
-0.00830561 -0.01690391 1.46112055
-0.00040492 -0.02433733 1.46394474
-0.00630116 -0.02823414 1.46352213
0.02301011 -0.00825241 1.46386577
-0.02624445 -0.02202636 1.45956092
-0.00984801 -0.02030647 1.46920040
0.00592431 -0.01546966 1.46478898
0.00003012 -0.02740640 1.46138134
-0.01604890 -0.02413236 1.46013039
0.01829856 -0.01777127 1.45592672
0.01436201 -0.03335933 1.45618846
-0.00052085 -0.02299674 1.45295719
-0.01059629 -0.02398116 1.44883720
-0.02767139 -0.03189825 1.44819833
-0.05157735 -0.03173904 1.44118329
0.00188307 -0.03556178 1.44399972
-0.01859572 -0.02834357 1.43985423
-0.00524329 -0.03583161 1.43709796
-0.00221861 -0.02390190 1.43086567
0.04066461 -0.01411225 1.42547488
0.05958668 0.00930104 1.42375414
-0.00786409 -0.02530077 1.41358235
0.01351344 -0.03458531 1.40765961
-0.00745666 -0.03080291 1.39215529
-0.00701694 -0.03119668 1.38136243
0.02377809 -0.02265502 1.36438454
-0.03979819 -0.05293141 1.34368843
-0.01032750 -0.03234228 1.32068848
-0.05207108 -0.05731804 1.30298882
0.00816840 -0.01524694 1.28324323
0.01661336 -0.03168678 1.25987057
-0.00076915 -0.02912267 1.23228712
0.00773231 -0.02734477 1.21014170
0.04275488 -0.00214027 1.18358563
-0.00324364 -0.03626906 1.16015120
-0.01142561 -0.02494021 1.13317507
-0.01876819 -0.03007660 1.10935920
-0.01632806 -0.03242116 1.08115521
-0.00276422 -0.02061021 1.05177032
0.00013086 -0.02897173 1.02921930
-0.01705191 -0.02354139 1.00074626
-0.11522762 -0.02965699 0.96924823
-0.03735449 -0.07056676 0.94597077
0.01584706 -0.04492804 0.92145731
0.02057163 -0.03968441 0.89962213
0.00611393 -0.03242077 0.87783571
-0.00663129 -0.02191237 0.86227250
-0.02494244 -0.02926560 0.84451629
-0.00309538 -0.01292812 0.83177419
0.03882888 -0.01699339 0.81785800
-0.05288926 -0.04305905 0.79862613
0.00071488 -0.01094984 0.78273486
0.00018916 -0.05321252 0.76604864
-0.02772099 -0.03392936 0.75828213
-0.06873296 -0.05543963 0.74566912
-0.34247085 -0.05075338 0.65737778
-0.02837886 -0.05098526 0.73184801
0.03055530 -0.00285316 0.72097635
0.01621439 -0.02661731 0.71376407
0.03118590 -0.00511520 0.70789157
-0.00753465 -0.02995819 0.70385512
0.52141054 -0.13588383 0.44846071
0.02169710 -0.03630517 0.69807938
0.09411256 -0.00931371 0.69089811
-0.03967846 0.03012853 0.69428166
-0.09718363 -0.03485366 0.68779464
-0.08279419 -0.05109218 0.68157675
-0.07923379 -0.02181434 0.67534087
-0.00504557 -0.00256030 0.68256443
-0.00995213 0.00537146 0.68500090
0.08275844 -0.02713391 0.69201429
0.01582368 0.00308295 0.70835286
0.00548393 0.00422731 0.72283832
0.02427103 0.00180831 0.73189265
0.00360706 -0.00027234 0.74137806
-0.04898634 -0.04378925 0.74902567
0.02848852 -0.04614037 0.76148017
-0.01602164 -0.00670265 0.78261818
0.05043224 0.00262424 0.80030375
0.04805021 0.02757144 0.81705762
-0.05093654 -0.00666215 0.83391825
0.00006924 -0.01257410 0.84855467
0.02112629 -0.00367710 0.86677669
0.00366191 -0.00896750 0.88234489
0.01120034 -0.01061441 0.89978085
0.01261710 -0.00877990 0.92069513
-0.00462601 0.01494610 0.93720954
-0.03239861 -0.03850912 0.95632552
0.00763690 -0.00357957 0.97129170
-0.01544891 0.00807407 0.98633281
-0.09076283 -0.03997486 0.99829869
-0.11278464 -0.03334764 1.01542263
-0.02275793 -0.01020392 1.04145028
0.00335044 -0.00813411 1.05790924
-0.02711641 -0.01013014 1.07195316
0.04322885 -0.00388513 1.08963950
0.02001044 -0.00367319 1.10553817
-0.00633375 -0.00426354 1.13282457
0.00434407 -0.01505380 1.15324828
0.05135442 -0.00320482 1.16591310
-0.04624292 -0.02384050 1.17373737
0.01553177 -0.00643503 1.19465424
0.01207516 -0.00877422 1.21236979
0.00683448 -0.03652173 1.22572549
-0.03297002 -0.00205597 1.24109962
-0.04416615 -0.02531177 1.25692711
0.06987100 0.01341822 1.27552593
0.00220711 -0.01346809 1.28633641
-0.00934096 -0.01228943 1.30485199
-0.03179359 -0.02333959 1.31683538
0.00330936 -0.02436259 1.32195567
-0.01816876 -0.01066279 1.34555172
0.03135097 -0.00523292 1.37298392
-0.01820823 0.01844305 1.38668920
-0.00477028 -0.01567928 1.39638086
-0.04152755 -0.01905162 1.40360437
-0.07657999 -0.04529245 1.42491628
0.01105940 0.00688226 1.44337810
0.00309499 -0.00796467 1.45672156
-0.01146177 -0.00819101 1.47089366
0.03173512 -0.00123078 1.47349641
-0.00337210 -0.02013053 1.47614793
0.02242640 0.00314878 1.47459632
0.02776195 -0.03326409 1.47255621
-0.00663911 -0.05300923 1.46743454
-0.03250654 -0.04123299 1.46892414
-0.00002415 -0.04061442 1.46759377
-0.01970590 -0.03064113 1.46971265
-0.00910406 -0.02765256 1.46485697
0.01807861 -0.02472230 1.46338121
-0.00712124 -0.02475650 1.47096214
0.03138443 -0.00229564 1.47008872
0.00815855 -0.02590839 1.46785917
-0.01579506 -0.03880170 1.46248005
-0.01544559 -0.03071089 1.45357398
-0.01276494 -0.03014851 1.45828775
-0.01150527 -0.03083513 1.45639604
0.01391436 -0.01869156 1.45418619
-0.00704471 -0.02815408 1.45566350
0.02254458 -0.03329128 1.45034381
0.00722957 -0.00926805 1.44793033
-0.02172167 -0.03875179 1.43802557
0.00107554 -0.01965892 1.43918164
0.00940930 -0.03565325 1.43904230
0.02085586 -0.00170373 1.43642028
-0.02841139 -0.03431980 1.43673402
-0.01165647 -0.02889641 1.42819875
-0.00628757 -0.02562427 1.42708947
-0.01169967 -0.02755638 1.42578916
0.00071742 -0.02429350 1.41994350
-0.01062610 -0.02973467 1.41692066
-0.01938645 -0.03419739 1.42294064
-0.00072086 -0.03039227 1.41720836
0.00781318 -0.02165759 1.41046713
-0.02880252 -0.03425064 1.40694842
-0.02127190 -0.03832392 1.40384164
-0.00245927 -0.02662467 1.39790833
-0.01055123 -0.02244222 1.39197965
0.01156713 -0.03080938 1.38404668
-0.01907491 0.00285645 1.38440483
-0.01295624 -0.01495526 1.38028692
-0.02989093 -0.03496940 1.37507865
0.02100881 -0.01526334 1.37084072
-0.01822836 -0.03053190 1.36717904
-0.00654498 -0.02204347 1.37362417
-0.01334675 -0.03211917 1.36844300
-0.00648523 -0.02325570 1.36577623
-0.03911163 -0.03372714 1.36398359
-0.08398159 -0.05639573 1.35563155
-0.03428012 -0.03904708 1.36295737
-0.01132760 -0.03070209 1.36148905
-0.00271099 -0.03230101 1.36291530
-0.00870099 -0.02046394 1.36745788
-0.00754172 -0.03317588 1.37212602
-0.00466848 -0.02235999 1.37357018
0.02560962 -0.03325515 1.37678210
0.03222560 0.00179674 1.37870118
-0.01126051 -0.03134683 1.38408715
-0.06619746 -0.04554584 1.38762311
0.02596712 0.00051415 1.39126796
-0.02777429 -0.01881673 1.39811386
0.00945350 0.00612296 1.39507545
-0.01089944 -0.04671757 1.39712777
-0.01515401 -0.01670163 1.40378197
0.00142670 -0.02112103 1.40826649
-0.02553854 -0.00904289 1.40524747
-0.01627415 -0.02937174 1.40898216
0.03485477 -0.00585407 1.41043970
-0.02267673 -0.01994126 1.41965303
0.01617747 -0.02279997 1.42040518
-0.03723182 -0.00419188 1.42038067
-0.01945155 -0.01829488 1.42276785
-0.03461753 -0.00491525 1.41994976
-0.07699930 -0.07396922 1.42364686
-0.01682794 -0.01922806 1.43252371
-0.03827636 -0.01185873 1.42503051
-0.01988105 -0.03017623 1.42284746
0.01220196 -0.01470935 1.42398170
-0.00941755 -0.03593060 1.42428418
-0.05726648 -0.06075765 1.41892094
-0.04355650 -0.03624162 1.41576078
-0.00859753 -0.02924296 1.41687390
-0.00679456 -0.02636132 1.41498117
-0.03678098 -0.03648466 1.40810124
-0.04559975 -0.04954401 1.40073430
0.01812885 -0.02229857 1.40572115
-0.00606748 -0.02449007 1.40759322
-0.02575618 -0.03317888 1.40574980
-0.00830415 -0.02170902 1.40277704
0.03854566 0.02134964 1.40158483
-0.00236646 -0.02438684 1.40438156
-0.01512669 -0.02432859 1.39528817
-0.01026622 -0.01735982 1.40178925
0.00601242 -0.01364436 1.40285443
-0.02731715 -0.03494730 1.39885792
-0.00301477 -0.02723586 1.39925359
-0.01500354 -0.02897506 1.39851443
0.00205021 -0.00576684 1.40234205
-0.06264709 -0.05295255 1.39708467
-0.05934474 -0.04006382 1.39837236
0.00105611 -0.02183152 1.39583370
0.03894999 -0.00354963 1.39189174
0.04647994 0.00428990 1.39521112
-0.02320042 -0.02750821 1.38829334
-0.00887031 -0.01990344 1.38508196
-0.02561077 -0.03461915 1.38632488
-0.02654997 -0.02803020 1.38053884
-0.02018600 -0.02785436 1.37989706
0.02645596 -0.01087449 1.36991785
0.01182322 -0.00643582 1.36694618
-0.02170839 -0.02986437 1.36002957
-0.02620417 -0.05340588 1.36255939
-0.03387851 -0.05567048 1.36188094
-0.05264401 -0.03513686 1.35316359
-0.01421502 -0.03749508 1.34868975
0.04709246 -0.00004436 1.34211069
-0.06318738 -0.06405389 1.34084371
-0.00291344 -0.01786897 1.33768076
0.11788810 0.06493600 1.32648804
-0.02902802 -0.03886266 1.33489557
0.09888112 0.03143444 1.31974670
0.03911355 -0.00059965 1.32355532
0.00466110 -0.02495824 1.32105182
0.00304532 -0.00554976 1.31802351
-0.01283106 -0.01759732 1.31316374
-0.00683368 -0.02348525 1.30713727
-0.04869973 -0.04892670 1.30481017
0.00601341 -0.02192686 1.30225232
-0.00093624 -0.02525727 1.29928245
0.01479397 -0.02207921 1.29366253
-0.01066018 -0.02615065 1.28680275
-0.01668943 -0.02478198 1.28985197
-0.02554797 -0.02442707 1.28262238
0.00324599 0.00468045 1.28329211
-0.00560178 -0.02575168 1.27616168
-0.00259065 -0.02140358 1.27165196
-0.00166368 -0.00948514 1.27067696
-0.01440621 -0.02503312 1.26318493
-0.03574101 -0.03902602 1.25699904
-0.00418507 -0.01835467 1.25467591
-0.01628085 -0.03255431 1.24920114
-0.00469734 -0.02460179 1.24058848
0.01346821 -0.02992572 1.23046985
-0.01009049 -0.02002111 1.22210108
0.00512330 -0.03187536 1.21407212
-0.00676195 -0.03659177 1.20513591
-0.03374983 -0.02137025 1.19755484
-0.00926926 -0.01984332 1.18511651
-0.01353238 -0.03377173 1.17445786
0.02474237 -0.00936492 1.16342086
0.01166761 0.00301388 1.15326052
0.00425138 -0.02514062 1.13733263
-0.00021303 -0.02802776 1.11759897
0.04181046 -0.01013708 1.09590148
0.02365129 -0.01150137 1.08003336
-0.00786691 -0.03016937 1.05967662
-0.06036291 -0.04183396 1.03025673
-0.03060505 -0.02428052 1.00822380
-0.03757590 -0.01553000 0.97990857
-0.00961373 -0.02519097 0.95458481
0.00998555 -0.01906496 0.92503383
0.00429095 -0.02220058 0.89587999
0.00270124 -0.01924238 0.86883026
-0.03811813 -0.03413050 0.83243017
0.01068738 -0.01511333 0.80817496
-0.00005125 -0.01279341 0.78144601
-0.03369383 -0.09130022 0.74966095
-0.49406969 0.03038515 0.53431444
-0.07522886 0.02132054 0.70280460
-0.03512277 -0.01624045 0.67614861
-0.05059366 -0.04258324 0.63972190
0.00239227 0.00205277 0.62696882
-0.04637013 0.00101750 0.60711766
-0.03794424 -0.00323853 0.57023714
-0.11935937 -0.02532394 0.55944853
-0.14261810 -0.03097343 0.51432804
-0.14663031 0.01327282 0.52941620
-0.16934507 -0.01206596 0.51701443
-0.10171296 0.02696113 0.50294180
-0.18191856 -0.00012318 0.50153317
-0.12062977 -0.01864363 0.51171508
0.04391916 -0.00836555 0.49611735
-0.06423243 -0.05327700 0.50683592
0.09340567 -0.01680808 0.48187655
-0.09118206 -0.04049555 0.49038397
-0.07027326 -0.04923271 0.48684908
-0.06147598 -0.00459694 0.47518960
0.10437813 -0.07163881 0.46691577
0.02492369 -0.00861677 0.47775195
-0.22714934 -0.01348986 0.41916273
-0.07551789 0.00066430 0.47383817
-0.01839385 -0.01796448 0.48885342
-0.09288970 -0.00372670 0.48389910
-0.12102802 -0.03083994 0.48203147
-0.01637877 -0.02955759 0.51138249
-0.06372757 -0.04455955 0.50013479
-0.05611448 0.01723410 0.51892568
-0.03926843 0.00357101 0.51346637
-0.12264516 0.02270272 0.51305498
0.08894749 -0.00582170 0.55518979
-0.05309036 -0.06547290 0.54523948
-0.05631915 0.01800148 0.58365844
-0.07353204 -0.00915256 0.56696037
-0.04493505 -0.03528222 0.58170486
-0.08333147 -0.00167647 0.61586168
-0.16488716 -0.06179813 0.59002989
-0.01217457 -0.01249668 0.65763782
-0.12741324 -0.02084991 0.63211183
-0.07372079 -0.01265496 0.65377708
-0.12560819 0.00165598 0.69027373
-0.06513395 0.00412652 0.69215765
-0.02416064 -0.03818702 0.72914059
-0.05160231 -0.01528658 0.73609050
-0.09233573 -0.00821037 0.76728017
-0.09164853 0.02067982 0.78254900
-0.03825875 0.00289085 0.80987922
-0.04372368 -0.01113630 0.83467151
-0.07447766 -0.01694975 0.85037580
-0.01411005 -0.00103176 0.87630062
-0.06444880 -0.01343158 0.89218589
-0.04334701 -0.00846964 0.91554379
-0.03056104 -0.01179815 0.93534941
-0.02778103 -0.01680060 0.95822723
0.02648865 -0.00377493 0.97668684
-0.00864846 -0.00657792 0.99738139
-0.01040744 -0.00590621 1.01362398
-0.02209550 0.00505721 1.03084401
-0.03716062 -0.01092491 1.05098657
-0.01328171 -0.00679229 1.07010871
0.01306197 -0.00953443 1.08697199
-0.02367960 -0.01558470 1.10426386
-0.04059686 -0.00852067 1.12065625
-0.03010677 -0.05599677 1.13777981
0.03463233 -0.00834803 1.15514178
0.00284695 0.00246993 1.16789802
-0.09814772 -0.08224017 1.18137927
-0.01767280 -0.01495099 1.20329572
-0.01219306 -0.00209371 1.21976094
0.05457839 0.02779557 1.22971528
0.01539838 -0.00640418 1.24285876
-0.02229199 -0.00859247 1.26028013
-0.03414260 -0.02158546 1.28030501
-0.02820893 -0.00492564 1.29373814
-0.04232598 -0.03133304 1.30825389
0.04974226 -0.02850419 1.31836078
-0.01791909 -0.01509502 1.33432577
-0.02382852 -0.00956184 1.35473786
0.02937390 -0.00871036 1.36807837
-0.01526191 -0.00104499 1.38029509
-0.03403161 -0.02128436 1.39246455
-0.00309325 -0.01656491 1.40967023
0.02088037 -0.00947052 1.42365122
0.01056233 -0.01249431 1.43646628
0.06697651 0.01457249 1.45248222
-0.00448168 -0.03613948 1.47139771
0.04160159 -0.02364818 1.47833833
0.00010418 -0.00635003 1.50356647
-0.01839746 -0.01654728 1.51054061
-0.06220091 -0.01142229 1.51245873
-0.03776595 -0.02815861 1.51044136
-0.01210993 -0.02852047 1.50915917
-0.02103322 -0.03617696 1.50584219
0.01306798 -0.01377166 1.50299297
0.00137035 -0.01726521 1.50648111
0.04482440 -0.02710305 1.49900010
0.00416662 -0.02666558 1.51284515
-0.01289657 -0.02570159 1.50474228
0.00820026 -0.02962727 1.50380579
-0.04528924 -0.04904594 1.50184750
0.01158042 -0.02546903 1.50267962
-0.00886875 -0.02616733 1.50500507
-0.00370809 -0.02436385 1.50231264
-0.00158940 -0.04055778 1.49517879
0.05191216 -0.04807262 1.49145363
0.13655544 -0.06591933 1.47984953
-0.06019489 -0.05172124 1.49149873
0.01300794 -0.03476369 1.49103514
-0.00030917 -0.01089731 1.48233158
-0.01146449 -0.02731134 1.48383611
-0.00998995 0.02425938 1.47958478
-0.03523324 -0.02744470 1.47965596
0.03804150 -0.01931904 1.46944482
-0.00525679 -0.03797125 1.47191209
0.05575277 0.03135173 1.47479552
0.01565912 -0.02681379 1.46700257
-0.07607983 -0.02779840 1.46071445
0.01166643 -0.01033521 1.46171007
-0.01637558 -0.03956626 1.45798591
0.00903074 -0.01756012 1.45597905
-0.02243095 -0.03864152 1.45320288
0.02565924 -0.02110108 1.45146441
0.00368892 -0.01401225 1.44984839
0.00161900 -0.01447696 1.44308755
0.01744554 -0.04618099 1.44595310
-0.03108087 -0.03247671 1.44218757
-0.00104452 -0.01406281 1.43964737
-0.05897405 -0.05040068 1.43288838
-0.02917150 -0.03896684 1.43408062
0.00379442 -0.02110001 1.43305896
0.02378251 -0.02201309 1.43117407
-0.03099228 -0.01717934 1.42755090
-0.07278233 -0.02112529 1.42024942
-0.03916762 -0.03416650 1.41919380
0.01511393 -0.01309792 1.41649947
-0.00958648 -0.03938199 1.42117330
0.04717587 -0.02323812 1.40746160
-0.01097294 -0.03141012 1.40412890
-0.00116906 -0.02999158 1.40356203
0.01282185 -0.02009648 1.40173886
0.14811153 -0.04941886 1.38952721
-0.01594203 -0.03139169 1.39696260
-0.06014612 -0.05969268 1.39119595
0.01666039 -0.02717426 1.38410544
0.06052030 -0.02921854 1.38229907
0.03114860 -0.01243808 1.37872895
0.01837497 -0.01341857 1.37666295
0.02603298 -0.02484799 1.37256526
-0.02728818 -0.03361581 1.36927868
-0.00729963 -0.03352296 1.37094187
0.00727537 -0.02374530 1.36625596
-0.00628718 -0.01918204 1.36495842
0.02903497 -0.02604550 1.36470012
-0.01633280 -0.01309886 1.36254711
-0.02484627 -0.01752172 1.36579488
-0.01625642 -0.01742928 1.36038431
-0.06220864 -0.03996992 1.35808050
-0.00613356 -0.04017332 1.35887481
0.01504357 -0.01357755 1.35639599
-0.02055803 -0.03484089 1.36022802
-0.03860906 -0.03465914 1.35493000
0.00719888 -0.03296361 1.35611092
0.03579648 -0.04222990 1.35454470
-0.02077558 -0.02560933 1.35220729
0.00211087 -0.03053045 1.35429160
0.05331452 0.02186142 1.35229223
0.00353218 -0.02364520 1.35089882
-0.00010723 -0.02228566 1.35292990
-0.00175983 -0.01452537 1.34992686
0.03077272 -0.01081015 1.35036402
-0.00299769 -0.02338772 1.34714789
-0.00857863 -0.01865841 1.34670839
-0.01790264 -0.03360022 1.34653564
-0.00156686 -0.02080794 1.34079269
-0.00716176 -0.02061805 1.34169956
-0.00163627 -0.02458204 1.33839042
-0.01082083 -0.02518006 1.33094240
0.00539362 -0.02336417 1.32728947
-0.00854513 -0.02878358 1.33171321
0.00799187 -0.02423555 1.32424981
-0.00727752 -0.03041755 1.32048035
-0.01190606 -0.03282228 1.31642667
-0.05375305 -0.01809021 1.31078953
-0.00060273 -0.03646717 1.31144409
0.03252146 -0.02409350 1.30700232
0.00216886 -0.00932982 1.30674349
0.00944026 -0.01120940 1.29860056
-0.03765415 -0.00486281 1.29748570
0.01875162 -0.02990713 1.29704824
-0.04535658 -0.03826059 1.29591987
-0.03743463 -0.04205565 1.29005308
0.00086133 0.00360407 1.28859622
0.00909554 -0.04670403 1.27755677
0.00882649 -0.03987593 1.28247482
-0.05109748 -0.04638785 1.27532324
-0.01785221 -0.03231942 1.27356570
-0.00881268 -0.03154044 1.26862880
0.02363865 -0.05317852 1.27123708
-0.05016534 -0.04475741 1.26800852
-0.01424083 -0.02544124 1.26340744
-0.00897058 -0.01747803 1.26097002
-0.00931678 -0.03183914 1.25477156
-0.00156403 -0.01539457 1.25854002
0.02147655 -0.00795854 1.25137546
-0.03656672 -0.02306565 1.25160897
-0.01069834 -0.02078580 1.24397568
0.00065559 0.00777639 1.23842608
0.00464537 -0.02012184 1.24228698
-0.01588072 -0.02250595 1.23614022
-0.01682780 -0.01890852 1.23200058
-0.07120846 -0.05188604 1.22433545
0.03246721 -0.00863506 1.21396400
-0.01085663 -0.03348502 1.20236154
0.00380779 -0.01547250 1.17935879
-0.00327738 -0.02192905 1.16432147
-0.00239432 -0.02741738 1.15041832
-0.02814696 -0.03490782 1.12183637
-0.00278397 -0.03451938 1.10740308
0.00683327 -0.02583266 1.09900293
-0.00582961 -0.01815179 1.09515744
0.01091676 -0.01747970 1.09567858
0.00296275 -0.01477178 1.09790082
-0.01130028 -0.01915799 1.09587146
-0.00534724 -0.02603135 1.08527966
0.02973856 -0.02462264 1.08218859
0.01104076 -0.01796148 1.07902919
0.01359942 -0.01918831 1.07766273
-0.00262834 -0.02913363 1.07384951
0.00086457 -0.01195902 1.06918521
-0.00976876 -0.02215128 1.06346691
-0.08019584 -0.03663354 1.05910742
-0.00826534 -0.02338901 1.05376030
0.04955767 -0.02557718 1.05231121
-0.00476683 -0.02277197 1.05599923
-0.03295575 -0.02538093 1.06172197
-0.01782678 -0.01746546 1.06658423
-0.02366491 -0.02331979 1.07408938
0.00986765 -0.01754846 1.07784012
-0.13013072 -0.02589767 1.07385155
-0.02559723 -0.03393421 1.08916880
-0.02016329 -0.02438641 1.09507500
-0.04318805 -0.02211340 1.09831588
-0.00564660 -0.00680212 1.10585830
0.01097557 -0.00583712 1.11184597
0.00952832 0.00940160 1.12174254
-0.00217969 -0.00028405 1.12725172
-0.03788500 0.01352504 1.13512652
0.04194478 -0.03060693 1.13670754
0.02029889 0.00428245 1.14525387
0.05487874 -0.01773044 1.15127652
0.01824992 -0.03023564 1.16245333
-0.00130720 -0.03057314 1.16638506
0.00246291 -0.00330207 1.17715567
-0.01469861 -0.02214354 1.18275784
0.03429928 -0.00980035 1.19097222
0.01384945 -0.01222837 1.20352743
0.01983524 -0.02738101 1.20902942
0.00265975 -0.00618978 1.21957754
-0.02776667 -0.02187725 1.22785106
-0.00514522 -0.02997318 1.23531930
0.00192525 -0.02256221 1.24616441
0.05921032 0.01785933 1.25610134
-0.00081887 -0.00796677 1.27215057
-0.02304368 -0.00851371 1.28059910
-0.00173737 -0.01297063 1.29417435
-0.00108183 -0.02384787 1.30149904
0.01152895 -0.02043368 1.30905385
0.01197458 -0.01408460 1.32612422
-0.01419893 -0.02403852 1.33544132
-0.01098176 -0.01948687 1.34235520
-0.00671599 -0.04318621 1.35961724
-0.02602612 -0.00568189 1.36608902
-0.02003954 -0.00901259 1.37333463
0.02809052 0.00312200 1.38319380
-0.00756393 -0.00173770 1.38819186
-0.02123789 -0.01764364 1.40434145
-0.03821512 -0.03032102 1.41249097
-0.00729061 -0.02039302 1.42303953
-0.01857509 -0.02605896 1.42826930
0.00948241 -0.01311968 1.43633791
0.00762664 -0.02305753 1.44311426
-0.00909149 -0.04534940 1.44070031
0.01133663 -0.03078582 1.44297655
-0.00422450 -0.01634284 1.44058012
-0.01197830 -0.01650459 1.44028826
0.00486163 -0.01711097 1.43811356
-0.03047244 -0.03741716 1.43599134
-0.01755271 -0.02329359 1.43664317
-0.01660005 -0.03084813 1.43402078
0.02120889 -0.00459245 1.44104071
-0.00310176 -0.01180040 1.43393610
0.05179631 -0.01335244 1.43163432
0.02351005 -0.02258203 1.42777257
-0.00668389 -0.02445824 1.42268655
0.00776143 -0.01706135 1.42476844
0.03841117 -0.00431569 1.41853686
-0.01773142 -0.03737791 1.41397340
0.00365962 -0.03311431 1.41376625
-0.01260918 -0.03106437 1.41183207
-0.01273071 -0.02616615 1.41083189
0.03197856 -0.01329795 1.40080050
-0.00964702 -0.02732339 1.39411571
-0.01236714 -0.02312897 1.39306905
-0.05754912 -0.02679689 1.39248082
-0.04632129 -0.01720533 1.39219888
-0.00203470 -0.02873381 1.38630795
-0.00904968 -0.02899322 1.38026193
-0.01291239 -0.03386278 1.37550352
0.04071122 -0.01134293 1.37429727
0.00905417 -0.02297794 1.37226727
0.05835374 -0.00807905 1.36594862
-0.02733441 -0.03067306 1.36495422
-0.00272288 -0.02761421 1.35645250
-0.03708973 -0.03681086 1.35821744
0.02960951 -0.02514909 1.35269359
-0.01216216 -0.01933056 1.34652438
-0.03060039 -0.02900244 1.34308120
-0.01148172 -0.02862012 1.33850388
0.00856890 -0.01683711 1.34049613
0.02555871 -0.02655490 1.33424272
-0.00344184 -0.01380257 1.32575273
-0.01080508 -0.02284697 1.31647123
0.00503768 -0.01796592 1.30018375
0.03486734 -0.02606478 1.28079959
0.01300937 -0.02905157 1.25940309
0.01542808 -0.05441305 1.23453639
0.00527224 -0.02696251 1.20833784
-0.01498855 -0.02773802 1.17789323
0.01201994 -0.02680698 1.15661591
0.00478265 -0.03408756 1.12566277
0.01828856 -0.03171300 1.09429042
0.00037110 -0.01568869 1.06275043
-0.01000887 -0.02989669 1.03670277
0.01329955 -0.03623381 1.00024800
-0.01013175 -0.02315363 0.97126694
-0.00364215 -0.02540978 0.93882043
0.00211294 -0.02127548 0.90275773
0.02474234 -0.02069124 0.87254217
-0.00482848 -0.01940173 0.84015782
-0.04083332 -0.04218008 0.80590995
-0.00041234 -0.02219327 0.78643159
-0.00978966 -0.02728664 0.77373645
0.01008134 -0.01517645 0.77404080
0.03666344 -0.02708684 0.77115600
0.01195434 -0.00280307 0.77067035
-0.03741832 -0.02429198 0.76778018
0.01351795 -0.01099703 0.76236304
-0.00033202 -0.01441945 0.76396194
-0.01470377 -0.02022055 0.75708863
0.00716357 -0.01730343 0.75449868
0.01871788 -0.01734663 0.75117656
-0.00734809 -0.01427648 0.74780447
0.00169913 -0.01735568 0.74543594
0.01645044 -0.01703343 0.74245614
0.00468050 0.00211016 0.73721565
0.01775031 -0.00632210 0.73681468
-0.00318287 -0.00837203 0.74128344
-0.00787102 -0.01332797 0.74590237
-0.00893026 -0.00938621 0.75348643
0.00900150 -0.00752949 0.75672778
-0.00479730 -0.01414089 0.76065023
-0.01761599 -0.00957703 0.76617881
-0.01140811 -0.01363922 0.76744606
0.01476912 -0.00613399 0.77307508
-0.00988629 -0.00369215 0.78220031
-0.00909184 -0.00199321 0.79012664
0.01051159 -0.00316079 0.79732205
0.01188128 -0.01025112 0.79492140
-0.00222157 -0.01297361 0.79535666
-0.02160231 -0.00794076 0.80083414
0.01291667 -0.00597020 0.80695935
0.00129753 0.00119375 0.81953039
0.02236304 -0.00704034 0.82237790
0.00684638 -0.01273546 0.82820176
0.03644766 -0.01003305 0.83091845
-0.01018264 -0.00806521 0.83676785
-0.02575897 -0.02348142 0.84402314
0.05538138 0.00897749 0.85178206
-0.01019725 -0.00761459 0.86760801
0.01608663 -0.00865056 0.87546362
-0.00986828 -0.02585868 0.88469312
-0.00717350 0.00461688 0.89313214
0.00396866 -0.00721196 0.90211113
-0.02280613 -0.02612016 0.90931623
0.01442614 -0.00756661 0.91890924
-0.00266831 -0.01631548 0.92534504
-0.00512342 -0.01118013 0.93264193
0.02307868 0.00166053 0.93507243
0.02109623 -0.00317895 0.93825584
-0.00499812 -0.01483515 0.93617034
0.03972916 -0.00273541 0.93550329
-0.03209256 -0.01708068 0.93505636
-0.04946713 -0.01500082 0.93269215
-0.00676463 -0.00319059 0.93423120
0.01287196 -0.01360819 0.93253471
-0.00320984 -0.01070418 0.93352558
0.00340771 0.00016767 0.92764968
0.05242071 0.00032410 0.92330731
0.02775370 -0.02028993 0.92132330
-0.01496372 -0.01623659 0.91878996
0.00855131 -0.01083759 0.91556362
-0.00479005 -0.01939763 0.91122941
-0.03661530 -0.02523057 0.89824812
0.01141159 -0.01311703 0.88309680
-0.02626951 -0.02619878 0.86011093
0.03624354 -0.00346037 0.84325498
0.06506762 0.00547713 0.82805906
0.03672718 -0.00747762 0.82589650
0.01760978 -0.01386201 0.82478184
-0.39950815 -0.01197775 0.72108317
-0.11246435 0.00277823 0.81259629
-0.03222422 0.00027493 0.81450770
0.01800943 -0.01285356 0.81199978
0.00202195 -0.00754496 0.80811388
-0.04594751 -0.01845600 0.80745804
0.00000683 -0.01573196 0.80358613
0.02376365 -0.00612605 0.79920162
-0.04707080 -0.00983350 0.79625884
0.00208177 -0.01382633 0.79614146
-0.08927467 0.00152760 0.79350552
0.01411277 -0.00077662 0.80065301
