0.00000000 0.00000000 0.00000000
-0.03384572 -0.02510871 1.23698192
0.01380645 -0.00904258 1.19105997
0.00079667 -0.01585222 1.19885050
-0.00600599 -0.01478111 1.19681754
0.00831780 -0.01915989 1.21893683
-0.00748004 -0.02919322 1.21515032
-0.00625551 -0.01552704 1.20539616
0.00151955 -0.01819391 1.20822344
0.00084496 -0.01669311 1.18228238
-0.00852894 -0.01644188 1.19410433
-0.00970616 -0.02401293 1.19515439
-0.01264462 -0.02185333 1.20516533
0.00307955 -0.01724975 1.18410391
-0.00844748 -0.01956622 1.20006930
0.02828197 -0.02193563 1.17525805
-0.00249203 -0.01473860 1.19161759
-0.00137176 -0.01697017 1.17801014
-0.00671696 -0.01154840 1.20234711
-0.00336963 -0.01914663 1.20259696
-0.00612191 -0.02272871 1.20753031
-0.00519991 -0.01718740 1.19917243
-0.00232139 -0.02107723 1.20006635
-0.00586612 -0.01868600 1.19935142
-0.00803096 -0.01895368 1.20026846
-0.01180564 -0.02582591 1.21199607
-0.00919063 -0.02243440 1.19889063
-0.00258084 -0.02095312 1.18923827
-0.01090651 -0.01482221 1.21363177
-0.00131879 -0.01378349 1.22568154
-0.01427814 -0.01459617 1.18166337
-0.00047116 -0.02346751 1.21509569
-0.00314199 -0.02312490 1.20409668
-0.00213924 -0.01889989 1.20693206
-0.01267158 -0.01830440 1.21225705
-0.00882717 -0.02338325 1.20534179
-0.01076079 -0.02225034 1.21153272
-0.00088409 -0.02182467 1.21002656
-0.01385752 -0.02032269 1.20792866
0.04757742 -0.01298292 1.23927728
-0.01236470 -0.01551019 1.21446771
-0.02294978 -0.01104699 1.21014900
-0.01984642 -0.01678885 1.19237421
-0.03492930 -0.02092085 1.20088738
0.01552590 0.00319289 1.22323959
0.01976731 -0.07385815 1.29527037
-0.02643604 0.00022403 1.22860557
-0.00563897 -0.01507512 1.21751562
-0.01041238 -0.01588900 1.21609125
-0.01210451 -0.02249691 1.22066149
-0.01416095 -0.08262886 1.17241780
-0.02826486 -0.03900228 1.18884465
-0.01608256 -0.00791101 1.22477075
-0.00446392 -0.02073766 1.20021395
-0.00279363 -0.02501289 1.19828425
-0.01330189 -0.01606962 1.18587449
-0.00393640 -0.00172346 1.20094943
-0.00527728 -0.02416369 1.18337939
0.00243447 -0.01294296 1.20311631
0.01140592 -0.00948190 1.18053455
0.00221366 -0.01319424 1.18842406
-0.00961941 -0.01904505 1.18493054
-0.00658434 -0.02916178 1.19020498
-0.00295437 -0.02383523 1.18090445
-0.00625230 -0.01792733 1.17755609
-0.00402010 -0.02482598 1.18114275
-0.00317056 -0.02476341 1.18091212
-0.00244808 -0.02200992 1.17902998
-0.00228339 -0.01715876 1.16193873
0.00318742 -0.02080327 1.16290514
0.05720240 -0.01983740 1.17051564
0.00591329 -0.02091491 1.15222120
-0.00396383 -0.02217907 1.16356046
-0.00441152 -0.02023065 1.16423956
-0.00206499 -0.02176046 1.14885202
0.00060432 -0.01599709 1.15281051
0.00153825 -0.01622650 1.15648850
0.00883518 -0.01036839 1.16574240
-0.00743379 -0.01584453 1.17314809
0.00328456 -0.01716479 1.15319223
0.00801923 -0.01059659 1.19517059
-0.03257466 -0.01024257 1.15480679
0.00739484 -0.01136454 1.18068093
-0.02437073 -0.00989448 1.17773163
-0.00046458 -0.00418979 1.18649423
0.00087833 0.00065759 1.20618756
0.00403666 -0.00840537 1.22381943
-0.00656722 -0.01307929 1.20579267
-0.00107867 -0.00605200 1.22931154
-0.01467363 -0.02161730 1.21629538
-0.02116852 -0.00682169 1.20756113
0.00543006 -0.00052112 1.23470627
0.00851018 -0.01126061 1.23472508
-0.05272730 -0.02127231 1.23271723
-0.00075793 -0.00753695 1.21748513
0.01906986 -0.00860629 1.29920583
-0.02768100 -0.00494262 1.28180716
-0.01074967 -0.02100555 1.21695844
-0.01047321 -0.00273290 1.23266949
-0.01410045 -0.01472732 1.23742564
-0.01576802 -0.00874125 1.22318615
-0.01862402 -0.01503089 1.23718391
0.00475857 -0.01041597 1.25558386
-0.01194224 -0.01135834 1.24734510
-0.00684064 -0.01584126 1.25969528
-0.00845989 -0.01005200 1.24569724
-0.01638869 -0.01852624 1.24055786
-0.00221420 -0.01395066 1.25909606
-0.00965484 -0.02309836 1.26486309
0.04613810 -0.09678526 1.24389456
-0.00413046 -0.02190723 1.26628061
0.00441364 -0.01613019 1.23834632
-0.01115209 -0.02322114 1.27086193
-0.01153008 -0.01630284 1.26782461
-0.01561433 -0.02279928 1.28689818
-0.00632701 -0.02711244 1.29642312
-0.01275620 -0.02417347 1.28962506
-0.00613038 -0.02131024 1.28891217
-0.01799028 -0.02360646 1.29378875
-0.01194454 -0.01885476 1.28268320
-0.00962848 -0.02022827 1.26932593
-0.00418879 -0.03436027 1.27750257
-0.00573481 -0.02495964 1.27827816
-0.01558330 -0.02481572 1.27169806
-0.00956061 -0.02105476 1.27713329
-0.01779465 -0.02842920 1.28167621
-0.02617518 -0.02767888 1.29010629
-0.04722668 -0.02494459 1.29836792
-0.00257992 -0.06420447 1.28045816
-0.01627918 -0.02543404 1.27773774
0.00075505 -0.01636130 1.27591860
-0.01402800 -0.02854489 1.29439356
-0.01948775 -0.00879191 1.28314560
-0.00947824 -0.01769793 1.28276179
-0.01233852 -0.01973808 1.28669949
-0.02173025 -0.02970173 1.26383845
0.00130633 -0.01534358 1.28883972
-0.03418666 -0.02182013 1.27282345
-0.01288013 -0.02147476 1.27287723
-0.01662346 -0.01513181 1.29961020
-0.01292253 -0.02252736 1.27196392
-0.00565276 -0.01786310 1.28390955
0.00272659 -0.02256155 1.28316712
-0.01721520 -0.02195746 1.28722588
-0.01763461 -0.01631789 1.27033060
-0.01528217 -0.00509211 1.27449705
-0.01080824 -0.01453617 1.27745328
-0.02616515 -0.01177492 1.28347042
-0.00427349 -0.02466671 1.26397464
0.00691059 -0.01988871 1.26592650
-0.01742513 -0.03272366 1.26785430
-0.27591087 -0.09618172 1.12140510
-0.01882391 -0.02681896 1.24717550
-0.00900032 -0.01924133 1.23925959
-0.00765932 -0.01518940 1.25338767
-0.02003529 -0.01539223 1.25078363
-0.00856340 -0.01935988 1.25006760
-0.01112286 -0.02190222 1.25220958
0.01212243 -0.01766934 1.26990959
-0.00079538 -0.02046849 1.22893946
0.01107584 -0.01455495 1.19918555
-0.00451425 -0.02093723 1.22045475
-0.00930298 -0.01825678 1.21920598
-0.01337498 -0.02582664 1.22335185
-0.00474037 -0.02330862 1.20960438
-0.00466277 -0.02499565 1.21962479
0.00899828 -0.02160767 1.18776601
-0.00547494 -0.02080194 1.19687741
-0.01248399 -0.02506950 1.19226308
0.02782835 -0.03121714 1.13263374
0.00142632 -0.02218013 1.15737185
-0.00867497 -0.03438426 1.15465324
-0.01050086 -0.02545411 1.13789136
-0.01768436 -0.02789059 1.12810515
-0.01460628 -0.02642251 1.11642652
-0.01525206 -0.02807267 1.10436695
-0.01203282 -0.02266409 1.08377784
-0.01213062 -0.01868950 1.06877635
-0.01013107 -0.02045430 1.05288489
-0.00721947 -0.01627335 1.04703171
-0.02469446 -0.01721944 1.03174487
-0.01104474 -0.02266938 1.01734061
-0.01176474 -0.01969114 0.98894729
-0.01267175 -0.02946490 0.97918948
-0.00961463 -0.01983019 0.95383738
-0.01529915 -0.02261069 0.92694179
-0.00894499 -0.02111849 0.90288899
-0.00830517 -0.01626180 0.87984119
-0.00557003 -0.01811705 0.86643041
-0.00825363 -0.02086058 0.84499723
-0.01384140 -0.01952609 0.81970218
-0.00795982 -0.01599251 0.79930200
0.00026577 -0.01202658 0.78276588
-0.00130032 -0.01728802 0.76023701
-0.00603595 -0.02285179 0.74471112
0.01773787 -0.00821862 0.75091470
0.01673911 0.00075398 0.74363012
0.01099147 -0.01112704 0.73264440
0.01199133 0.00248725 0.72748179
0.01035926 -0.03391224 0.72768276
-0.00166042 -0.01123032 0.72658817
0.00894637 -0.00990316 0.71544283
-0.00818783 -0.01005555 0.71389633
0.01001859 -0.00055540 0.71989152
0.00449718 -0.00287135 0.70770130
0.00793181 -0.00908962 0.70320115
0.01095821 -0.00339247 0.70456600
0.00955551 -0.00197955 0.70250595
-0.01697073 0.00723916 0.69295359
0.01905328 -0.01679557 0.68127579
0.00265043 -0.01103845 0.69781727
-0.02446432 -0.04639997 0.71217648
0.01256792 0.00205653 0.68944730
-0.00665401 0.00357752 0.70406510
-0.00309512 -0.03006514 0.70372530
-0.00204598 0.00176441 0.70718591
-0.02789624 0.00198760 0.72361639
-0.02301431 -0.00787047 0.72786763
-0.15563209 -0.02452492 0.60080093
-0.00139909 -0.00808086 0.74669856
0.00000000 0.00000000 0.00000000
0.02846079 -0.01141765 0.78172403
0.24083821 0.02031106 0.69406148
0.07454681 0.07077337 0.72210172
-0.00906222 -0.00230626 0.77493134
-0.01390619 -0.01094322 0.78347626
-0.00525851 -0.00699605 0.79196324
-0.00148238 -0.00949794 0.78344156
-0.00750948 -0.00903803 0.78684914
0.00024831 -0.00298998 0.80052313
0.00200183 0.01549351 0.82515319
0.00667588 -0.00683070 0.81543958
-0.02542175 -0.01212698 0.81926977
0.00248883 -0.00560723 0.82689504
-0.00042113 -0.00457300 0.84247227
-0.03957072 -0.07781730 0.82630616
0.04410324 -0.05858822 0.88153271
-0.00750508 -0.03896775 0.84623037
0.02110219 -0.01233127 0.86486639
0.05059317 -0.05489889 0.83958495
-0.00654991 -0.02037363 0.81801613
-0.01093190 -0.00008631 0.83845529
-0.01066462 -0.08100915 0.85139861
-0.01661081 -0.03640456 0.83096132
-0.00033492 -0.01766115 0.85774398
-0.00607717 -0.03107046 0.84364424
0.03114001 -0.01018172 0.86170519
-0.01216984 -0.01459334 0.84571125
-0.04504117 -0.04069417 0.83883749
0.00041333 -0.00300145 0.86289430
-0.03253959 -0.03108074 0.83579318
-0.02927184 -0.06670907 0.85744788
-0.00776926 0.00247530 0.86289758
-0.05055225 -0.04441788 0.83971964
-0.00699352 -0.00711717 0.86720710
-0.02015329 -0.01050845 0.82755570
-0.00257197 -0.01990435 0.84201787
-0.01056134 -0.01409163 0.83650934
-0.03471161 -0.01788423 0.82352683
-0.02571117 0.00243119 0.81282369
-0.00938934 -0.00699588 0.81054306
-0.04499012 -0.03545200 0.81116900
-0.01799301 -0.01887208 0.78101483
-0.02522614 -0.01381959 0.75220416
0.00044561 -0.01235866 0.75636722
0.00389169 -0.01819670 0.73998617
-0.01935931 -0.01986361 0.69837949
-0.01273334 -0.01159698 0.68950951
-0.01740829 -0.00700225 0.66965203
-0.01391129 -0.17373873 0.63737183
-0.01080010 -0.01725446 0.63326797
-0.04859682 0.00909582 0.60517170
-0.01149241 0.00917425 0.58855340
-0.01009250 -0.02612171 0.57883688
-0.04648620 -0.02220110 0.58633048
-0.03338200 -0.00101543 0.59688272
-0.01748751 -0.00711395 0.60445374
-0.02835888 -0.00609928 0.51408051
-0.00775986 -0.00100476 0.50519703
-0.03872156 -0.00546877 0.53497343
-0.04462856 -0.01061935 0.51274384
-0.04223282 -0.00612289 0.48619942
-0.03741303 -0.00446261 0.48606705
-0.03348176 -0.01379355 0.49686808
-0.03963774 -0.00408437 0.48755034
-0.04848551 -0.00629890 0.48694413
-0.04705288 0.00331009 0.49747261
-0.03408037 -0.00654283 0.47382382
-0.03955136 -0.00184274 0.50196338
0.05403430 -0.68113964 0.39590100
-0.00794136 -0.04517818 0.36320753
-0.00026277 0.01827174 0.46210907
-0.02317363 0.01171676 0.48201106
-0.02907649 -0.04128075 0.35602172
-0.06340793 -0.00712339 0.39199521
-0.12432119 -0.00841391 0.42145520
-0.08908939 -0.00826787 0.41894532
-0.06805276 -0.01159308 0.38432362
-0.07216164 -0.02353760 0.37910486
-0.05793639 -0.02774367 0.36787343
-0.06341861 -0.02253112 0.37126980
-0.06437351 -0.01442416 0.40031264
-0.08492113 -0.01352000 0.41025986
-0.04006637 0.06146388 0.41454662
-0.09052695 -0.00783213 0.45072179
-0.00813192 0.00642738 0.46520341
-0.03100453 0.00053858 0.47680352
-0.03178501 0.03242972 0.49168579
-0.05532771 -0.01777934 0.51328004
-0.07187522 -0.00219905 0.50759628
-0.06494991 0.00190975 0.54034323
-0.06559625 0.00002673 0.55507516
-0.06978348 -0.00921512 0.57499907
-0.06343957 0.00787856 0.60097421
-0.07964732 -0.00949854 0.61271723
-0.05569538 -0.00628165 0.63725850
-0.05887650 0.00111111 0.66717458
-0.06194851 -0.00650104 0.68442932
-0.04376045 -0.01397685 0.71878323
-0.07565882 -0.00934663 0.72610326
-0.04220763 -0.01393892 0.72079848
-0.12678058 0.00468855 0.78561931
-0.04994999 0.00003089 0.80837985
-0.05770623 -0.00181396 0.83794130
-0.06518833 -0.00310517 0.87612470
-0.07662908 -0.00907586 0.92365947
-0.03473406 -0.00856739 0.87451816
-0.06166562 0.00081993 0.90440944
-0.06210238 -0.01626269 0.96848733
-0.04164158 -0.00697052 0.93838327
-0.05178654 -0.00878952 0.99435702
-0.05848900 -0.00816798 1.02731958
-0.04485340 -0.00909840 1.02719106
-0.03374985 -0.01204564 1.05360571
-0.04343040 -0.01247541 1.07949909
-0.03838008 -0.01462029 1.09335512
-0.04704431 -0.00666353 1.15090168
-0.04396434 -0.00339988 1.15715277
-0.04213271 -0.01026212 1.18742630
-0.03623416 -0.00955592 1.18801709
-0.03446821 -0.00802651 1.21342726
-0.02491512 -0.00921173 1.23563965
-0.02657361 -0.01148381 1.27110497
-0.02115933 -0.01053707 1.28827228
-0.00913634 -0.01208775 1.31517507
-0.01691605 -0.01968732 1.33635922
-0.00382510 -0.01531636 1.32085603
-0.01610030 -0.01053763 1.32974778
-0.00931780 -0.01583547 1.34621141
0.00455638 -0.01980764 1.31299259
0.00315474 -0.04340227 1.36473641
-0.01539102 -0.03055458 1.35734442
-0.01978354 -0.02765574 1.38862649
-0.00510163 -0.02174585 1.35828673
-0.00528033 -0.03099293 1.42747590
-0.00220694 -0.02134978 1.40892850
0.00202783 -0.02106429 1.37467614
-0.00652362 -0.02461551 1.36485070
-0.01103758 -0.02563025 1.37175572
-0.00438255 -0.02519380 1.35981349
-0.01191104 -0.01771849 1.37167860
-0.00996872 -0.01880172 1.35978955
-0.01549931 -0.03512424 1.41543417
-0.01947643 -0.05488851 1.44783748
0.02361055 -0.04313901 1.34392552
-0.01247824 -0.01923511 1.38984208
0.01733988 -0.04284408 1.37187618
-0.01402046 -0.02046403 1.40162487
-0.00166454 -0.02228219 1.38214838
-0.01714124 -0.03460937 1.45056164
-0.03338290 -0.02984874 1.49228927
-0.01549443 -0.02391759 1.40527310
-0.01164441 -0.02132030 1.39834010
-0.04811283 0.00943723 1.57928009
0.00394065 -0.00698897 1.33474157
-0.02229009 -0.03018554 1.43765086
-0.01005531 -0.02582735 1.41650701
-0.00148123 -0.02289602 1.42714009
-0.00899314 -0.01922202 1.43506190
-0.01209748 -0.01745049 1.43514258
-0.01671129 -0.03033721 1.43555385
-0.01551441 -0.03312811 1.45234932
-0.01214742 -0.02418675 1.41803827
-0.01669442 -0.02378115 1.45856634
-0.01579254 -0.02552763 1.47035113
-0.00963531 -0.02648299 1.44932505
-0.01193948 -0.03022558 1.45806564
-0.01486638 -0.02143695 1.45866521
-0.01606483 -0.03081573 1.47869609
-0.01093697 -0.02468101 1.47890844
-0.01592273 -0.01669614 1.47121249
0.00304359 -0.02411269 1.44300673
-0.00549789 -0.02402147 1.45069499
-0.01308582 -0.02569475 1.48151231
-0.01307560 -0.03076922 1.49025244
-0.01029306 -0.02626599 1.47498484
-0.00582598 -0.02892118 1.47113365
-0.00874719 -0.03353123 1.46591731
-0.01268206 -0.02582989 1.47129285
-0.01270659 -0.03185631 1.47674657
-0.00556567 -0.02428411 1.45483240
-0.00713415 -0.02527506 1.46612763
-0.00734774 -0.02086730 1.44533356
-0.00913656 -0.02494228 1.47067524
-0.01086856 -0.01989171 1.44426406
-0.01306891 -0.02885198 1.44752107
-0.00962644 -0.02744288 1.44775300
-0.00838736 -0.03067692 1.44367674
-0.01333872 -0.02560213 1.46307145
-0.01037036 -0.03029185 1.43958413
-0.00754934 -0.02880442 1.43498095
-0.00486322 -0.03221612 1.42516285
-0.00624973 -0.03186410 1.41282951
-0.00564440 -0.02586303 1.38869212
-0.01219369 -0.03146998 1.40811796
-0.01566859 -0.03557953 1.38591007
0.02080970 -0.02191992 1.33827651
-0.00757295 -0.03262006 1.33561591
-0.00610167 -0.03089001 1.31844429
-0.00553757 -0.02834275 1.28780224
-0.00729687 -0.02777810 1.26216829
-0.00915502 -0.02767013 1.23887706
-0.00820793 -0.02486195 1.20273733
-0.01111611 -0.03243884 1.19520076
-0.01288339 -0.02382348 1.16635980
-0.01823151 -0.03048574 1.16520490
-0.01028098 -0.02441446 1.11571330
-0.01261857 -0.02717090 1.06524515
-0.00799641 -0.02433349 1.07979802
-0.14345803 -0.01777119 1.27577917
-0.11692540 -0.06036839 1.07627123
-0.02247268 -0.00153381 1.00141459
-0.00929128 -0.02553132 0.98179197
-0.08797198 -0.05034480 1.04856618
-0.14286153 -0.02735990 1.08226314
-0.04316280 0.00105709 1.01531097
-0.05428140 -0.04621591 0.92927596
0.00143543 -0.01312512 0.89195492
-0.01781682 -0.00818821 0.89939264
0.01301296 -0.00170918 0.86261064
-0.01043600 -0.02749707 0.84624567
-0.01444937 -0.00726998 0.88183928
-0.02031427 -0.00077270 0.85988640
-0.09667202 -0.02814481 0.90071603
-0.06064405 -0.07646422 0.85614575
-0.14084046 0.02538757 0.94849741
-0.09526070 -0.05666930 0.86610261
-0.12750192 -0.02020347 0.89054342
-0.11306336 -0.00129127 0.89303129
-0.10934648 -0.03283319 0.87741808
-0.07257211 -0.04241828 0.85765171
-0.12680333 -0.03589260 0.86406335
-0.10831134 -0.03810258 0.83776457
-0.13290882 -0.03143755 0.90576874
-0.00939262 -0.00833738 0.70785506
-0.00394613 -0.01619347 0.70786735
-0.06143712 -0.00820293 0.86093292
-0.11194409 -0.02349547 0.84969789
-0.07712773 -0.00601538 0.86957830
-0.07674694 -0.01049027 0.83460737
-0.07681802 -0.00824794 0.79228542
-0.00896790 0.00699208 0.76118952
0.04514081 0.01982975 0.75919808
-0.00965385 -0.00564593 0.73738743
-0.11400992 0.01027655 0.98917244
-0.01190322 -0.00570800 0.75247877
-0.01079022 -0.01375158 0.77883760
0.00157097 -0.02211649 0.77144265
-0.01314209 0.00176640 0.79878492
0.00589142 -0.00289031 0.82202257
-0.01009050 -0.00310822 0.83877867
-0.00435020 -0.00356544 0.85576699
-0.00719667 -0.00054875 0.86928074
-0.00464263 -0.00432520 0.88334843
-0.04077908 -0.02618596 0.98806693
-0.00537908 -0.00143909 0.92813013
-0.01101566 -0.00132575 0.95086800
-0.00839174 -0.00412231 0.95593617
-0.00270438 -0.00630792 0.97085444
-0.01075810 -0.00578359 0.98649377
-0.01166299 -0.00577811 1.01052174
-0.00817950 -0.00639181 1.01699086
-0.00742510 -0.00934803 1.03520201
-0.00618826 -0.01374691 1.05900884
0.15400594 0.01535505 1.12865358
-0.01387795 -0.00321086 1.09908156
0.00945810 -0.00291631 1.08889427
-0.00006768 0.00759372 1.13442013
-0.00406069 0.00103844 1.14912820
-0.00560216 -0.00963422 1.17480101
-0.01073401 -0.01303313 1.18543656
-0.00800905 -0.01133200 1.21796950
-0.01478420 -0.01050405 1.22031990
-0.00966072 -0.01649750 1.22947041
-0.00232941 -0.00651920 1.24288877
-0.00092278 -0.00791011 1.25435647
-0.00612560 -0.01592098 1.28167563
-0.01040587 -0.01237903 1.29830947
-0.00847272 -0.00447753 1.31944133
-0.01051002 -0.01922494 1.32214832
0.00253816 -0.01636379 1.32068119
-0.01303966 -0.00990447 1.36124185
-0.01349338 -0.00936760 1.39757651
0.00066838 -0.00415414 1.37264072
-0.01175810 -0.00827715 1.40810937
-0.00767797 -0.00854736 1.39772278
-0.01061144 -0.01585081 1.43627322
-0.01233800 -0.01158274 1.46046140
0.00020816 -0.00947595 1.45876858
-0.00456553 -0.01509354 1.47252788
-0.01719866 -0.01512773 1.50610329
-0.01589272 -0.01187630 1.49774260
-0.01153554 -0.01541973 1.47605603
-0.00586105 -0.02148394 1.47467273
-0.00519359 -0.02833224 1.46563569
-0.00611207 -0.02293157 1.46513018
-0.00649020 -0.03250875 1.46537486
-0.02820898 -0.03090506 1.51434219
-0.01348209 -0.02654234 1.47962530
-0.00403496 -0.02339988 1.46455163
-0.01142321 -0.02516765 1.47749296
-0.00512717 -0.02998204 1.47889221
-0.01610250 -0.02852033 1.47154674
-0.00480107 -0.02897069 1.44927993
-0.00701165 -0.02602047 1.44907408
-0.01601001 -0.02529955 1.45382738
-0.02109830 -0.03373466 1.48133366
-0.02399597 -0.03338585 1.49324525
0.00810846 -0.01987654 1.41976250
-0.01180593 -0.02218321 1.45327721
-0.01031809 -0.02976140 1.46143348
-0.01121067 -0.02237695 1.44650543
-0.01230773 -0.03323399 1.44364257
-0.00458329 -0.02170264 1.43581163
-0.00743609 -0.02431398 1.44539031
-0.01859731 -0.02955989 1.45700093
-0.01324695 -0.02672338 1.43025097
-0.01510022 -0.02643879 1.43593887
-0.01496285 -0.02929293 1.44940645
0.00151701 -0.01741821 1.39702622
-0.00660087 -0.02288118 1.43759039
-0.00273518 -0.02158430 1.42048547
-0.00729909 -0.03570232 1.45191188
-0.00452009 -0.03282793 1.40460551
-0.01070179 -0.02605529 1.40478995
-0.01275865 -0.03207596 1.40327407
-0.01148613 -0.02705309 1.40019815
-0.00618597 -0.02437003 1.38912599
-0.00984767 -0.02616858 1.37774300
-0.01231578 -0.02644708 1.39446830
-0.01959538 -0.02823410 1.38822060
-0.00858055 -0.02834381 1.38161632
-0.01742027 -0.03468085 1.38293330
-0.02213578 -0.02168058 1.36719730
-0.02119901 -0.02050494 1.36206153
-0.01252904 -0.02606279 1.37215220
-0.07694502 0.06456157 1.69014404
-0.11728595 -0.08183528 1.65952042
-0.00436418 -0.02624364 1.37356287
-0.00386272 -0.02514277 1.37330526
-0.00956787 -0.02860872 1.37077844
-0.01670833 -0.02459022 1.38072646
-0.15734564 -0.10167675 1.22586257
-0.02270259 -0.02194185 1.39505883
-0.01307144 -0.02663558 1.38425542
-0.01155319 -0.02429993 1.38293971
-0.01127542 -0.01204052 1.37149514
-0.12790816 -0.04444409 1.48714721
-0.01221668 -0.02372976 1.39277107
-0.00546005 -0.02531788 1.37140128
-0.01055385 -0.02085302 1.42032057
-0.01088781 -0.02485304 1.40696662
-0.01627554 -0.02222402 1.41049293
-0.00804081 -0.02106630 1.39880219
-0.00609206 -0.02183472 1.40565526
-0.01461581 -0.03021623 1.42254815
-0.00924958 -0.02204196 1.39111959
-0.01193730 -0.01757982 1.41609783
-0.00823905 -0.02571764 1.43685353
-0.00706563 -0.01958950 1.42552834
-0.00786942 -0.02279213 1.40991326
-0.01835370 -0.01203795 1.41434644
-0.01548347 -0.02454471 1.43680966
-0.01855755 -0.01242843 1.41045164
-0.01182957 -0.02675867 1.44879371
-0.01505238 -0.02515652 1.45599842
-0.00401553 -0.02041074 1.42036923
-0.00798920 -0.02706519 1.44306697
-0.00391863 -0.02653335 1.41935081
-0.00405023 -0.03120710 1.43943497
-0.00400701 -0.02705464 1.41478155
-0.01147678 -0.01379358 1.42504254
-0.00575187 -0.02572622 1.40981182
-0.00542494 -0.01896033 1.39034242
-0.00138699 -0.02627499 1.39084334
-0.00343592 -0.01768040 1.40015005
-0.01071078 -0.02550568 1.41102848
-0.00143167 -0.01878120 1.37848898
-0.02461421 -0.05830945 1.46119619
-0.00420157 -0.01433101 1.41143570
-0.01400829 -0.00965739 1.38667868
-0.03123913 -0.03848187 1.46713419
-0.01319703 -0.02193272 1.42308597
-0.00409264 -0.02247688 1.38902540
-0.00657528 -0.02643339 1.40438165
-0.01467627 -0.02389099 1.39750399
-0.02894926 0.00816932 1.63463467
-0.03239322 -0.00573691 1.39112494
-0.01154648 -0.02547806 1.40403595
-0.00845226 -0.02155121 1.39333099
-0.00427813 -0.03477432 1.41854824
-0.01080919 -0.02101792 1.39061273
-0.00878199 -0.03143144 1.41627854
-0.01291661 -0.03106178 1.41888949
-0.00884594 -0.02297460 1.38716569
-0.01942141 -0.02546854 1.40361630
-0.00807550 -0.02518341 1.39235445
-0.00703005 -0.02648868 1.38330621
-0.01483070 -0.03115756 1.38996559
-0.00832516 -0.02165599 1.36352047
-0.00251723 -0.00559638 1.34647595
-0.01476865 -0.01904073 1.35944997
-0.00792759 -0.02629915 1.35042869
-0.01042667 -0.01579703 1.34693439
-0.01434455 -0.02568715 1.36641475
-0.00908128 -0.02691717 1.33442185
-0.01131928 -0.02301792 1.35505334
-0.01268944 -0.02329286 1.35082205
-0.00221361 -0.01536771 1.30763881
-0.00893607 -0.02281688 1.33587646
-0.01265440 -0.02286250 1.34174790
-0.01560173 -0.02463065 1.35116485
-0.01293817 -0.02203824 1.33866629
-0.12685963 0.02806870 1.61037707
-0.01856231 -0.02492800 1.31361160
-0.02501118 -0.03475861 1.34186201
-0.01383771 -0.02560515 1.30130758
-0.01644821 -0.02782589 1.29969745
-0.01272047 -0.02043643 1.32663603
-0.00527347 -0.01843419 1.29329750
-0.00698646 -0.02292825 1.28666673
-0.01141795 -0.01910925 1.30750357
-0.00425938 -0.02523862 1.28547938
-0.01518525 -0.02847119 1.27723115
-0.01004751 -0.02390131 1.27766068
-0.01119547 -0.02107903 1.27711124
-0.00221513 -0.02175135 1.26935960
-0.00797810 -0.02519150 1.27122677
-0.19704880 0.00342192 1.58288410
-0.05554286 0.08110656 1.21722721
-0.01102024 -0.02326095 1.25558404
-0.01666082 -0.03904057 1.28387609
-0.01519676 -0.00267420 1.23028663
-0.01042404 -0.02322611 1.22332268
0.00310130 -0.00828936 1.21443327
-0.01110686 -0.02190950 1.21505500
-0.01535523 -0.03014616 1.20699045
-0.01801665 -0.01794071 1.19982348
-0.00816594 -0.01052857 1.22079241
-0.07793498 -0.05392517 1.33057805
0.00497322 -0.02176480 1.17446329
-0.00530002 -0.01909938 1.12313061
-0.01927698 -0.02544440 1.15093106
-0.00651160 -0.02378449 1.09754699
-0.00928020 -0.00934390 1.16712002
0.02276743 -0.01354585 1.15291661
0.03947814 -0.12491571 1.13223947
-0.16727917 -0.07483160 1.33466780
-0.00705999 -0.03341134 1.00053516
-0.00208996 -0.02106983 0.97913663
0.01344790 -0.02441801 0.97672324
-0.04866276 -0.06300823 1.07859943
-0.13321923 -0.02643020 1.11734027
-0.14112421 0.00558632 1.14043201
-0.13314807 -0.05018976 0.99892485
-0.12774999 -0.06259516 0.94753950
-0.16134061 -0.02037672 0.92163138
-0.03138112 -0.02111156 0.74401604
-0.14905452 -0.03942897 0.79272010
-0.03014155 -0.01252838 0.65877420
-0.03223679 -0.02535323 0.63333712
-0.04598481 -0.01624611 0.56077904
-0.06022100 -0.01118724 0.55042833
-0.07479604 -0.01657467 0.52074649
-0.11182284 -0.02141752 0.51015854
-0.08328926 -0.01166490 0.51243244
-0.05077432 -0.03942377 0.44182253
-0.07967233 -0.01249655 0.46786122
-0.02428355 -0.00335924 0.42677926
-0.02662970 -0.02033523 0.42983139
-0.02467860 -0.01683027 0.44582093
-0.02619567 0.01145651 0.43479509
-0.01406064 -0.00131595 0.47461055
-0.05487403 0.01484370 0.47989588
-0.08043853 0.00243170 0.48843213
-0.06651993 -0.00579584 0.53260668
-0.01646309 0.03337506 0.45304103
-0.04932474 -0.01137129 0.41259445
-0.06635403 0.03823971 0.51014977
-0.05274232 -0.04313923 0.41975187
-0.05878642 0.02266323 0.41356091
-0.05914767 -0.01317900 0.47607852
-0.04120649 -0.00510830 0.46823516
-0.00921779 0.04161019 0.48366913
-0.05468109 0.01284248 0.46087270
-0.02344652 0.02754504 0.49766536
-0.06593800 -0.00112379 0.50182729
-0.08231488 -0.01189217 0.48245267
-0.08055485 -0.00065206 0.51639076
-0.07177127 -0.01919500 0.56038319
-0.14989342 -0.00229165 0.53875686
-0.08892112 -0.01062360 0.57273288
-0.07495401 -0.00112895 0.56869165
-0.09273095 -0.02649750 0.59123747
-0.06666266 -0.00448192 0.62715141
-0.07032302 -0.02471487 0.57887559
-0.07360470 0.01200426 0.60324055
-0.07690134 -0.00893093 0.63823845
-0.08316151 -0.01401665 0.65249261
-0.08713446 -0.01380417 0.68502830
-0.09659361 0.00543836 0.70306556
-0.09340175 -0.00310308 0.71215829
-0.08311747 -0.01138879 0.73288758
-0.09199447 -0.00393220 0.75693986
-0.05948897 -0.00521441 0.79165646
-0.02523730 0.00842806 0.81600575
-0.03213723 0.00478922 0.84183328
-0.03648536 0.00099059 0.86012518
-0.02892224 -0.00278890 0.86931934
-0.04336169 -0.00701959 0.91070443
-0.03223798 -0.00176751 0.92939461
-0.02205902 -0.00415478 0.93737554
-0.01026444 -0.01093099 0.97974872
-0.00406496 -0.01134487 0.99397315
-0.00660593 -0.01336370 0.99673578
-0.01667447 -0.01273366 1.04574064
-0.00992611 -0.00562597 1.03857192
-0.00590131 -0.00799770 1.05474867
-0.02422195 -0.01619240 1.10343035
0.07362648 0.05239592 1.04390247
-0.01933687 -0.01580863 1.11752802
-0.00695771 -0.02090308 1.12693352
-0.01252224 -0.01377723 1.15793407
-0.02590076 -0.02221384 1.19535365
-0.01792412 -0.01795761 1.20192848
-0.03049581 -0.01644426 1.21582052
-0.02078037 -0.01162600 1.22770187
-0.01319997 -0.01655939 1.25405651
-0.03080134 -0.02517412 1.28480648
-0.02767110 -0.01738263 1.28443474
0.00677502 -0.05091033 1.27667935
-0.00269800 0.00684815 1.30136173
-0.00308925 -0.00297909 1.32764247
-0.02783253 -0.00447390 1.35306916
-0.01660162 -0.02142513 1.34876159
-0.02016401 -0.04264178 1.36559749
-0.00491866 -0.01540511 1.36470862
-0.00232648 -0.00178901 1.37598587
-0.00870238 -0.01353318 1.39332107
-0.00044356 0.00657880 1.40984054
-0.01431571 -0.01432646 1.43005481
0.00067787 -0.01887290 1.42181521
0.01664123 -0.00939873 1.43881812
0.00368030 -0.00617666 1.47834873
0.01885367 -0.06434444 1.53324991
0.00373011 -0.00383405 1.48602148
-0.00258372 -0.01765354 1.48218402
0.01013813 -0.01171370 1.53526603
-0.13127742 -0.04238165 1.53820172
0.01231629 -0.01217095 1.53298481
0.02970013 -0.01910119 1.53343707
-0.01158180 -0.02481844 1.51715967
0.07889280 -0.04892079 1.50480260
0.01364115 -0.02223945 1.51069781
-0.01006449 -0.02900429 1.50352967
0.01847168 -0.02178363 1.52252149
-0.00011172 -0.01947233 1.51382068
-0.00408251 0.00025059 1.51525893
-0.00554335 -0.02867958 1.49931994
0.00141978 -0.02032212 1.50212226
0.00315846 -0.01582291 1.51922828
0.05735097 -0.01320210 1.55438052
-0.01925093 -0.03549406 1.55175933
-0.00067293 -0.02960018 1.52525754
-0.02226886 -0.03713846 1.52077802
-0.01180870 -0.02342232 1.51848383
-0.01131099 0.02847962 1.51448048
-0.01862569 -0.03743046 1.50867572
-0.02984300 -0.03440620 1.51810788
-0.01811859 -0.01629623 1.50503322
-0.00418283 -0.02520306 1.51228787
-0.00531653 -0.03087922 1.50732173
-0.04179185 -0.02930162 1.52833571
0.01163410 0.06648137 1.47632551
0.05801996 0.10837703 1.45859738
-0.00927071 -0.01450973 1.46582032
-0.01653613 -0.02691755 1.47015328
0.00169927 -0.01428645 1.47030957
-0.01868927 -0.02940383 1.46186995
0.02607016 -0.02194729 1.45335073
-0.03194720 -0.04057707 1.48837996
-0.00247364 -0.04427148 1.46217667
-0.00361001 -0.02744326 1.45137416
-0.00323272 -0.02796998 1.44422420
0.00547989 -0.03578843 1.44356291
-0.00556225 -0.02729555 1.45820814
-0.02614267 -0.01313351 1.49434614
-0.00130155 -0.01826837 1.45268234
0.01261044 0.03299669 1.45201980
0.03744946 -0.04824108 1.45929339
-0.00417221 -0.02567158 1.43729448
-0.00528714 -0.02546265 1.43099916
-0.00818240 -0.01894330 1.44038399
-0.00904925 -0.02368125 1.43767807
0.02593855 -0.02346480 1.44610179
-0.01269774 -0.04432482 1.39792613
0.00609241 -0.02367794 1.38827188
-0.01054774 -0.02892547 1.43171840
-0.00712583 -0.01255649 1.42277034
0.00352198 -0.01703747 1.41595678
-0.00958816 -0.02765850 1.42618520
-0.00546665 -0.01451326 1.39879503
-0.00777983 -0.01683075 1.41802165
-0.00540349 -0.02860092 1.40050048
0.05643629 0.00532440 1.30560706
0.01153345 -0.00137744 1.35511112
0.01205895 -0.03321502 1.35856462
-0.08517833 0.01278482 1.35452326
0.00048268 -0.01330433 1.37704681
0.00670269 -0.07323264 1.38264809
0.05208445 -0.01919653 1.36295066
0.01514310 -0.00567337 1.41617840
0.03848789 -0.14216224 1.47867402
0.01119194 -0.05659473 1.38746019
-0.03094314 -0.05732043 1.38378292
-0.00285518 -0.01654515 1.39283292
0.00396460 -0.01604458 1.34877833
-0.00598939 -0.02857712 1.35604909
0.00909053 -0.01261489 1.37860864
0.00205266 -0.02014346 1.36357801
-0.00109945 -0.04230357 1.38847886
-0.00500801 -0.02385313 1.36392095
-0.00718229 -0.02766738 1.35536385
-0.01266523 -0.01551042 1.36600748
-0.00877411 -0.02876519 1.36167769
0.00411984 0.00789612 1.33691449
-0.01110228 -0.02094417 1.36424853
-0.01180218 -0.01969546 1.36283938
-0.01454800 -0.02729256 1.36255973
-0.00568619 -0.02134656 1.34921698
-0.00541214 -0.01914339 1.34261961
-0.00436724 -0.03319922 1.35276463
-0.00148061 -0.02109368 1.34759523
-0.00728964 -0.02264042 1.35360267
-0.00612640 -0.02429514 1.34798232
-0.00777498 -0.02463196 1.33564976
-0.00341024 -0.02561705 1.33226578
-0.01179542 -0.02700851 1.33247795
0.00859590 -0.03175535 1.35143013
-0.01997168 -0.02676356 1.34641591
-0.00451879 -0.02264179 1.31791810
-0.00057302 -0.02424891 1.30996267
-0.00081606 -0.03322888 1.32991738
-0.00185632 -0.02000570 1.31483913
0.00639911 -0.02752619 1.30930551
-0.01053008 -0.02340979 1.32614190
-0.01973253 -0.02949989 1.31475373
-0.01576381 -0.02836287 1.30788490
-0.01379365 -0.02417122 1.30183492
-0.02079646 -0.02781359 1.30001036
-0.00528175 -0.02210353 1.28240353
0.03542589 -0.01076683 1.30954613
-0.02826043 -0.02901005 1.27837323
-0.00453354 -0.04148603 1.28428181
-0.01333803 -0.05179371 1.26753049
0.00841406 -0.04528410 1.26001329
-0.01125489 -0.00428890 1.28427389
-0.02002387 -0.01649280 1.28571921
-0.02221985 -0.04097170 1.28541727
-0.02754165 -0.02906999 1.28056162
-0.00503133 -0.02787833 1.25557314
0.00263315 -0.01288831 1.26604982
-0.00060403 -0.01183614 1.25812413
-0.17173143 -0.02384144 1.05157387
-0.01596744 -0.02277568 1.23883570
0.01861141 -0.02380367 1.24848106
-0.01996780 -0.01143350 1.23553620
-0.00285468 -0.01527512 1.24040886
-0.00332486 -0.02768247 1.23718056
-0.00651646 -0.02677194 1.23358314
-0.01096618 -0.02214159 1.21630684
-0.00284386 -0.03173293 1.20704128
-0.00328059 -0.02799195 1.18737775
-0.00493584 -0.02422840 1.17062473
-0.00568034 -0.02286267 1.15308341
-0.00610605 -0.02010842 1.12951359
-0.00289356 -0.02042477 1.09684532
-0.00493799 -0.02359636 1.09456959
0.00188166 -0.02026602 1.09656086
0.00211871 -0.01598453 1.09681191
0.00731982 -0.01404163 1.10472687
-0.00759815 -0.01815439 1.09508244
-0.00959855 -0.02447327 1.09092623
0.00060192 -0.01590429 1.08486520
-0.02926376 -0.00484569 1.08934598
0.00124288 -0.01747185 1.08068906
-0.00540625 -0.01569288 1.08343170
-0.01123658 -0.02676557 1.10218242
0.01706467 0.00284873 1.13983997
-0.03724780 0.00471553 1.16823658
-0.06636038 -0.04096359 1.01142992
0.00560135 -0.00909478 1.09024657
0.00409056 -0.00522388 1.10813608
0.00883506 0.00198526 1.10778463
0.01363607 0.01524530 1.11635029
-0.01640212 -0.00103039 1.09655274
0.00284023 -0.00545850 1.09801181
-0.02294578 0.00998730 1.09523428
-0.00975679 -0.00626963 1.09904395
-0.03866113 -0.01226172 1.11494405
-0.02144438 -0.01731615 1.09308167
-0.02864760 -0.03551458 1.11954781
-0.01945694 -0.01383129 1.12170361
-0.00745895 -0.00954227 1.14177067
0.04510489 0.00689761 1.14209348
0.01052984 -0.00498851 1.15223755
0.00827526 -0.00821769 1.16152044
0.01804113 0.00273065 1.16742787
0.00027395 -0.01669952 1.17578425
0.00262713 -0.00462594 1.18590959
0.00785058 -0.02041125 1.18488486
0.01531496 -0.00257340 1.20585939
0.00154072 -0.00968358 1.21536706
0.00637446 -0.00583323 1.21212074
0.01495607 -0.00208191 1.22435120
0.00205124 -0.01765029 1.24131054
-0.01275997 -0.01678593 1.23583498
-0.00231962 -0.01497489 1.25829879
-0.00421499 -0.01199484 1.24874431
0.01384881 -0.00364460 1.25713268
0.00923965 0.01423314 1.24767673
0.01038333 -0.00997703 1.27685587
-0.00451355 -0.01173670 1.28753437
-0.01053779 -0.01591225 1.30899276
-0.01036962 -0.01992447 1.31409612
-0.01320175 -0.01878535 1.32092039
-0.01333766 -0.01684675 1.32398825
-0.01843113 -0.01936850 1.34760320
0.00406094 0.00319379 1.37794127
-0.01023439 -0.02423755 1.36188622
-0.01844536 -0.02635888 1.39135121
-0.01715536 -0.02219259 1.38046741
-0.01278066 -0.01410700 1.36561406
-0.01650765 -0.02484803 1.40313691
-0.01352810 -0.01516468 1.39558612
-0.01704321 -0.02403879 1.43302132
-0.01797500 -0.01605427 1.44086706
-0.01674670 -0.01758768 1.46090859
-0.01319074 -0.02007980 1.43943772
0.05768223 -0.17004500 1.42862854
-0.00697262 -0.01950754 1.43694145
-0.01816892 -0.02690504 1.47099165
-0.00714111 -0.02558525 1.43758238
-0.01816361 -0.03108922 1.45342401
-0.02059714 -0.02768849 1.45262434
-0.01103388 -0.02854049 1.46551190
-0.01052505 -0.02215781 1.45895939
-0.00386544 -0.02136479 1.46145652
-0.00346147 -0.01552302 1.45489574
0.00793108 -0.10589244 1.45440211
-0.01484403 -0.02624760 1.44789637
-0.00590920 -0.02733615 1.43913072
-0.00871371 -0.02654837 1.42879239
-0.00952189 -0.02506186 1.43148910
-0.02514645 -0.00877650 1.44988411
-0.01607001 -0.02358384 1.41577294
-0.00766782 -0.03054504 1.40898465
-0.00841101 -0.02366281 1.41401727
-0.00454938 -0.01950911 1.41478040
-0.01118393 -0.02432048 1.40397393
-0.01293807 -0.02350696 1.40257687
0.00055506 -0.02886680 1.40006883
-0.00616142 -0.02362492 1.39122998
-0.00406261 -0.02604836 1.38118764
-0.01095597 -0.02581598 1.39314787
-0.00286807 -0.02892703 1.38513093
-0.01331940 -0.02856644 1.39582826
-0.00596802 -0.01950224 1.36230799
-0.01360272 -0.02773121 1.38382706
-0.01268100 -0.01877432 1.39131350
-0.01717316 -0.02747719 1.38234818
-0.01780886 -0.02971784 1.36908203
-0.00733405 -0.02605795 1.37170282
-0.01145131 -0.02537250 1.35815965
-0.01371924 -0.02465858 1.35329788
-0.00949953 -0.02950238 1.34871969
-0.00857211 -0.01486009 1.33217885
-0.00518519 -0.02122400 1.33903926
-0.01548365 -0.02885495 1.34501522
-0.01184452 -0.02312030 1.33235645
-0.01246618 -0.02948891 1.32972982
-0.01829988 -0.02796996 1.31899516
-0.01746155 -0.02618396 1.29019215
-0.02757271 -0.02184515 1.27570527
-0.01267413 -0.03359663 1.24965139
-0.02917925 -0.03247591 1.22062213
-0.01234471 -0.02652884 1.18186363
-0.01472136 -0.03146674 1.16431935
-0.00602349 -0.02725039 1.13249466
-0.01522605 -0.02739357 1.11489911
-0.01845145 -0.02605331 1.07996350
-0.01554388 -0.02786402 1.04826718
-0.01106552 -0.02301050 1.01594990
-0.00400755 -0.02587102 0.99421382
-0.00949998 -0.02920393 0.94474750
-0.00042383 -0.01907275 0.92634157
-0.00214383 -0.02207901 0.88198086
-0.00018877 -0.01789599 0.84437999
0.00475733 -0.00754030 0.82783756
-0.00519143 -0.01439013 0.80641993
0.00701541 -0.01787579 0.79442068
0.02106269 -0.00943626 0.78610220
0.00896768 -0.01146815 0.78253257
-0.00730132 -0.00954182 0.77125820
0.02034810 -0.00281972 0.78369041
0.00622733 -0.01346519 0.77443400
-0.00465587 -0.01103241 0.76762509
0.01095066 -0.00753041 0.76766481
0.00594752 -0.00275704 0.76326046
-0.02334081 -0.01620310 0.75180035
-0.01018628 0.01635815 0.75751177
-0.00193976 -0.00928224 0.75145251
0.01652841 0.02043665 0.73229393
-0.01691275 -0.02171248 0.73957021
-0.01098921 -0.01565386 0.73808706
-0.01667397 -0.00156566 0.74544109
-0.00879407 -0.00496898 0.74636034
-0.02796825 -0.00935860 0.76755770
-0.00017666 -0.00801977 0.76809747
-0.00328293 -0.01166361 0.76737922
0.01998762 -0.02623050 0.75999337
0.00188541 -0.00804206 0.77068737
-0.08455245 -0.06812105 0.83853855
-0.02991453 0.00131096 0.78166266
-0.01423571 -0.00764209 0.79454684
-0.00427849 -0.02187477 0.79801550
-0.01245636 -0.00899703 0.77481752
0.00447541 -0.00745389 0.80080420
0.00039230 -0.01045050 0.80471592
0.00759826 -0.01232068 0.81470565
-0.01260674 -0.01731851 0.80009404
0.00137485 -0.00143319 0.82597229
0.01702861 -0.00376605 0.83002507
0.00818322 -0.01274984 0.83490920
-0.01027647 -0.00834348 0.86597606
-0.00239167 0.01357592 0.88170217
-0.02144850 -0.02129410 0.84437733
0.01119350 0.00396026 0.87635955
-0.02582054 -0.01385338 0.84711449
-0.03892448 -0.03505662 0.86287611
-0.01006864 -0.03271535 0.89565490
-0.03198841 -0.01716134 0.87879311
-0.00104421 -0.00083849 0.90871178
-0.78094127 -0.33351698 0.64894116
-0.00264245 -0.00842984 0.92381675
0.00267378 -0.00026057 0.92776884
0.00538360 -0.00239953 0.93684003
0.00722810 -0.01991438 0.94862382
0.00251826 -0.00998460 0.93577298
-0.01130446 -0.02730386 0.94820238
-0.01675444 -0.02887899 0.95526732
0.15176212 -0.19686603 1.06302380
-0.00636237 -0.01058637 0.92198144
-0.01393949 -0.00667356 0.94564069
0.03642981 0.07650780 0.90518073
-0.01934265 -0.01373756 0.91141187
-0.00083103 -0.03282071 0.86959477
0.28274032 -0.04138818 0.82520008
0.01426752 -0.02519602 0.91532709
-0.01564714 -0.01660292 0.90970806
0.04121214 -0.00728730 0.94489554
0.13943217 -0.01822752 0.97852283
0.00000000 0.00000000 0.00000000
-0.01999422 -0.02760850 0.87551345
-0.00650052 -0.01967272 0.83051642
-0.05100581 -0.01956231 0.86848900
-0.02568200 -0.02956990 0.84230391
-0.01601299 -0.01228644 0.83405818
-0.02387978 -0.02134511 0.83178919
-0.02909353 -0.02273840 0.81917857
-0.02031911 -0.01576737 0.83601790
-0.03383646 -0.04036924 0.84581447
-0.06181376 -0.02201128 0.86313001
0.00610761 -0.01947629 0.83340513
-0.00324905 -0.01517541 0.80772615
0.00404891 0.00034688 0.81763819
-0.00697181 -0.01481626 0.80743515
-0.01308817 -0.01265136 0.79953283
0.00966048 -0.01531191 0.81906483
-0.00194398 -0.00914023 0.81643890
