-0.06824297 -0.02353955 0.05651545
0.00810428 0.00173186 -0.09401497
-0.00988937 -0.00120630 0.09754341
-0.01304190 -0.00592734 0.10344704
-0.00454562 0.01202740 0.11397869
-0.02919240 -0.00370180 0.12453915
-0.02494973 0.00130310 0.13862388
-0.03007397 -0.00110447 0.15154124
-0.02269137 -0.00174200 0.16438287
-0.03905008 0.00613555 0.16964191
-0.02023551 -0.00176083 0.18054408
-0.05206790 -0.00966618 0.18121058
-0.04450647 -0.01241611 0.19136922
-0.04899551 -0.00176344 0.19888860
-0.00194415 -0.01759686 0.21123626
-0.01310281 -0.00308349 0.21831740
-0.04071772 -0.00918151 0.21914558
-0.04419172 -0.01316061 0.21935799
-0.03657445 -0.00482568 0.22863021
-0.04153561 -0.00445569 0.23065333
-0.03632685 -0.00841092 0.23338895
-0.03380532 -0.01215888 0.23915221
-0.05521382 0.00628621 0.24508953
-0.06020935 -0.00293712 0.25625731
-0.05329155 0.00536408 0.26231043
-0.08343159 -0.00344733 0.26162418
-0.06037051 0.00109784 0.27554053
-0.07105699 -0.01363825 0.28489533
-0.06878791 -0.01452985 0.29559768
-0.08459177 0.00362301 0.30587269
-0.06643519 -0.02323336 0.31901035
-0.08477785 -0.01566565 0.32606355
-0.07089957 0.01567765 0.34603417
-0.07222914 0.00835427 0.35887533
-0.05758053 0.01103957 0.37844925
-0.05484719 -0.01229924 0.38859894
-0.04369475 -0.01325989 0.40151921
-0.03672333 0.00440286 0.41962120
-0.04922891 0.00124046 0.43428764
-0.04493255 0.00771538 0.44795646
-0.03376690 -0.00136405 0.46340430
-0.08949217 -0.01052384 0.46893508
-0.05060799 -0.00745912 0.49289517
-0.03255779 -0.00454140 0.50923939
-0.02651224 0.00237232 0.52891249
-0.03327795 -0.00780335 0.54419113
-0.02181752 -0.01036586 0.55871833
-0.01387912 -0.01129046 0.57690221
0.01786282 -0.00384366 0.58977627
-0.00130865 -0.00481449 0.60789450
-0.00606789 -0.00776879 0.62337180
0.01527120 -0.00250745 0.63915885
-0.01324485 -0.01149065 0.65489465
0.00239201 -0.00821694 0.66549682
-0.00309936 -0.00518873 0.68378523
-0.00868427 -0.00724047 0.70056130
-0.01875019 -0.00641851 0.71697445
0.00786398 -0.02087489 0.73140134
-0.01327065 -0.00126692 0.74178454
-0.02870655 -0.00406890 0.75527365
0.01938879 -0.02207450 0.76675962
-0.02212343 0.00633547 0.78707068
-0.00161151 -0.00907992 0.79392568
0.00338667 -0.01417895 0.80236126
-0.00936156 -0.01094904 0.80261002
-0.01674545 -0.00740563 0.80762737
0.00840834 -0.00793594 0.82221270
-0.01149951 -0.00534498 0.83177087
0.01369878 -0.00555954 0.84531418
-0.02285153 -0.01055599 0.84895092
-0.03250952 -0.03127667 0.84763769
-0.00690669 -0.02894011 0.84785901
-0.01762475 -0.02088996 0.84262372
-0.01176522 -0.01225014 0.84021473
0.00340050 -0.00326768 0.84508896
-0.00704078 -0.01513558 0.84172040
-0.01107335 -0.02302965 0.84386925
-0.05991173 -0.01755968 0.83205964
0.00800793 -0.01094550 0.83680468
-0.04403580 -0.03095217 0.83760162
0.00359709 -0.01137969 0.83972845
0.04091023 -0.01256694 0.84206298
-0.00140878 -0.00998408 0.84387415
0.02797236 -0.01564870 0.83677028
-0.01472296 -0.01680288 0.83506888
-0.05143662 -0.00055060 0.83147269
-0.00614642 -0.01738888 0.82951591
-0.04737841 -0.02290499 0.82852215
-0.01236958 -0.01050006 0.82945297
0.01412051 0.00101716 0.82640078
-0.04051448 -0.00443651 0.82510173
-0.04186805 -0.01526680 0.82377917
-0.02761073 -0.00550601 0.82456077
-0.00536204 -0.01852888 0.82681965
-0.04011337 -0.02060266 0.81760630
-0.01071895 -0.01264659 0.81276679
-0.00194316 -0.01848088 0.80618547
-0.01503143 -0.01704333 0.80089013
-0.02701906 -0.01311366 0.80016827
-0.01718480 -0.01765913 0.79790073
-0.01679057 -0.01518517 0.79660248
-0.01397661 -0.01474240 0.78985713
0.00908752 -0.01730908 0.78576148
0.02692582 -0.01133197 0.78209136
0.00159862 -0.01251980 0.77852565
-0.01899560 -0.01807833 0.77625441
0.00028284 -0.02060963 0.76748630
-0.02398453 -0.02626045 0.75866725
-0.00811692 -0.00916353 0.75077225
-0.02226670 -0.00828288 0.73622991
0.01042913 -0.00950104 0.72982508
-0.01593043 -0.01555752 0.71208124
-0.00082227 -0.00892802 0.69815352
-0.00333305 -0.01209461 0.68261264
0.00395377 -0.01215405 0.66728251
0.01610992 -0.01392300 0.65128008
0.01805541 -0.03988137 0.63491324
-0.00165882 -0.01284840 0.62027847
-0.01432318 -0.01028236 0.60169266
-0.02967646 -0.01030310 0.58352987
0.02152077 -0.00532635 0.56107953
-0.02128491 -0.01911930 0.53977864
0.00425658 -0.01360196 0.51617741
-0.00688932 -0.01274048 0.49650511
0.03586692 -0.00813313 0.47878846
0.03991905 -0.01777250 0.45994544
0.04108910 -0.00851084 0.46166216
0.07250717 -0.01008306 0.44309057
0.06582750 -0.02074819 0.44569299
0.09398313 -0.00493330 0.42762631
0.04507793 0.00489616 0.44321998
0.07903482 -0.02015295 0.42746576
0.09564776 -0.01863148 0.43031668
0.09192590 0.00773707 0.43024047
0.07997498 -0.00356132 0.42249884
0.04319762 -0.02326524 0.42483488
0.04048780 -0.01347330 0.41494485
0.05467165 -0.01053322 0.42813578
0.05231938 -0.00048237 0.43492249
0.03389624 -0.01823927 0.46242878
0.04776726 -0.01013327 0.47741149
0.05093384 -0.00114292 0.48396315
0.08228790 -0.01113299 0.50582962
0.05317891 -0.01093087 0.52099493
0.02782744 -0.00271542 0.54060761
0.07601573 0.00549304 0.55645090
0.03687171 -0.00379587 0.57548976
0.08097001 -0.01548737 0.58925649
0.00294331 0.00027719 0.61079915
0.01941901 0.00222892 0.62840792
0.09584668 -0.01864325 0.63416658
0.02678547 -0.01157304 0.65659815
0.04719728 -0.00129866 0.66912308
0.01747718 0.00301379 0.68581195
0.01603434 -0.00289798 0.70107365
0.01090363 -0.01318376 0.71677134
0.01025454 0.00556104 0.72451783
-0.01114728 -0.00355379 0.73820665
0.01017170 -0.00142131 0.74667676
0.02012751 -0.01315633 0.76248150
0.00325907 -0.00666501 0.77571478
-0.00409885 -0.01099515 0.77922748
-0.03133222 -0.01340464 0.77674308
-0.03093838 -0.02231518 0.76835071
0.00668928 -0.01901200 0.77005638
-0.03624360 -0.02065394 0.77229723
0.00606758 -0.00165497 0.77265124
0.02486602 -0.00737280 0.77278654
0.00174574 -0.01639319 0.76480316
-0.00456785 -0.01240832 0.76250673
-0.00771061 -0.02884472 0.76156077
0.00336054 -0.00577106 0.75880252
-0.00025072 -0.00979064 0.76932196
-0.00225788 -0.00429404 0.76167590
-0.00822559 -0.01721813 0.76100803
-0.00297118 -0.01068380 0.75458358
0.00098289 -0.02018141 0.74991305
0.01572277 -0.01401216 0.75334515
-0.00219553 -0.01259650 0.75435395
0.00147969 -0.00812103 0.75695842
-0.00243633 -0.00791485 0.76426700
-0.01827140 -0.01216887 0.76830354
-0.00611103 -0.01332039 0.77186777
-0.00133364 -0.01037579 0.77791892
-0.00082514 -0.01046706 0.78636080
0.02023968 -0.01863414 0.78781459
-0.01035889 -0.01218541 0.79858823
-0.01539940 -0.01790674 0.79651988
-0.04249991 -0.00080407 0.79934135
-0.00811501 0.03399556 0.81251014
0.01175043 0.01663328 0.82111385
-0.00514964 -0.02204786 0.83276141
-0.01050784 -0.01958342 0.83819809
-0.01678904 -0.01550751 0.84626660
-0.01895445 -0.00458962 0.85338177
-0.01600252 -0.00511046 0.85711062
-0.01013839 -0.01321875 0.86292919
-0.00582745 -0.00958479 0.86357935
0.00035318 -0.01266981 0.86632094
0.01298824 -0.01008187 0.87077576
0.01708989 -0.00673257 0.87262181
-0.00973327 -0.00938079 0.87938143
-0.00020412 -0.00798006 0.87952024
0.03780834 -0.00855468 0.87472101
0.03436892 0.01837970 0.86904349
-0.00157387 -0.01951343 0.86085856
0.01060370 -0.04111832 0.86049816
-0.02633955 -0.03507365 0.85425581
0.00251001 -0.00840193 0.85615098
0.04046619 -0.03031346 0.85253386
-0.02539742 -0.02306898 0.85823305
0.00105716 -0.01334181 0.85370910
0.00377453 -0.01148392 0.83748040
-0.00815974 -0.00147846 0.83166645
0.03730869 0.01175654 0.83138154
-0.01915951 -0.01222202 0.82646530
-0.00671683 -0.01733625 0.82156075
-0.03137918 -0.01801484 0.81683539
0.01331015 0.00206617 0.81228352
-0.02769618 -0.01166566 0.81291376
-0.03919054 -0.01098689 0.81119137
-0.04269119 -0.02848171 0.80984432
0.00539078 -0.01063872 0.80930213
-0.01989897 -0.00602502 0.80142067
-0.00761570 -0.01016352 0.79465516
0.02620917 -0.00768870 0.79639704
-0.02074320 -0.01203637 0.78749749
-0.02809097 -0.01921326 0.78034856
-0.05524303 -0.02923083 0.77464142
-0.01505087 -0.01256254 0.77169887
-0.01434057 -0.00896916 0.77332751
-0.02031583 -0.00586938 0.77094324
-0.00739265 -0.02435394 0.76996217
-0.00275397 -0.01719712 0.76378377
-0.03259777 -0.01417932 0.75506674
0.01914474 -0.01268494 0.75116798
-0.00254868 -0.00369243 0.75317337
-0.02054398 -0.00933519 0.75664106
-0.02473186 -0.00504104 0.75556299
-0.03147182 0.00645920 0.75864899
-0.01592197 -0.01840271 0.75192964
-0.02180557 -0.01800457 0.73957578
-0.00573824 -0.01921762 0.73220918
-0.04371599 0.00825498 0.73625132
-0.02872631 0.00218657 0.75093337
-0.04559514 -0.02111443 0.75498560
-0.01877477 -0.01809917 0.75575447
-0.07186207 -0.00559581 0.74402348
-0.00483248 -0.00616947 0.74594448
-0.01527335 -0.02242279 0.74641643
-0.02288479 -0.00976736 0.74659108
-0.05163839 -0.00903210 0.75093378
-0.02580553 -0.00767154 0.75536585
0.00037660 -0.01443989 0.75192978
-0.01047090 -0.00328679 0.76051823
-0.02606888 -0.00368684 0.76404001
-0.01362439 -0.01676153 0.76522237
0.01693355 0.01970975 0.75829031
0.00400930 -0.00054836 0.75278206
0.00408522 -0.00247664 0.75529970
-0.01621083 -0.00957310 0.76303011
-0.03432738 -0.01235970 0.77349734
0.01128654 -0.01440537 0.77417639
-0.00339025 -0.01991528 0.77233159
0.01829891 -0.00047240 0.76432980
-0.00925308 -0.00602197 0.76540378
-0.01630311 -0.01040790 0.76808672
-0.03337769 -0.00274943 0.77578188
-0.00281311 -0.03187706 0.77165822
-0.04217873 -0.01294625 0.76724466
-0.00155981 -0.02213777 0.76443694
-0.01674865 -0.01974565 0.76150198
-0.01086402 -0.01842240 0.76014716
-0.01241388 -0.00794904 0.75926289
-0.00039434 -0.02336212 0.75374398
-0.01826402 -0.02087746 0.74370592
0.00237339 -0.01499790 0.74023211
-0.04942667 -0.00425486 0.73302490
-0.03315493 -0.00744652 0.74159907
-0.05745160 -0.00883065 0.73455929
0.05780771 -0.00414259 0.72714462
0.08652902 -0.04005090 0.70538163
0.01617425 -0.00213991 0.69536259
-0.01216389 -0.00105450 0.67546807
-0.01781315 -0.02132503 0.66052098
-0.05465771 0.01827494 0.64431726
0.00844157 -0.00895822 0.62688013
-0.03437874 -0.00640381 0.60891894
-0.01908784 -0.02370573 0.58836628
-0.04316502 -0.00174678 0.56115107
0.01776327 -0.01219362 0.53888726
-0.00510261 -0.00949116 0.51427027
-0.02455666 0.01228020 0.49299601
-0.07984306 0.00481808 0.46435190
0.02949797 0.00891713 0.45059293
0.02035067 -0.01190071 0.43598408
0.00429918 0.00326623 0.41579245
0.02712418 -0.02729250 0.39665456
-0.01242314 -0.02242810 0.37926062
-0.02721748 -0.00929811 0.36143428
0.02955221 -0.00976533 0.33844128
-0.00327695 -0.01947986 0.31659298
-0.00659768 -0.01021550 0.30179642
-0.00086771 -0.02462441 0.28373209
-0.01552271 -0.00620720 0.26986056
-0.03000811 0.00353924 0.25216847
-0.02245842 0.00447743 0.24194257
-0.02480571 -0.00716362 0.22670939
0.00204287 -0.01083140 0.21456196
-0.01885684 0.00318467 0.21320220
-0.03815677 -0.00238204 0.21368311
-0.05707680 0.01532373 0.20510012
-0.01112944 0.00129236 0.21937557
0.02156599 -0.00545402 0.21743148
-0.01999849 0.00805105 0.21187861
-0.03132576 0.00299018 0.21711532
-0.04303753 -0.00557323 0.20872398
-0.03196846 -0.00200651 0.21458964
-0.03953172 0.00620350 0.21288726
-0.02925516 -0.02253730 0.20752140
-0.02373703 -0.00775184 0.21557485
-0.04809876 -0.03063223 0.21200546
-0.03123525 -0.01078879 0.22035041
-0.03862472 -0.00263908 0.24856626
-0.05342397 -0.01032066 0.25374245
-0.04806728 0.00055964 0.28535437
-0.04854882 0.00347421 0.29962716
-0.07869083 -0.02518138 0.29473837
-0.05056396 0.00279232 0.33037977
-0.07554237 -0.02215215 0.34183732
-0.02964434 0.03917259 0.34085360
-0.03895834 -0.00151133 0.37240186
-0.05818479 -0.00318728 0.36482349
-0.05189342 0.01153398 0.39411445
-0.06089784 -0.00070756 0.40567074
-0.04980248 -0.00867055 0.40582163
-0.04788576 -0.02322330 0.43401292
-0.06206038 -0.01243054 0.44747000
-0.04072510 -0.00087118 0.46412084
-0.05120187 -0.00278443 0.48743605
-0.05727592 -0.01377931 0.49828463
-0.04634478 0.00343268 0.52335039
-0.05520231 -0.00276532 0.54592708
-0.04375598 -0.00228616 0.56118162
-0.02389256 -0.00190929 0.58593303
-0.02941165 -0.00296400 0.59816703
-0.04426253 -0.00631690 0.62009430
0.01227564 -0.00088058 0.63917661
0.00560455 -0.00162701 0.65924565
-0.05620893 -0.01567611 0.67382198
-0.04159753 -0.01291006 0.69008188
-0.01262530 -0.00023053 0.70698255
-0.01781098 -0.01537621 0.72221974
-0.02588127 -0.00706591 0.74069280
-0.00876568 -0.01009094 0.75209764
0.02052905 -0.00861124 0.77295072
-0.00715888 -0.00762438 0.78510207
-0.02149046 -0.02861908 0.80216614
0.00886399 0.00288050 0.81953117
-0.02338126 -0.00405390 0.83550656
0.00170841 -0.00531526 0.84564352
0.00082635 -0.01031351 0.86199886
0.00044568 -0.00404496 0.86748271
0.01018249 -0.01662138 0.88119642
-0.02476807 -0.00692577 0.89394152
0.00611713 -0.00820977 0.91020653
0.01756855 -0.00333116 0.92337824
-0.02683530 -0.02580920 0.93077633
-0.01591635 -0.00307308 0.94239017
-0.00434094 -0.01153755 0.95271839
-0.01616930 -0.01936464 0.96716317
-0.01517019 -0.01845397 0.97823440
-0.00519480 -0.01215772 0.98701105
-0.00342320 -0.00951266 0.98455338
-0.00301588 -0.01362579 0.98944966
0.00557490 -0.00669308 0.98808298
-0.01248759 -0.02208598 0.98895017
-0.00420668 -0.01589197 0.98850094
-0.01704896 -0.01724318 0.99097250
-0.00602563 -0.02470698 0.99812694
-0.00068242 -0.01745887 0.99150153
0.00583530 -0.01270508 0.99390844
0.02840007 -0.04966002 0.99764037
0.01176047 -0.01911561 0.98972309
0.01403098 -0.02898845 0.99680798
-0.01590845 -0.02557208 0.99017099
-0.00973724 -0.02260036 0.99117427
0.00255466 -0.02821139 0.98644840
-0.00806980 -0.01654057 0.99399625
-0.00130328 -0.01296270 0.99529548
-0.01473387 -0.02397107 0.99040569
-0.01780589 -0.00914290 0.98721395
-0.02743572 0.00669799 0.98606335
0.00518936 -0.03399247 0.98949666
0.02801133 -0.01395259 0.99315082
0.02157288 -0.00562536 0.99050567
-0.00478300 -0.01451816 0.99577665
-0.00404662 -0.00867548 0.98644553
-0.01219072 -0.03191425 0.98180894
0.01200035 -0.01482541 0.98139571
0.01018972 0.00466758 0.98400182
0.01252495 -0.01569233 0.98735764
-0.01206121 -0.02227369 0.98105199
-0.00524056 -0.01033772 0.97635571
0.00650416 -0.00572758 0.97485291
-0.02338102 -0.01885935 0.97374904
-0.02814254 -0.03245132 0.97331026
-0.01863280 -0.02636323 0.97020182
-0.01442332 -0.02499749 0.96889180
-0.02042452 -0.02740664 0.95938167
-0.00970527 -0.01322223 0.95200254
-0.00696974 -0.00925808 0.95210396
0.01904270 -0.01886961 0.94942573
-0.01489066 -0.02469755 0.94864052
0.00659454 -0.02410101 0.94574515
0.00399614 -0.01365213 0.94382317
-0.01859524 -0.01309548 0.94105193
0.01475726 -0.01311105 0.93716736
-0.00508830 -0.02540978 0.93591512
-0.03633409 -0.03373849 0.93322887
-0.00091101 -0.02152240 0.93181897
-0.00801543 -0.01948864 0.92819863
0.00291839 -0.01465278 0.92400812
-0.00356399 -0.01425859 0.91811041
-0.01592684 -0.01800597 0.90966364
-0.02445067 -0.02260949 0.89961147
-0.00987557 -0.01952902 0.88919631
-0.05041824 -0.01197479 0.88018812
-0.00565168 -0.01628743 0.86450095
-0.03279964 -0.02072873 0.85348012
-0.00717071 0.00300033 0.84019615
0.00580214 -0.00952117 0.82695609
0.01082653 -0.00093053 0.81843140
-0.03024873 -0.02953998 0.80586345
-0.01076344 -0.01756835 0.79826618
-0.00559244 -0.01922297 0.78840402
0.01259413 -0.00870463 0.77368976
-0.03816795 -0.01751827 0.75680582
-0.00666669 -0.01966106 0.74300244
0.00830426 -0.02285005 0.72675517
0.00205104 -0.01861456 0.71869340
-0.00465820 -0.01482031 0.69358943
-0.02990309 -0.01973051 0.68490942
-0.01584277 -0.02818087 0.67126765
-0.00952819 -0.01421826 0.66081241
0.00685472 0.00258910 0.64778597
-0.02351092 -0.00517070 0.63730547
-0.00315373 -0.01210446 0.62666116
-0.02008533 -0.01286390 0.61810321
-0.00890194 -0.04943042 0.60923238
0.01570864 0.01904872 0.59993135
-0.02824706 -0.04029461 0.59008449
-0.04493644 -0.00800571 0.57223205
-0.06926904 -0.00985746 0.56063707
-0.05295456 -0.01835487 0.55292961
-0.03926660 0.01897661 0.54099835
-0.04122326 -0.00994076 0.53522641
-0.04651782 0.00087667 0.52220409
-0.01129006 -0.01858377 0.50916920
-0.06582785 -0.00371820 0.49966082
-0.07913136 -0.00474551 0.49040448
-0.12263463 -0.01426099 0.47622596
-0.06387975 -0.00607652 0.48324968
-0.04964316 0.00139758 0.48565819
-0.05818830 -0.00938873 0.48020684
-0.08015177 -0.02426426 0.47459655
-0.08038184 0.01669080 0.48160168
-0.07303313 -0.01170727 0.46783968
-0.05263205 0.00522869 0.46149772
-0.02745495 0.00040118 0.46919536
-0.04543449 -0.01538108 0.45442927
-0.03010809 -0.04049286 0.46301131
-0.06811977 0.00355717 0.44279264
-0.05544273 -0.02116774 0.43909311
-0.06065444 -0.01791114 0.45330151
-0.06319353 0.00094390 0.44679249
-0.02974649 0.01143057 0.47231125
-0.07128226 0.00437353 0.46327172
-0.05331978 -0.01479952 0.46876781
-0.03641845 -0.01391427 0.47599547
-0.04080335 -0.01692370 0.47299681
-0.03639330 -0.00703140 0.48325279
-0.07598371 -0.00972053 0.48080086
-0.00427880 -0.01773618 0.49443151
-0.02769694 -0.00955307 0.50055177
-0.02439240 -0.01109125 0.50917163
-0.02788671 -0.00332989 0.51699535
-0.00525423 -0.00299066 0.52657566
-0.01595355 -0.00994807 0.53843949
0.00304054 -0.00323107 0.54880461
-0.02228456 0.00051496 0.56056069
-0.00815280 -0.00176788 0.57163181
-0.02549836 -0.00281187 0.59221410
-0.00853681 0.00040623 0.60146481
-0.01113465 -0.00827381 0.61876145
-0.00884795 -0.02432838 0.63238776
-0.01024661 -0.01360186 0.64640308
-0.00499525 0.00032265 0.65718563
0.01125266 0.00676542 0.67544961
0.00217718 -0.00685536 0.69877490
0.01090542 -0.02738701 0.71374909
-0.00696752 -0.00880478 0.73083098
-0.03804218 0.00894711 0.74655515
-0.08398623 -0.00601474 0.75726414
-0.01952710 0.00191959 0.78543567
-0.05298039 -0.01518937 0.79999026
0.00467054 0.01167806 0.81562467
-0.02189401 -0.00450628 0.82620951
-0.02325703 -0.01573673 0.83506374
-0.06138360 -0.00078447 0.85356824
0.02920571 -0.00475812 0.86865031
-0.02338822 -0.02496742 0.87692860
0.02307028 0.00098484 0.88536210
-0.04306215 -0.02894462 0.89624697
-0.03117904 -0.01164280 0.90559757
-0.02563965 0.01309391 0.91552967
0.01281601 -0.00206955 0.92671262
0.03080113 -0.00423993 0.93698100
0.00405200 -0.01802355 0.93964651
-0.00361754 -0.02134089 0.94006162
0.00872657 0.00882077 0.93460139
0.03537186 0.00952650 0.93059092
-0.01757051 -0.01511203 0.93221909
0.01252419 -0.01390338 0.93760372
0.01611910 -0.01983428 0.93363887
-0.01338803 0.00111485 0.92518743
-0.01966834 -0.01898477 0.91747483
-0.01447712 -0.01442102 0.90951393
0.01669699 -0.02698490 0.92135118
0.01208850 -0.01157252 0.91549866
0.00346104 -0.02274126 0.91590938
-0.00392386 -0.01261129 0.91887125
0.00692744 -0.00931395 0.89566979
-0.00832413 -0.02618673 0.90369966
-0.01792898 -0.01254303 0.89885222
-0.06279951 -0.03391326 0.88789505
0.02808626 -0.00530396 0.88644582
-0.00055190 -0.01812202 0.88208462
-0.00678468 -0.02140853 0.88232163
0.07236339 -0.02356402 0.86996196
0.01562751 -0.01767784 0.87168314
0.07622674 -0.02261276 0.86342058
0.03675613 -0.01653185 0.86512828
0.04671295 -0.01955407 0.86352986
0.02887599 0.00921671 0.84911221
0.03526804 -0.03041160 0.84616644
0.03817477 -0.02045149 0.84416325
0.01758937 -0.01198446 0.85558990
0.01932952 -0.01692710 0.85468396
0.04693826 -0.02083519 0.85504152
0.02367746 -0.00498580 0.86116033
0.04131238 -0.00498811 0.86678023
0.07743488 -0.01523705 0.87917939
-0.05972341 -0.00925237 0.88258379
0.03914623 -0.00282857 0.88893673
0.01248062 -0.01542595 0.89112769
0.02146636 -0.01209253 0.90415646
0.04853103 -0.00055401 0.92585685
0.02328465 -0.01277359 0.93377338
-0.01149558 -0.00786895 0.94802377
0.01259557 -0.01870311 0.94817452
0.01584772 -0.01662902 0.95464932
0.01633875 -0.01368295 0.96243448
-0.01675115 -0.00365765 0.98019624
0.00791643 -0.01286066 0.99636758
-0.06085832 0.01150030 1.00292709
-0.00847877 0.01429767 1.01137626
0.01408134 -0.02659458 1.02665737
-0.01395205 -0.00986409 1.02693731
0.00852906 -0.00998050 1.03786567
-0.01490653 -0.01318789 1.04082388
-0.02348614 -0.01763148 1.04851278
-0.00077976 -0.02034893 1.05506851
0.00470937 -0.01041096 1.05717707
-0.01999198 -0.01959250 1.05833981
0.00674808 -0.01711942 1.05772915
-0.00690677 -0.01110839 1.05989799
0.00997528 -0.00872293 1.05990916
-0.00856657 -0.01713897 1.05611063
0.03480335 -0.00409140 1.04934432
0.02840212 -0.00854557 1.04652486
0.00930239 -0.01690676 1.04640662
-0.10193032 -0.02875126 1.03864461
0.00326507 -0.01676541 1.04566457
0.01702190 -0.02448353 1.04710832
-0.01184113 -0.02694111 1.02757881
-0.01623730 -0.01617291 1.03175413
-0.02802065 -0.02586998 1.02870692
0.12078081 -0.02221911 1.02063343
0.02044265 -0.01613017 1.02392900
-0.00522260 -0.01312291 1.02118828
0.00341140 -0.01257484 1.01651940
-0.05703902 -0.04962123 1.00924656
0.08776530 0.00680657 1.00857154
-0.00617229 -0.01151827 1.00292089
0.04590236 -0.01542049 1.00583161
-0.11173435 -0.05023182 0.99218296
-0.01840427 -0.02536673 0.99437815
-0.06948932 -0.02510759 0.98879209
-0.00472977 -0.01923991 0.99066657
0.00784303 -0.01942762 0.98777997
-0.01899334 -0.01645907 0.98464907
-0.05425969 -0.03419177 0.98062834
0.01319147 -0.02211670 0.97573115
0.03229413 0.00034714 0.97021627
-0.01240322 -0.02408398 0.97119282
-0.01111618 -0.03281504 0.96722703
0.02617722 -0.00503900 0.96167987
0.00499770 -0.01119194 0.96018768
-0.02510697 -0.02304557 0.95369369
-0.04214659 -0.03559227 0.95001058
-0.02218165 -0.01909130 0.94520843
-0.01016945 -0.01256736 0.93985206
-0.00296967 -0.01904298 0.93282651
-0.01796057 -0.02312184 0.92198233
0.04470615 0.02160399 0.91457496
-0.01399707 -0.02199528 0.89539122
0.00683734 -0.02194358 0.88301073
0.00176169 -0.00485352 0.86824166
-0.06807243 -0.01832839 0.85008842
-0.03941724 -0.01966270 0.83196907
-0.03089064 -0.04024265 0.81015098
0.05930147 -0.02103589 0.78595386
0.00409086 -0.02221793 0.76425998
0.06373604 0.00557382 0.73610800
0.06279105 -0.03400487 0.71074853
-0.00262919 -0.01400032 0.68597334
-0.01292477 -0.01431178 0.65893146
0.03998683 -0.01632722 0.63201298
-0.07333199 -0.00677196 0.60226451
-0.01302641 -0.02138117 0.57859086
0.03033717 -0.01415895 0.55562665
0.02941266 -0.05663786 0.52118649
-0.18279365 -0.04478470 0.45884145
0.00476039 -0.05745465 0.46000626
0.10358937 -0.02968766 0.42295384
0.06716312 -0.05320968 0.39240885
-0.10124624 0.00774127 0.35593948
-0.33189181 0.00211715 0.06387704
-0.30475772 0.00329354 0.04406130
-0.26368050 0.00555359 0.03824493
-0.24101849 0.00261633 0.04481865
-0.22280297 0.00279486 0.03380519
-0.19978907 -0.00025063 0.02846546
-0.19287379 -0.00892856 0.03970311
-0.18902734 -0.00459782 0.00689558
-0.03922615 -0.01762412 0.18033418
-0.03182521 -0.00514569 0.17393507
-0.15105512 0.01042907 0.06776495
0.05905936 -0.01409714 -0.13824229
0.03664203 -0.00414304 0.13589838
0.11021828 0.00350773 0.07419069
0.10500749 -0.04013544 -0.05760631
0.05724516 -0.00596439 -0.10503285
0.02288401 -0.01382113 0.10972501
-0.06132420 0.02105904 -0.08349864
0.03929517 -0.00111143 0.08545166
0.03845891 0.00401388 0.06781564
0.03630579 -0.00426256 -0.05162837
0.00446172 0.00495360 0.04844839
0.02352355 -0.02528722 0.01392874
0.01025649 -0.00471280 0.02407411
0.00898687 -0.00278430 0.01443691
0.00498012 -0.00019088 0.00803587
-0.00222932 -0.00080031 -0.00568163
0.00623455 -0.00040129 -0.00425901
0.00105976 -0.00022807 -0.00175456
-0.00085742 -0.00054225 0.00422272
0.00028414 0.00567279 -0.00238451
0.00421273 -0.00002859 0.00014184
-0.00278439 -0.00070864 0.00387533
0.00320372 -0.00022670 0.00451414
0.00265779 -0.00068713 0.00445337
-0.00229138 0.00250563 0.00569592
-0.00239949 0.00058914 -0.00393954
0.00228366 -0.00301690 -0.00371633
0.00035199 -0.00234702 -0.00052837
0.00511269 0.00049496 0.00734136
-0.00067269 -0.00394898 -0.00382008
0.00097666 0.00691624 0.00071719
-0.00094739 -0.00054503 -0.00430449
-0.00074573 0.00205701 -0.00568144
-0.00132039 0.00064066 -0.00377881
-0.00116111 -0.00264955 -0.00529040
-0.00340897 0.00117785 0.00409979
-0.00024018 -0.00024441 0.00758654
0.00467537 -0.00137807 0.00687879
0.00083560 0.00317781 0.00623920
-0.00282109 0.00051875 0.00385673
0.00125388 0.00077028 0.00431013
-0.00178956 0.00393747 0.00332389
0.00197120 -0.00069306 0.00355682
-0.00051830 -0.00278457 -0.00071034
0.00163150 -0.00058000 -0.00010363
0.00141322 -0.00141445 0.00090280
0.00071000 -0.00028435 0.00156085
-0.00001278 -0.00425243 0.00052830
-0.00019318 -0.00256168 -0.00123797
0.00120623 -0.00030505 0.00268319
-0.00127577 -0.00010486 0.00191182
0.00498002 0.00030929 0.00177422
0.00394880 0.00012178 -0.00026401
-0.00103936 0.00042830 -0.00202988
0.00046847 -0.00002524 -0.00054334
0.00028705 -0.00004919 -0.00054638
0.00046254 -0.00006536 0.00081503
0.00135371 0.00017026 0.00066076
0.00361066 -0.00002578 -0.00527372
0.00239938 0.00011602 -0.00412541
0.00135054 -0.00014468 -0.00304202
0.00085940 0.00001937 -0.00129146
-0.00083043 0.00285261 0.00193500
-0.00058124 -0.00061727 0.00138609
0.00010323 -0.00004369 -0.00096031
0.00172889 0.00044220 0.00167430
0.02363953 -0.00012905 -0.04626673
0.02686594 0.00352554 0.02271268
0.01625568 -0.00031098 0.02714286
0.02039063 0.00208959 -0.02776188
0.00682554 0.00232236 0.02805817
0.01424338 0.00619201 0.03297261
0.00745917 0.00070935 -0.03226778
0.02193329 0.01309807 0.02813235
-0.01660467 -0.00792192 0.03024855
-0.02676022 -0.00664180 0.03084919
-0.04263551 0.00330479 -0.00165434
-0.00686502 0.00246642 0.04756665
-0.01808245 0.00045618 -0.04711210
-0.02918391 -0.00105035 0.04589765
0.01761375 -0.00042155 0.05874813
-0.02502779 0.01242314 -0.06508628
0.04949013 -0.01491815 -0.06950800
0.09917485 0.01854689 0.03405160
-0.04033744 0.00900011 0.11066653
-0.01212277 0.01009657 0.13574248
0.07949892 0.00471936 -0.12972797
-0.06425295 -0.00556150 0.15186628
-0.06916741 -0.03755894 0.16253229
-0.08780132 -0.01675600 0.16703905
0.08593506 0.04865454 -0.17320254
-0.02190955 0.00403844 0.20977352
-0.03083580 0.00560636 0.21827656
-0.07577628 -0.02556915 0.21686524
-0.06775233 0.02340361 0.23298549
-0.04870665 -0.00189354 0.26063839
-0.08944489 -0.01408064 0.27352023
-0.04034605 -0.00225961 0.31627824
-0.03229739 -0.01732291 0.33908560
-0.04806647 -0.00898269 0.36337537
0.05164424 -0.00385551 0.39945222
-0.03640932 0.01144114 0.42376525
0.16465364 0.00003673 0.42509157
-0.04229781 0.02797761 0.48860181
-0.09153467 0.03421646 0.49888984
-0.07155849 0.00821670 0.53850192
-0.07861672 -0.00833474 0.54445346
-0.05564679 0.00038487 0.56946064
-0.04573662 0.01744857 0.60719038
-0.06318971 -0.02827332 0.61174144
-0.05572438 -0.01124049 0.65095958
-0.06850688 -0.01033895 0.65715638
-0.06464718 -0.00366048 0.68398347
0.00141388 0.00955389 0.71847726
-0.00846332 0.00652983 0.73587841
-0.04161534 -0.00067058 0.76472745
-0.00064765 0.01155397 0.79027609
0.01683207 -0.01165556 0.81279033
0.01182526 0.00787948 0.83296827
-0.02396297 -0.01396945 0.85204552
-0.02778900 -0.02756330 0.87420484
-0.03185222 -0.01140030 0.90040913
-0.05862719 -0.01585761 0.91950530
-0.03797182 0.00023501 0.94257291
-0.01383925 -0.01205908 0.96559821
-0.00827455 0.00329552 0.98944330
-0.06977400 -0.04676264 1.01148863
0.02538014 0.00517497 1.03811047
0.00088089 -0.00434556 1.05577241
-0.00099248 -0.00224010 1.07708666
0.01402367 -0.01159296 1.09539908
-0.04103229 -0.01777530 1.11241200
-0.03524443 -0.01518174 1.12549116
-0.02011683 -0.03655256 1.14343438
0.03323721 0.00092210 1.15981496
-0.02243522 -0.01261595 1.17279664
-0.02002540 -0.00141649 1.18649436
-0.01114224 -0.00715349 1.20044778
0.02228316 0.00283573 1.20608964
-0.01834104 -0.03451654 1.21032293
-0.01405515 -0.01367963 1.20442412
0.00530754 -0.00991337 1.19906763
-0.00778851 -0.02300181 1.19789908
0.01816424 -0.03853759 1.19154390
-0.00958507 -0.01380410 1.19178280
-0.00517894 -0.01251879 1.19261909
-0.00450496 -0.02302700 1.19276209
0.02609889 -0.00283732 1.19104658
0.01795332 -0.02402926 1.18690375
-0.05035383 -0.02680346 1.17965584
0.02129613 -0.01637274 1.17793714
0.06528861 0.03407014 1.17547668
-0.02370304 -0.01884475 1.17677134
0.03093520 -0.01715357 1.17361950
-0.01261908 -0.01615114 1.16703819
0.01759886 -0.02564198 1.16111111
-0.04257600 -0.05195278 1.15730320
0.00175743 -0.01062676 1.15737036
-0.00477282 -0.03624741 1.15584971
-0.01000738 -0.03386948 1.15193120
0.01921772 -0.02910332 1.14633903
-0.01251188 -0.05645466 1.13935981
-0.12409677 -0.04220960 1.12961844
0.00088552 -0.04159243 1.13998512
0.02899057 0.01134869 1.13360082
0.02986019 -0.02585057 1.13136825
-0.05644152 -0.05749871 1.12247286
-0.04668754 -0.01961461 1.11976011
0.00684065 -0.01580454 1.12525608
-0.02483977 -0.03723117 1.11804743
-0.01972143 -0.01098799 1.11590516
0.04850539 0.01380160 1.11154650
0.03416888 -0.01644764 1.11107508
-0.04819425 -0.03495677 1.10500572
0.06033775 0.02938999 1.10155667
-0.01248840 -0.00566541 1.09953294
-0.00353074 -0.03074659 1.09810446
0.00880391 -0.02160820 1.09907714
-0.01800974 -0.02793808 1.10308488
-0.00244881 -0.01838618 1.10027067
-0.05626161 -0.04464866 1.10319182
0.01984134 -0.01382031 1.08736089
-0.02393936 -0.01693519 1.09825695
-0.00867835 -0.02476376 1.09596475
-0.00893876 -0.02218638 1.07983973
0.02049760 -0.00845805 1.07564411
-0.02198072 -0.04989582 1.06643369
-0.07391190 -0.05907958 1.07716389
-0.01944918 -0.03514704 1.07540815
-0.05759708 -0.03819669 1.07782005
0.00721235 -0.02198981 1.07810545
0.02511621 -0.00856597 1.07618534
-0.00471327 -0.02092907 1.06721767
-0.02857995 -0.04597303 1.05096136
-0.01512563 -0.01826365 1.05251818
0.00416025 -0.02423402 1.05205620
-0.02677944 -0.04643232 1.04591019
-0.00178872 -0.01877820 1.05088295
-0.01058159 -0.02528810 1.06288303
0.00386252 -0.03842099 1.06141743
0.03543338 0.00459024 1.06746402
-0.06427214 -0.04069082 1.06142708
0.00765145 -0.00597341 1.06635265
-0.01663508 -0.02417788 1.05661563
-0.00534339 -0.02841048 1.05798351
-0.01150071 -0.03993048 1.05216530
0.00048591 -0.02447989 1.05105649
-0.01604578 -0.02235240 1.04351952
0.00260239 -0.03695846 1.03756800
-0.00367144 -0.02591603 1.03643673
-0.01975157 -0.03250778 1.02767936
0.03183466 -0.00696750 1.03426072
0.00132608 -0.01688315 1.03166847
-0.00792908 -0.02231124 1.02595465
-0.02596500 -0.01839832 1.01918567
-0.01171797 -0.02868218 1.01185443
-0.00852290 -0.01416557 1.01493937
-0.00842423 -0.03038135 1.01342885
-0.00466155 -0.01684128 1.00701756
-0.00219723 -0.02768501 1.00501727
0.01706978 -0.01845259 0.99712480
0.02069100 -0.01505519 0.99402193
-0.01826425 -0.01429697 0.97930849
0.03965294 -0.00205222 0.95717741
-0.01881029 -0.00392178 0.94007124
0.00265246 -0.02438369 0.92448809
-0.00013695 -0.01244332 0.90535057
-0.02744290 -0.01121163 0.88388950
-0.00241495 -0.02166247 0.85882171
-0.01751007 -0.01037906 0.84196790
-0.01946426 -0.01401455 0.81772205
-0.00238818 -0.02672764 0.79959920
-0.00784846 -0.01916817 0.78485346
0.00890077 -0.00873778 0.76110519
-0.01271572 -0.00800668 0.74025008
0.00674335 -0.01425354 0.71706923
-0.02582415 -0.02961535 0.69698709
-0.02528216 -0.01218746 0.67041070
0.00026063 -0.02146381 0.65291106
0.02115760 -0.01148081 0.62282160
-0.04982039 -0.02142005 0.60394386
-0.03071219 -0.03884910 0.61261691
-0.01669049 -0.00802988 0.55159220
-0.04463753 0.00769040 0.57867985
-0.01492429 -0.01278665 0.53985448
-0.05200544 -0.01114825 0.53862480
-0.04645097 -0.01809605 0.52791501
-0.04207195 -0.00925186 0.52072612
-0.06055413 0.00628522 0.50878781
0.01429524 0.00328465 0.50848037
0.11575965 -0.00235012 0.49672615
-0.07700400 0.00713309 0.49541305
-0.06759503 -0.01819382 0.49076795
-0.12531369 -0.00422191 0.47950618
-0.09500730 -0.01592532 0.47459761
-0.01965105 -0.00612760 0.47965387
-0.04096732 -0.00869575 0.48138091
-0.04389753 -0.01424574 0.47212283
-0.07866175 -0.03280910 0.46927386
-0.08615612 0.01066375 0.46134238
-0.05991543 -0.02078311 0.46856860
-0.03713580 -0.01147402 0.48205673
-0.07270100 0.00233977 0.47203731
-0.14901070 -0.00760404 0.46555267
-0.06964485 -0.00731554 0.47151564
-0.08137244 0.01250669 0.46948778
-0.05209621 -0.00545336 0.48467854
-0.06417651 -0.01070205 0.48243399
-0.07962222 0.00270555 0.49178105
-0.05748682 -0.01524967 0.49395433
-0.02751502 -0.01324772 0.50745672
-0.00138291 0.01036511 0.51720337
-0.06896560 -0.00579557 0.51849663
-0.03976988 -0.01257499 0.52938919
-0.02202822 -0.00780214 0.54110381
-0.04689715 -0.00417017 0.55389742
-0.01469335 0.00204583 0.57338083
-0.04075804 0.00099874 0.58574985
-0.01481241 -0.01035727 0.60477932
-0.02402845 -0.01500893 0.62109427
0.01323782 -0.00884861 0.63792550
-0.02289174 -0.01461523 0.65395036
-0.04756972 -0.00135216 0.66786169
-0.00212015 0.00579154 0.68721043
-0.03082428 -0.01805366 0.70622904
0.00796060 -0.02616184 0.71662147
-0.00734497 -0.00168185 0.73396298
-0.00710517 -0.01395319 0.74842688
-0.00590134 -0.01131166 0.75828721
-0.02748878 -0.00421696 0.76205895
-0.01240686 -0.01471000 0.76516848
-0.00307532 -0.02429825 0.76542796
-0.00033690 -0.02178255 0.76272516
0.03601745 -0.02314827 0.76606064
-0.01624226 -0.01807061 0.76667608
-0.03032746 -0.00329049 0.76807614
-0.01442942 0.00277439 0.76738474
-0.00992537 -0.00668340 0.76890947
0.05725818 -0.05171566 0.76317288
-0.00441453 -0.01257766 0.76911144
-0.01663718 -0.02053877 0.76604751
-0.04128051 0.01289332 0.76419032
-0.00940610 -0.00697138 0.76502998
-0.02847248 -0.01843562 0.76026147
-0.00661907 -0.01826049 0.75980836
-0.00127094 -0.03999714 0.75473500
-0.02052074 0.02195085 0.75264205
-0.01501043 -0.02708748 0.75029320
0.01579458 -0.01309023 0.74528324
0.01224703 -0.00719478 0.74148902
0.01338557 -0.00635480 0.73178765
0.00917233 -0.00593485 0.72261795
0.00344950 -0.01201501 0.71314440
0.05256776 -0.05988689 0.69844849
-0.03380985 0.00052761 0.68857144
0.00712589 -0.01835336 0.67613824
0.00837011 -0.00921496 0.66535785
-0.03012468 0.00783323 0.65811193
-0.00851901 -0.01777049 0.65316174
0.00072610 -0.01270893 0.64920759
-0.04960985 0.01221221 0.64387447
-0.02593042 -0.01472594 0.63764341
-0.00009679 -0.01970213 0.63372878
0.00016701 -0.01396212 0.62872957
0.00387693 -0.01333345 0.62525885
0.00627447 -0.01202669 0.62001433
-0.01611015 -0.01875575 0.61612142
0.02636892 -0.03180826 0.61018465
-0.00426947 0.00086655 0.61044839
-0.03452515 -0.00213111 0.60607561
0.04562537 -0.01207830 0.60371872
-0.00581431 0.01866312 0.60292566
-0.01357653 -0.01889557 0.59901956
-0.03881815 -0.00627912 0.59689054
-0.00041747 -0.01735674 0.59570682
0.04556202 -0.00257186 0.59230448
-0.01663495 -0.00200903 0.58772844
-0.05609594 -0.00021203 0.58256534
0.01461565 -0.01864624 0.57979088
-0.01378876 0.01747297 0.57329582
-0.01556699 -0.00604483 0.56263109
-0.01026927 -0.00423876 0.55484153
-0.01487522 -0.00839570 0.54363302
-0.00827530 -0.00180188 0.53189284
-0.01997853 -0.01621545 0.52092470
-0.03275049 0.00201020 0.50850394
-0.01041748 -0.00862958 0.49660477
0.00956482 -0.00286229 0.48491346
0.01041362 -0.00530387 0.47568653
-0.00014498 -0.00740537 0.46221469
-0.01126050 -0.00240279 0.45323266
-0.00475642 -0.00103951 0.43850968
-0.00548353 -0.00149427 0.42234914
-0.04101627 0.00990592 0.42009694
-0.01147517 -0.00423432 0.37094471
-0.02724406 -0.01290947 0.36841721
0.00425928 -0.00565510 0.34249440
-0.01926075 -0.00215365 0.32095453
0.00807057 -0.00219322 0.30466400
0.01470428 -0.00079910 0.28674654
-0.00806536 0.00038973 0.27586936
0.00276182 -0.00798460 0.26917703
0.02120249 -0.00640811 0.25987715
-0.00591841 0.00163335 0.25932729
0.01526422 0.00269242 0.25777006
-0.00668769 -0.00362596 0.25636692
-0.00840296 0.00568369 0.25313767
-0.01639009 0.00281726 0.25223723
0.15668552 -0.02052058 0.19538261
0.01871379 -0.00261398 0.24659536
-0.00372793 0.01141828 0.24853150
0.01210755 0.00799072 0.24681172
-0.02086131 0.00045140 0.24552633
-0.04744966 0.00346959 0.24048053
-0.01893205 -0.00400920 0.24278203
-0.00825667 -0.00379693 0.24121826
-0.01775615 0.00059524 0.24140084
-0.01409612 0.00405639 0.23681050
0.01142202 0.00072284 0.23528398
-0.02030676 -0.00553358 0.23719085
-0.02702281 0.00463234 0.23387647
-0.01022472 -0.00369617 0.23527128
-0.01495667 -0.00063444 0.23250270
0.00925104 -0.00058579 0.23102389
-0.00349569 0.00169220 0.23023423
-0.01422794 -0.00921268 0.22815925
-0.00673032 -0.00346462 0.22756944
0.00277121 0.00098155 0.23103243
0.00906997 -0.00207172 0.22706493
-0.02314211 -0.00593002 0.22435054
0.00483614 -0.00416368 0.22440897
-0.00114873 -0.00395154 0.22492239
0.00042536 -0.00213582 0.22399528
-0.00472800 -0.00564671 0.22387580
-0.00102295 -0.01553744 0.22717854
0.00924646 -0.00689419 0.23547047
-0.00576337 -0.00480170 0.24719193
-0.03673254 -0.01238005 0.25629502
-0.00964330 0.00048675 0.27055068
-0.04360173 0.00044726 0.27835806
0.01626073 -0.00181150 0.29261542
-0.01760475 -0.00907082 0.30110498
0.00903795 0.00639949 0.30904233
0.02384855 0.00156593 0.31614781
0.00201509 -0.01596904 0.32433714
-0.00080274 -0.00395522 0.33437089
0.00627148 -0.00786546 0.34070635
-0.00103854 0.00421203 0.34946975
-0.03576994 0.00350881 0.35444294
0.01622932 0.00928040 0.36508318
-0.01429403 -0.00684447 0.37612637
-0.01274357 -0.00950677 0.38726135
-0.00515768 -0.01555733 0.40110493
-0.01315097 -0.00920635 0.41099136
0.00770521 -0.00852547 0.40503295
0.02364112 -0.01307821 0.39993959
-0.01296741 -0.00450214 0.39142534
-0.05265748 0.00375125 0.38410209
-0.03012213 -0.01004417 0.38061163
-0.04390426 0.00964344 0.37620730
-0.01888292 -0.00155074 0.37508983
-0.03877151 0.01375184 0.37134943
-0.02069740 0.00730098 0.37307915
-0.05187111 -0.01131142 0.36642707
-0.05679682 -0.00001364 0.35789210
-0.04039818 -0.00479549 0.35372852
-0.00928230 -0.01292262 0.35295352
-0.03053066 -0.01719170 0.35053112
-0.04183130 -0.00471205 0.34728141
-0.00682149 -0.03103756 0.34657725
-0.02480859 -0.00120228 0.34292499
0.00038187 -0.00850633 0.33857831
0.01014341 -0.00567569 0.33393445
0.02243107 -0.01136014 0.30910255
0.01470070 -0.01882869 0.27465083
-0.00463031 0.00279383 0.23471290
-0.00322839 -0.00069114 0.19860925
-0.01502031 -0.00152055 0.16074892
-0.00886385 0.00278280 0.12608756
-0.00447823 0.00536882 0.09296085
0.05221584 -0.02061434 -0.01129864
-0.00618798 0.00103620 0.02522304
-0.00100959 0.00017789 -0.00043315
0.01699040 0.00152438 0.00643697
0.00172495 -0.00012627 -0.00959539
-0.00134273 0.00003787 0.00393205
0.00321411 -0.00007632 -0.00366198
-0.00222578 -0.00013915 0.00407386
-0.00092234 -0.00003324 0.00121889
0.00025302 -0.00010291 -0.00108549
0.00282625 -0.00051594 0.00133086
