0.00000000 0.00000000 0.00000000
-0.00768792 -0.00923564 0.09072856
-0.00985186 0.00001747 0.09907326
-0.01058214 -0.00835432 0.10362192
-0.01384441 -0.00101455 0.11350990
-0.01606380 -0.00484080 0.12801120
-0.02194655 -0.00445469 0.14479556
-0.01722858 -0.00428629 0.15215375
-0.01796324 -0.01195291 0.15365284
-0.02059616 -0.01046829 0.16197364
-0.02925481 -0.00782300 0.17013822
-0.04269666 -0.00654085 0.18640845
-0.04851803 -0.01257702 0.19611246
-0.03724981 -0.00623808 0.19771507
-0.03512540 -0.00666230 0.19104674
-0.04675617 -0.00194441 0.21636929
-0.04317537 0.00071085 0.21951927
-0.04662287 0.00152687 0.21900731
-0.04794586 0.00053351 0.22535766
-0.04349325 0.00224010 0.22322681
-0.03733807 -0.00213720 0.22744725
-0.03555592 0.00047000 0.22808056
-0.04823672 -0.00340865 0.24063338
-0.06339264 -0.00683986 0.24325903
-0.05612080 0.00125555 0.26780657
-0.05309846 -0.00222771 0.26575145
-0.04222792 -0.00091076 0.27288118
-0.04957167 -0.00391010 0.28043221
-0.05152834 0.00094659 0.30446707
-0.05353857 0.00419422 0.31353048
-0.04633492 -0.01182900 0.27059688
-0.06498989 -0.00114746 0.32728402
-0.06233238 -0.00456913 0.32045796
-0.08120987 0.00141401 0.29755215
-0.06533039 -0.00635477 0.34366147
-0.06057181 -0.00528406 0.37947223
-0.02973270 -0.01609866 0.34076821
-0.04919670 -0.01172286 0.38011581
-0.05069289 -0.00962592 0.38897415
-0.03627899 -0.00833344 0.41380633
-0.04319127 -0.00422728 0.45273490
-0.05222064 -0.01076759 0.46637852
-0.03730004 -0.00613770 0.49103616
-0.02825180 -0.00488566 0.49679815
-0.02054118 0.00513109 0.52143317
-0.01838721 -0.00432404 0.54229332
-0.01880045 -0.00993629 0.55915451
-0.02345343 -0.00799702 0.57872191
-0.01231532 -0.00564855 0.59418932
-0.01336469 -0.00225143 0.62526707
-0.00511071 -0.00448782 0.63113278
-0.00055936 -0.00941946 0.64391802
-0.00626036 -0.01397477 0.65745811
-0.01380468 -0.00796123 0.68365403
-0.00179552 -0.00549883 0.68915209
-0.00704689 -0.00141375 0.71624382
-0.00716270 -0.00865690 0.73132325
-0.00868424 -0.00888559 0.74839534
-0.00649261 -0.01122716 0.74679005
-0.00693157 -0.01034821 0.75903916
-0.00101949 -0.00396052 0.77813020
-0.00414553 -0.00650013 0.79703900
-0.00240522 -0.00975116 0.80438337
-0.01542017 -0.01080695 0.82144126
-0.00804905 -0.01732194 0.80907954
-0.00243853 -0.01437076 0.81095090
-0.00865368 -0.00584530 0.82273385
-0.00207581 -0.00735762 0.83147784
-0.01151260 -0.01101892 0.84589238
-0.02318193 -0.01496137 0.86644367
-0.02122791 -0.01918105 0.86659905
-0.01755146 -0.02221487 0.85488436
-0.02416207 -0.02164737 0.85981889
-0.01897227 -0.01860209 0.85464330
-0.02810527 -0.01761340 0.86971663
-0.02613667 -0.02156727 0.86550828
-0.00995534 -0.02160587 0.84470571
-0.01594302 -0.01524815 0.84554175
-0.00876321 -0.01287808 0.83351083
-0.01344671 -0.01260228 0.85094752
-0.00799503 -0.01465610 0.84461566
-0.01012093 -0.01107492 0.85382494
-0.00921930 -0.01642544 0.84955471
0.00060795 -0.02335328 0.83936537
-0.00703530 -0.02143188 0.83928502
-0.00977351 -0.01149086 0.82233465
-0.00972939 -0.01980323 0.82880167
-0.01296095 -0.02011376 0.83395595
-0.02321562 -0.01822476 0.84101100
-0.00354290 -0.02525128 0.82626198
-0.01178891 -0.02529663 0.83496574
-0.00455094 -0.01020436 0.82881637
-0.01155406 -0.01654781 0.82978108
-0.02102015 -0.01902775 0.84585710
-0.00347105 -0.01998360 0.82152117
-0.01061476 -0.01716601 0.81961510
-0.01395882 -0.01737638 0.80740326
-0.02648672 -0.01702590 0.81587408
-0.01313317 -0.01624646 0.79301653
-0.01452371 -0.01537651 0.80441445
-0.00826843 -0.01810305 0.79789272
-0.01091822 -0.01594066 0.78570004
-0.01097980 -0.01544002 0.78265462
-0.01124837 -0.01411776 0.79071806
-0.00566765 -0.01083169 0.77648373
-0.00740929 -0.01197761 0.77638906
-0.00200026 -0.01525399 0.76770991
-0.01708554 -0.01975606 0.77400263
-0.00890414 -0.01734843 0.75496694
-0.01019017 -0.01728565 0.74434834
-0.01251800 -0.01421613 0.73294756
-0.00701801 -0.01448844 0.71534967
-0.01349089 -0.01470371 0.71341386
-0.00261927 -0.01804530 0.68203792
-0.00135200 -0.01407071 0.67425519
0.00087174 -0.01575803 0.65929672
-0.00163918 -0.01756212 0.64541538
-0.00134424 -0.01473564 0.63062207
0.00613003 -0.01520027 0.61466516
0.01432501 -0.00730485 0.59257324
0.02249533 -0.01473070 0.57210847
0.01229047 -0.01704370 0.57641862
0.03921372 -0.00989850 0.53312592
0.00345831 -0.01412070 0.55442483
0.01913044 -0.00739985 0.53626150
0.03849970 -0.01632415 0.48307553
0.04296002 -0.00509462 0.44562438
0.04812538 -0.00514339 0.45454682
0.06839022 -0.01087798 0.43857746
0.06476940 -0.00823378 0.43097308
0.06250363 -0.00626380 0.43747543
0.05690929 0.00274818 0.45995020
0.05079465 -0.00061866 0.46294140
0.05833862 -0.00616184 0.46301174
0.05847880 -0.00970358 0.44874138
0.04002891 -0.00403098 0.44954625
0.03637734 -0.00799821 0.44614688
0.04950034 -0.00516289 0.42443656
0.05725573 -0.00231079 0.44738599
0.05646157 -0.00030297 0.46113562
0.05954697 0.00098097 0.48594337
0.03401053 -0.00272668 0.52971577
0.04655918 -0.00680821 0.53677422
0.04194204 -0.00205684 0.53708824
0.03273172 0.00121772 0.58080029
0.02951327 0.00011440 0.57035927
0.02594875 -0.00190545 0.60367919
0.03207270 -0.00932396 0.59682799
0.01221094 -0.00504609 0.63599743
0.00470003 -0.00625777 0.64862659
-0.00802109 -0.00344499 0.66799752
-0.00669851 -0.00936207 0.67558844
-0.00324412 -0.00664764 0.69442980
0.00161352 -0.00823318 0.70574833
-0.00573456 -0.00745231 0.72842372
-0.00375438 -0.00943346 0.73659445
0.01272457 -0.01759601 0.72996104
0.00568210 -0.00961283 0.74904975
0.00441676 -0.00354105 0.75606038
0.00308801 0.00146950 0.77739836
-0.01529070 -0.00381332 0.79583481
-0.00793060 -0.01112944 0.79034556
-0.00684533 -0.01075229 0.79231195
0.00329030 -0.01469582 0.77855994
0.00056723 -0.01246843 0.77818109
-0.01567615 -0.00970366 0.79821857
-0.00401066 -0.00995186 0.79564330
-0.00068203 -0.02339092 0.76948303
-0.01077981 -0.01310770 0.77445144
-0.01807343 -0.02305462 0.78646590
-0.00428616 -0.01594823 0.76093348
-0.00882418 -0.00925769 0.76775074
-0.00524767 -0.01013176 0.76390528
-0.00942382 -0.00941700 0.76442720
-0.01285363 -0.01468665 0.77343561
-0.00302336 -0.01227532 0.76720454
-0.00021914 -0.01336667 0.75844926
-0.00001946 -0.01543343 0.75326174
-0.00613410 -0.01332950 0.75716313
-0.00135519 -0.01068577 0.76033276
-0.00092956 -0.01182581 0.76206214
-0.00864689 -0.01070499 0.77171996
-0.01034874 -0.01502297 0.78177344
-0.00603198 -0.01315116 0.78698423
-0.00208107 -0.00181691 0.79118690
-0.00840428 -0.00934010 0.79237285
-0.01587063 -0.01553493 0.79502528
-0.01119921 -0.01575568 0.79895691
-0.01158330 -0.01321897 0.80437945
-0.01209468 -0.01429108 0.83019442
-0.01372987 -0.01587547 0.82468043
-0.01409939 -0.00962782 0.85883007
-0.01722782 -0.01704046 0.85225116
-0.01227983 -0.00513512 0.85381189
-0.01484213 -0.01928151 0.87048816
-0.00819539 -0.01740874 0.86779442
-0.02401544 -0.01730086 0.88768547
-0.01011129 -0.01546904 0.87648593
-0.00035389 -0.01582762 0.87837743
0.01440174 -0.01230477 0.88347243
-0.00492666 -0.01206022 0.87892615
0.00054974 -0.00536835 0.87880122
-0.00736272 -0.00900264 0.88857133
-0.01694648 -0.00670649 0.88274631
0.02013822 -0.01787527 0.85831244
-0.01009391 -0.01786909 0.85755935
-0.00526894 -0.01846992 0.85263462
-0.01644201 -0.01480932 0.85459294
-0.00772093 -0.00967670 0.85620237
-0.00779592 0.00003393 0.87046827
-0.02565995 -0.01588106 0.88135559
-0.01706846 -0.02389170 0.87230697
-0.00089576 -0.02129428 0.84837836
-0.01018435 -0.01951741 0.85693478
-0.01517213 -0.01827537 0.83176089
-0.02965173 -0.02391166 0.84923323
-0.01775555 -0.01128309 0.83969306
-0.01784673 -0.02243873 0.84201718
-0.01567062 -0.01455797 0.81251873
-0.01507035 -0.01639223 0.81410281
-0.01605657 -0.00383718 0.81277934
-0.01796884 -0.01085127 0.81092100
-0.01364076 -0.01362999 0.80387682
-0.01023390 -0.01192937 0.80175003
-0.01617039 -0.01268131 0.79740932
-0.00571116 -0.01148626 0.78992120
-0.01613670 -0.01674639 0.78040875
-0.01714129 -0.01350838 0.78096133
-0.00745969 -0.00821005 0.77374840
-0.01404127 -0.01618662 0.77603586
-0.01829845 -0.01097773 0.78052764
-0.01432082 -0.01171002 0.77160656
-0.01670432 -0.01073218 0.77530966
-0.01200466 -0.01770538 0.76956138
-0.01052353 -0.02198483 0.76303750
-0.01716438 -0.00260415 0.75434242
-0.03166620 -0.00595188 0.78156551
-0.01658814 -0.01087525 0.76005894
-0.02286625 -0.00699235 0.76302840
-0.02175541 -0.01107824 0.75454669
-0.02394796 -0.01580113 0.75546716
-0.03034305 -0.02222267 0.74388305
-0.02097099 -0.01537979 0.73375017
-0.01358856 -0.00360113 0.73391826
-0.02710917 -0.00910407 0.75633717
-0.03271383 -0.01279712 0.76717391
-0.01797526 -0.01548372 0.75168334
-0.03180297 -0.01451238 0.76793802
-0.02926146 -0.01449453 0.76616922
-0.02914857 -0.01532028 0.76735874
-0.00787941 -0.01690956 0.75024135
-0.01874673 -0.01006357 0.77210064
-0.03774597 -0.01753558 0.77094085
-0.02939001 -0.01442801 0.77913341
-0.01962427 -0.00751444 0.78153462
-0.01535347 -0.00800576 0.77700324
-0.04074653 -0.02736052 0.79304090
-0.04785369 -0.02459624 0.78318512
-0.01062328 -0.01247459 0.75732573
-0.00863695 -0.00591589 0.77465312
-0.02638628 -0.00390279 0.78624125
-0.03175450 -0.00626718 0.79124821
-0.03650564 -0.01463353 0.80737768
-0.02130252 -0.01864771 0.79148432
-0.02290572 -0.01661876 0.77662426
-0.01195125 -0.00996824 0.77848156
-0.01971122 -0.00389526 0.79418984
-0.01804553 -0.01179940 0.78469470
-0.01826455 -0.01141811 0.78165004
-0.04137090 -0.00409944 0.80111577
-0.02335750 -0.01410663 0.78916626
-0.01227472 -0.01874040 0.76476246
-0.01211722 -0.01555434 0.76627113
-0.01949622 -0.01549235 0.76213555
-0.00448739 -0.03133309 0.75852920
-0.00798091 -0.01519564 0.74422867
-0.00532440 -0.01088212 0.73949758
-0.00218709 -0.00884614 0.74132395
-0.00601498 -0.00218211 0.74194415
-0.00796562 -0.00850036 0.73960395
-0.00801909 -0.01491194 0.74180865
-0.01033910 -0.01589613 0.72432025
-0.00689368 -0.01455053 0.69884713
-0.01538209 -0.01378171 0.69015497
-0.00512462 -0.01739118 0.65909200
-0.00779954 -0.00872078 0.64681939
-0.01688737 -0.01227652 0.63539174
-0.00968908 -0.00971905 0.61391311
-0.01150269 -0.01400993 0.58976236
-0.00070343 -0.01503653 0.56522521
0.00081594 -0.02368783 0.54416475
-0.00459527 -0.01340405 0.51867501
-0.00321060 -0.01449113 0.49298106
-0.00502459 -0.01382834 0.46932890
0.00129597 -0.00763468 0.45468319
0.00528740 -0.00474831 0.43544264
-0.01455343 -0.00383997 0.41534091
-0.01742600 -0.01115698 0.39567959
-0.00636673 -0.00405374 0.37810485
-0.01172171 -0.00690361 0.35954514
-0.00668224 -0.01334931 0.33833381
-0.00030172 -0.01121990 0.31239211
-0.00551652 -0.00818713 0.29736627
-0.00940914 -0.00472129 0.28261172
-0.01559438 -0.00869685 0.26567382
-0.02158572 -0.01082786 0.24853022
-0.02281639 -0.01056425 0.23583805
-0.03027874 -0.01234044 0.21708435
-0.02141870 -0.00231045 0.21188368
-0.02706690 0.00248125 0.20640352
-0.03044822 0.00264698 0.20805889
-0.02433154 0.00249687 0.21046121
-0.01910562 0.00432428 0.21105730
-0.02027045 0.00164814 0.21245544
-0.02785591 0.00128587 0.21149177
-0.03269206 0.00304774 0.21260664
-0.02549643 0.00040600 0.20968588
-0.02757008 -0.00154112 0.21013096
-0.03548450 -0.00229013 0.21094408
-0.03675642 -0.00148816 0.21145752
-0.03693325 -0.00697398 0.20926139
-0.03235661 -0.00186356 0.21499096
-0.03147311 -0.00655890 0.22471177
-0.04152355 -0.00427806 0.23854407
-0.04098642 0.00106410 0.25490238
-0.03533328 0.00851154 0.27407760
-0.04043626 0.00946019 0.28956494
-0.03321101 0.01599369 0.30320601
-0.05042441 0.01021066 0.31740558
-0.05744665 0.00144556 0.32480195
-0.04233939 -0.00415507 0.33928588
-0.04829783 -0.00924331 0.35442498
-0.04001185 0.00302352 0.37843256
-0.05731913 -0.01955188 0.38718603
-0.05477321 -0.00780016 0.40521540
-0.05325959 -0.00198629 0.41136695
-0.05659612 -0.00132353 0.43194990
-0.05006330 -0.00180616 0.44611670
-0.04679917 0.00118530 0.46918919
-0.04753872 0.00000432 0.48794181
-0.05443141 0.00532411 0.50509759
-0.04584197 -0.01387480 0.47846361
-0.04468354 -0.00992270 0.51282974
-0.04425605 -0.00588032 0.54676230
-0.04389114 -0.00844685 0.56172032
-0.03449402 -0.00666053 0.59604090
-0.03011816 -0.00201799 0.61438551
-0.02527106 -0.00548770 0.63009888
-0.00740096 -0.02000176 0.63833190
-0.01141928 -0.00334730 0.66725806
-0.01861312 -0.00174747 0.68449237
-0.01447860 -0.01019532 0.70743002
-0.01532143 -0.00474376 0.72441336
-0.01542188 -0.00520681 0.73775614
-0.00957516 -0.00390735 0.75367725
-0.00331279 -0.00580382 0.77440836
-0.00770055 -0.00550383 0.78621804
0.00079945 -0.00182896 0.79801240
0.00632160 -0.00371955 0.81250635
-0.00140712 -0.00684364 0.83948151
-0.00704489 -0.00519297 0.85348945
-0.00711627 -0.01086656 0.87343195
-0.00488051 -0.01367823 0.88356492
-0.01261811 -0.01334836 0.87477901
-0.00110872 -0.00478906 0.90826600
-0.00161776 -0.01070320 0.91701412
-0.00452391 -0.01769075 0.93220847
-0.00524000 -0.01424098 0.93706693
-0.00548762 -0.01248879 0.94776159
-0.00816294 -0.01112553 0.96441685
-0.01221510 -0.01615818 0.97276802
-0.00927530 -0.01572508 0.97928151
-0.00428480 -0.01431918 1.00182245
-0.00741430 -0.01266501 0.98825527
-0.00391767 -0.02000874 0.99565562
0.03710528 0.00059025 1.04192769
-0.00733935 -0.01662103 0.97702624
-0.00956489 -0.02304584 0.98725034
-0.00622326 -0.01183454 1.00018779
-0.00755702 -0.02123786 0.99594624
-0.01208347 -0.01605845 0.99600391
-0.00100125 -0.01512529 0.99222629
-0.00542983 -0.01137858 0.99376546
-0.00492139 -0.01871792 0.97946902
-0.00548056 -0.01389561 0.98936148
-0.00852248 -0.01356714 0.98952389
-0.00159711 -0.01503416 0.98136498
-0.00906595 -0.01790078 0.98222998
-0.00353588 -0.01326661 0.98467995
-0.00269757 -0.01639312 0.98134329
-0.00563165 -0.01113577 0.98199919
-0.00879018 -0.01585288 0.99200774
-0.00395161 -0.01511171 0.97820136
0.00068550 -0.01491139 0.99033471
-0.00787746 -0.01078612 0.97729515
-0.00044491 -0.01113549 0.98429365
-0.00524576 -0.01417701 0.97840907
-0.00555977 -0.02383091 0.98028134
-0.01130173 -0.01991659 0.98746291
-0.01322566 -0.01443096 0.96860256
-0.00403841 -0.01657062 0.98092211
-0.00864012 -0.01797777 0.97278942
-0.00868593 -0.01751613 0.96937766
-0.00249062 -0.02016148 0.96896462
-0.00862501 -0.01285049 0.96839628
-0.00878279 -0.01952739 0.96148859
-0.01149674 -0.01044763 0.97439325
-0.00503753 -0.01053241 0.97343848
-0.00244386 -0.01989300 0.97009134
-0.00324643 -0.01540609 0.95525286
-0.00542950 -0.01935715 0.94750883
-0.00862530 -0.01160492 0.95268901
-0.00968119 -0.01608631 0.95009817
-0.00701003 -0.01492768 0.94522029
-0.01147453 -0.01907151 0.94180636
-0.00757658 -0.01507134 0.95005506
0.00252119 -0.01477841 0.93947009
-0.00311155 -0.01749870 0.94136377
-0.00186538 -0.02080110 0.93825261
-0.00131968 -0.02298824 0.93612081
0.00341662 -0.00989050 0.93462073
-0.00370699 -0.01343471 0.93311899
-0.00056317 -0.01574283 0.92577362
-0.00100446 -0.01210742 0.92429112
-0.00220912 -0.01175890 0.90822278
-0.00290175 -0.01182823 0.90013365
-0.01155958 -0.02468765 0.86333826
-0.00495973 -0.01823018 0.88145476
-0.00583669 -0.01681246 0.86261559
-0.00072733 -0.01188170 0.86444128
-0.01287226 -0.02092695 0.83367570
-0.00762827 -0.01948689 0.82521753
-0.00546515 -0.01590054 0.80522243
-0.00259244 -0.01569911 0.80042132
-0.00469229 -0.01359574 0.79748489
-0.00550816 -0.01628077 0.78948695
-0.00544698 -0.01500043 0.77367339
-0.00847947 -0.01836540 0.75814530
-0.00297985 -0.02491519 0.74757116
-0.00799461 -0.01423242 0.72718000
-0.00826515 -0.01328607 0.71185732
-0.00354205 -0.01020299 0.70245295
-0.00566443 -0.01708363 0.68056692
-0.00823399 -0.01443649 0.66804611
-0.00427313 -0.01722601 0.65901090
0.00585087 -0.03473257 0.65652760
-0.01114590 -0.00637841 0.64008905
-0.03217516 -0.01986000 0.62284696
-0.04399641 -0.02230489 0.61698757
-0.01917185 -0.01186153 0.60099201
-0.02237191 -0.00874881 0.59644917
-0.02909367 -0.00929740 0.58094580
-0.04659285 -0.01254208 0.57105397
-0.04783592 -0.01326254 0.56190920
-0.01936697 -0.05212349 0.52979532
-0.04985011 -0.01186442 0.51836264
-0.04913904 -0.01333814 0.51663940
-0.05081495 -0.01905475 0.48695460
-0.05748159 -0.00871524 0.48212152
-0.05880255 -0.01440610 0.47102233
-0.04876942 -0.01692369 0.47745530
-0.04197659 -0.00066108 0.47364975
-0.03647957 -0.00367855 0.47674033
-0.02819016 0.02103743 0.47867125
-0.03605608 0.00155495 0.47853685
-0.05430407 -0.00259409 0.47929552
-0.06716750 0.00433229 0.48011502
-0.05799959 -0.01059063 0.47889714
-0.04440926 -0.00961506 0.47137109
-0.04233634 -0.00148800 0.46808063
-0.06661759 -0.01864666 0.45996488
-0.05792040 0.01105225 0.45683743
-0.07700489 -0.00183888 0.44230273
-0.06786918 0.00053702 0.44189700
-0.05770650 -0.00363802 0.44967174
-0.06684638 -0.00355497 0.44980121
-0.06116781 -0.00761595 0.45954042
-0.05781771 -0.00577047 0.47316295
-0.03090353 -0.00668769 0.47968479
-0.04749399 -0.00815298 0.46858636
-0.05547361 -0.00431617 0.46494174
-0.03926058 -0.00168852 0.48038542
-0.03888978 -0.00700915 0.48574458
-0.02816772 -0.00672743 0.49606674
-0.03243665 -0.00416577 0.50330047
-0.01491182 -0.00824222 0.50465134
-0.01734461 -0.00875920 0.52042388
-0.00586386 -0.00032014 0.52557867
-0.01135830 -0.00717699 0.53447007
-0.00323407 -0.00821078 0.55039312
-0.01086286 -0.01074018 0.55904203
-0.01342658 -0.01191303 0.56752364
-0.01599836 -0.00431535 0.58376473
-0.00259471 -0.00462374 0.60324494
0.00003193 -0.00621559 0.61241829
0.00133448 -0.01425915 0.63183215
-0.02024619 -0.00549884 0.63052488
-0.00631108 -0.00420003 0.65087052
-0.02144060 -0.00303895 0.65900739
-0.00928114 -0.01237870 0.69202594
-0.01247142 -0.00358808 0.70403966
-0.02397931 -0.00348214 0.72096784
0.00098014 -0.00411002 0.75724449
-0.01310205 -0.00587746 0.74081959
-0.00234339 -0.00007029 0.78271016
-0.00649393 -0.00185377 0.79911695
-0.01697398 -0.01315506 0.80793823
-0.01490568 -0.00275858 0.82270318
-0.01496112 0.00230889 0.82641909
0.00062219 0.00287781 0.83867506
-0.00057829 -0.00054674 0.86574950
-0.00018840 -0.00209324 0.88426757
0.00645711 -0.00496307 0.88978027
0.00134333 -0.00474570 0.90721040
-0.01816598 -0.01016259 0.87989416
-0.00893871 -0.00044215 0.91014466
-0.00318872 -0.00167878 0.93012807
-0.00190108 0.00039613 0.94013829
0.00005663 -0.00460593 0.93685656
-0.01597582 -0.00657443 0.97058461
-0.00351826 -0.01189382 0.92887910
0.00061242 -0.01284900 0.92396978
0.01532052 -0.01884138 0.94120026
-0.01442571 -0.01827341 0.90816227
0.01041273 -0.00724855 0.93583708
0.00916916 -0.01443982 0.92872063
-0.01448249 -0.01788677 0.93378267
0.00967738 -0.02899323 0.90370414
-0.00243437 -0.01347368 0.91073397
-0.00243733 -0.01202750 0.92138112
0.00111319 -0.01339117 0.92087036
-0.00422734 -0.00848548 0.91827899
-0.00697231 -0.00924157 0.89199532
-0.00218168 -0.01153032 0.89784901
-0.00871967 -0.00830856 0.89679041
0.01623205 -0.02585030 0.89923731
0.00440936 -0.01744396 0.89710885
0.00170173 -0.02511545 0.86112320
0.03437808 -0.03260873 0.90509539
-0.00595805 -0.02843798 0.91379294
0.02020794 0.01438605 0.90447420
-0.01199822 -0.04996320 0.91173285
0.00988779 -0.00185680 0.92240472
-0.08506398 -0.02566436 0.90105575
0.04305812 -0.01682028 0.87248592
0.03838801 -0.01135771 0.85348655
0.02648364 -0.01113336 0.85012274
0.02414450 -0.00886420 0.85276551
0.02231238 -0.01220424 0.85032328
0.03263059 -0.01191932 0.87027297
0.02704904 -0.00755345 0.87030758
0.01917979 -0.00454889 0.87950614
0.01508898 -0.00933163 0.89048110
0.01869335 -0.01514380 0.89631103
0.01742489 -0.01235132 0.90097356
0.00697499 -0.01161416 0.91371836
0.01090419 -0.01687988 0.91559211
0.00541269 -0.00848725 0.92717129
0.01286787 -0.01866968 0.94595279
0.01022752 -0.01265719 0.94754716
0.00768375 -0.01547723 0.93609943
-0.01891272 -0.01293246 0.94550329
-0.01980209 -0.01315765 0.96641249
-0.01668217 -0.00952372 0.97843770
-0.01135696 -0.01468228 0.98686020
-0.00615488 -0.00887003 1.00778797
-0.01550096 -0.01358694 1.02204692
-0.01153143 -0.01278897 1.02629189
-0.01666431 -0.01685532 1.03004326
-0.01670244 -0.01603156 1.04141708
-0.00679166 -0.01528744 1.03973705
-0.01740319 -0.01946618 1.04596997
0.00913219 -0.00646169 1.04183808
-0.00671718 -0.01432019 1.05477306
-0.00287497 -0.00809696 1.05943855
-0.01425477 -0.00918503 1.05660122
-0.00447294 -0.01247919 1.06358596
-0.00502682 -0.00560133 1.07296348
-0.01169104 -0.01276988 1.05616359
-0.00951553 -0.01838226 1.04897192
-0.00810485 -0.01782632 1.04789151
-0.00989277 -0.01267916 1.04295059
-0.00096816 -0.02124881 1.04918610
0.00089168 -0.01666597 1.04388009
-0.00753865 -0.02090002 1.03890471
-0.00775216 -0.02307918 1.02861419
-0.01083871 -0.02038565 1.02328408
-0.01047940 -0.01684345 1.02070101
-0.00461701 -0.01444249 1.02766995
-0.00507686 -0.02177966 1.02589422
-0.00386823 -0.02289988 1.03145843
-0.00504061 -0.01939855 1.01990080
-0.00413762 -0.02518531 1.01419838
-0.00053588 -0.02219280 1.01130490
-0.01980025 -0.00675836 0.99164953
-0.00658639 -0.01310341 1.00960777
-0.00563866 -0.01584101 0.99956265
0.06080888 0.03439925 0.93204526
-0.04344232 -0.02209131 0.95459232
0.00423990 -0.02023617 0.94579897
-0.01194702 -0.01107557 0.97912608
-0.02003188 -0.01003674 0.97221056
-0.02229761 -0.01159713 0.96296097
-0.00838280 -0.01910829 0.97874253
-0.00664946 -0.01983656 0.97167129
-0.02227515 -0.01357591 0.95856552
-0.00072143 -0.01703876 0.97165050
-0.00894660 -0.02186608 0.94913220
-0.01220740 -0.00959444 0.96064494
-0.00417871 -0.01215136 0.95247609
-0.01990725 -0.02180291 0.92924843
-0.00146640 -0.00479411 0.94768189
-0.01070119 -0.00485077 0.94463123
0.00334565 0.00965387 0.91820099
-0.00456735 -0.01779532 0.91670713
0.00671518 -0.01503193 0.88642326
-0.00987587 -0.01753772 0.89014943
-0.00199044 -0.01003874 0.88123044
0.00075875 -0.01505049 0.87291242
-0.02037403 0.06777899 0.87315737
0.03474290 -0.00760932 0.84595262
-0.03741650 -0.01846625 0.81560315
0.01658834 -0.02224577 0.80697991
-0.00122998 -0.04061730 0.77482815
-0.03129786 -0.01880148 0.76518124
-0.04307980 0.00542076 0.73859099
-0.03579406 -0.04073477 0.71357131
0.01756573 -0.01282159 0.67300185
0.00982866 -0.00422086 0.64546899
0.01688896 -0.03508792 0.61630542
0.01549949 -0.01164794 0.58953906
0.01829682 -0.00740870 0.57763726
0.00372306 0.00212651 0.54251108
-0.00740746 -0.07935882 0.48879553
-0.00216324 -0.00632252 0.45959191
-0.08218102 -0.01775394 0.41640918
0.00010250 -0.01163869 0.38701033
-1.17288518 0.13421143 0.27583449
-1.16426621 0.13588725 0.24026537
-1.03619403 0.02756233 0.12726249
-1.07254783 -0.02362601 0.10111517
-1.11994458 0.03369690 0.10468378
-0.00503215 0.00718099 0.26026006
-0.05939670 0.01417059 0.19749247
0.02339037 0.06189629 0.29443327
-0.01461261 0.06567965 0.19111072
-0.00451403 0.00359241 0.18732031
-0.00761542 -0.00502986 0.18176080
-0.00109723 -0.01340545 0.16717379
-0.01010396 -0.01555337 0.15730138
0.00063302 -0.00188027 0.14766170
0.00724682 -0.02886733 0.13883175
0.00697397 0.00700629 0.13185251
-0.01089999 -0.00429047 0.12598096
-0.00835624 -0.02284061 0.11862337
-0.01044009 0.00859310 0.10993060
-0.00152262 -0.01826596 0.09745490
-0.00590714 0.00571908 0.08038815
-0.00525683 0.02066851 0.06378235
-0.00648769 0.01224792 0.05042708
-0.00465625 0.00902185 0.03784650
-0.00935097 0.01053321 0.02596097
-0.00470237 0.00451775 0.01792763
-0.00258383 0.01018267 0.00955629
0.00372507 0.00615622 -0.00057478
0.00202309 -0.00548378 -0.00557838
0.00305076 -0.01230977 -0.00213521
0.00108268 -0.00294113 0.00058525
0.00228477 -0.00814685 -0.00201382
-0.00654894 0.00036063 0.00094067
-0.00192196 0.00650060 0.00123877
-0.00028707 0.01546651 0.00147213
0.00025209 0.00082776 -0.00051867
0.00187867 0.00954324 -0.00101983
-0.00092482 0.00704349 0.00128720
-0.00173952 0.00456939 0.00069467
0.00248525 0.01129434 0.00053466
-0.00032249 0.00318681 -0.00114689
0.00181678 0.00726567 -0.00087623
0.00289204 0.01753534 0.00070678
0.00042325 0.00835084 0.00054705
0.00101420 -0.00104520 -0.00027936
-0.00109175 0.01076217 0.00157479
0.00044913 0.00329835 0.00009402
0.00398651 -0.00532455 -0.00026765
0.01222968 0.00666826 -0.00152140
0.00388900 0.00882129 -0.00099331
-0.00206800 0.00667064 0.00064368
-0.00080443 0.00398264 -0.00018260
-0.00213532 0.00620633 0.00062875
-0.00574682 0.00850140 0.00110881
0.00012627 0.00411678 -0.00029265
-0.00802923 0.01512105 0.00188954
-0.00020220 -0.00082693 -0.00005377
0.00000000 0.00000000 0.00000000
0.00000000 0.00000000 0.00000000
0.00000000 0.00000000 0.00000000
0.00339746 0.00553620 -0.00124768
0.00148063 0.00702557 0.00103891
-0.00417316 0.00135719 0.00045941
-0.00780939 -0.01407190 0.00049178
-0.00088377 0.00462774 0.00042277
0.00324011 -0.00829325 -0.00054260
-0.00630378 0.01057739 0.00071987
0.00139147 0.01289884 -0.00006377
0.00200373 -0.00463286 -0.00031751
-0.00280628 0.00400756 0.00058086
0.00178735 -0.00501685 -0.00100224
0.00139178 0.00703601 0.00011238
0.00796755 0.00872413 -0.00148900
-0.00267144 0.01070189 0.00004349
0.00081412 -0.00800062 -0.00045332
0.00027323 0.00402756 -0.00033929
0.00147898 0.00729339 -0.00027107
-0.00176964 0.01566109 0.00142078
0.00243505 0.00611178 -0.00044468
0.00506394 -0.00544055 0.00064982
-0.00604341 -0.01106693 0.00310806
-0.00310531 0.00692702 0.00925699
-0.00158745 -0.02219994 0.01300158
-0.00358434 0.01239283 0.01903986
-0.00246306 -0.02031100 0.02021397
-0.00570176 -0.00777394 0.02565360
0.00677840 0.00298795 0.02764925
-0.00273491 -0.01268461 0.03273813
-0.00879919 0.01330390 0.03801499
-0.00087739 0.01328116 0.04198232
-0.01154760 -0.00733866 0.04554241
0.00044411 0.02211176 0.04991476
-0.00880646 -0.00955615 0.05662022
-0.00373715 0.02411138 0.06571235
-0.00693460 0.02595766 0.08180086
0.00307870 0.04944089 0.09753798
-0.00154891 0.02405568 0.11500433
-0.00224056 0.01338845 0.13608714
-0.00947153 0.02367821 0.15382182
-0.00980420 0.01637712 0.16639101
-0.00350932 0.00740492 0.18039077
0.00753685 0.02488726 0.19235470
0.00165833 0.00709269 0.20316395
-0.02346034 0.02371015 0.18890595
-0.01275315 -0.00218314 0.21028075
-0.03368342 -0.00560398 0.21216002
-0.05547501 -0.00828229 0.23040045
-0.05769022 -0.00973454 0.24969931
-0.05480082 0.00661279 0.27640804
-0.07004054 -0.00729566 0.30240222
-0.05358809 -0.00083605 0.33153166
-0.07677548 0.01107409 0.37014132
-0.09412240 0.01166330 0.40208460
-0.10528697 0.01327945 0.46293799
-0.11952089 0.00395569 0.47821074
-0.05354897 0.00632152 0.48856488
-0.06128703 0.00460899 0.52103872
-0.06311143 0.00326321 0.54352427
-0.05111626 0.00960779 0.56622434
-0.04961737 0.00941445 0.58994807
-0.06160138 -0.00176012 0.60131233
-0.06197897 0.00108370 0.63623116
-0.06075894 0.00752529 0.65579862
-0.05386328 -0.00257352 0.66974871
-0.04350896 0.01156414 0.72533850
-0.04086847 0.01132810 0.74759084
-0.03292404 0.00387694 0.75095923
-0.02588913 0.00003225 0.77520033
-0.02048886 -0.00559564 0.79122183
-0.05629701 -0.04525662 0.79290682
-0.01562431 0.00194907 0.84365774
-0.02104936 -0.00650801 0.84368230
-0.01079966 0.00158592 0.88287153
-0.02135363 -0.00319964 0.89838329
-0.03893862 -0.00957705 0.89414027
-0.01512591 -0.00075496 0.95371225
-0.00710835 -0.00579217 0.97671861
-0.01199646 0.00006519 0.99724209
-0.00128467 0.00262517 1.02495381
0.00564181 -0.00033146 1.03164478
-0.05731279 -0.02682261 1.05947557
0.01262519 -0.01231485 1.06943865
0.00924659 0.00456469 1.09762580
-0.00611735 -0.00917887 1.10823454
-0.01271834 -0.00428283 1.12291417
0.00257393 -0.00207179 1.14269481
-0.00088548 -0.00840642 1.16493904
-0.02654385 -0.02182283 1.20788347
-0.00615886 -0.00807519 1.19352001
-0.13412935 0.02896252 1.27593799
-0.00490372 -0.01154471 1.20987208
0.00266426 -0.00654291 1.21478374
0.00335148 -0.01158181 1.21551450
0.00321073 -0.01538023 1.20329867
0.00909553 -0.00088863 1.22847742
0.00322110 -0.01986189 1.20019703
0.00159078 -0.01266931 1.19873610
-0.00199458 -0.01007974 1.20195896
0.00468621 -0.01085479 1.19782371
-0.00338703 -0.01994971 1.18588016
-0.01534243 -0.02193306 1.17907258
-0.04452672 -0.03853266 1.14832671
-0.01166927 -0.02848038 1.19234334
-0.00370002 -0.02085659 1.16631488
-0.00974340 -0.02093583 1.18940596
0.00317014 -0.02190085 1.18421165
-0.00785078 -0.01877119 1.15660074
-0.00654416 -0.01625107 1.16551397
-0.00423802 -0.01566377 1.16902701
-0.00360228 -0.01735490 1.16537157
-0.00050464 -0.00486760 1.17958862
-0.01321062 -0.02924883 1.12167428
-0.03968630 -0.03383590 1.14322328
-0.02148916 -0.03601103 1.12610212
-0.00510889 -0.01209296 1.14113394
-0.08040380 -0.04431463 1.15386360
-0.00851218 -0.01333898 1.14371639
-0.09372873 -0.04521986 1.18360961
-0.00829365 -0.01006945 1.14280054
0.03175878 -0.01952916 1.13452840
-0.00098943 0.00422476 1.11426185
-0.02569862 -0.02537560 1.09394156
-0.00999796 -0.01872746 1.11232672
-0.00915679 -0.02487449 1.10896158
-0.01706745 -0.02459012 1.09738113
-0.01149039 -0.02213107 1.10899718
-0.00613703 -0.02295786 1.11395833
-0.00272344 -0.02684037 1.11093324
0.00265278 -0.01689390 1.12175778
-0.06386673 -0.00059976 1.11621298
-0.00259691 -0.01897448 1.08576857
0.00086225 -0.01830866 1.09874421
-0.00361285 -0.01915703 1.09030916
0.00533258 -0.01891942 1.09654214
-0.00848523 -0.02067226 1.09624991
-0.01024102 -0.02301046 1.06563120
-0.00503725 -0.02857142 1.06892007
-0.00762333 -0.03590157 1.08608695
-0.05875201 -0.00788457 1.08756325
-0.00376077 -0.01595890 1.09450630
0.01191753 -0.01165984 1.09782950
0.00840693 -0.00632244 1.10248211
-0.00234040 -0.01278515 1.07328050
0.00498653 -0.00555157 1.09810537
-0.01822178 -0.02013818 1.05903036
-0.00792032 -0.01614511 1.08243130
-0.01302162 -0.01539217 1.06328879
-0.00706911 -0.01866804 1.06879919
-0.02562472 -0.02160730 1.07402270
-0.00129846 -0.01471948 1.07714404
-0.00354424 -0.01014080 1.06165807
-0.00736916 -0.01646375 1.05791851
0.00475905 -0.01107441 1.07777706
0.00223499 -0.01497001 1.08146168
-0.00049917 -0.01383068 1.05860537
0.00729392 -0.01270475 1.05460658
-0.00361859 -0.01176414 1.05935473
-0.00989016 -0.01585175 1.05967148
-0.00339025 -0.01389304 1.05150879
-0.00423506 -0.02087564 1.04954576
-0.02864069 -0.00073724 1.04200000
-0.00345220 -0.02155049 1.03961807
-0.00080282 -0.02293943 1.03227017
-0.00007980 -0.01881697 1.03677666
-0.00355723 -0.01361667 1.03151365
-0.00204136 -0.02254088 1.03088644
-0.00189293 -0.01666942 1.02363081
-0.00787266 -0.01518772 1.01709802
-0.00308707 -0.00867663 1.01504016
-0.01677508 -0.02444026 1.00845465
-0.00867320 -0.03192266 1.01949835
-0.00764345 -0.01695882 0.99804782
-0.00297688 -0.01762543 1.01925135
-0.00774433 -0.01973721 0.98960282
-0.04034439 -0.01378539 1.01956667
-0.00373408 -0.02109092 0.97013216
-0.00871200 -0.02288878 0.95766823
-0.00710083 -0.01714594 0.93014146
-0.00614419 -0.02028921 0.91562542
0.01439576 -0.01137103 0.90708333
-0.00281285 -0.01427611 0.86671272
-0.02982661 0.00303242 0.86493126
-0.00789046 0.01468870 0.83229317
-0.02062642 -0.01658043 0.81503837
-0.00927696 -0.02638284 0.78646376
-0.00035625 -0.00864339 0.78002411
-0.00107667 -0.00029925 0.77618435
-0.01002379 -0.01422145 0.72987556
-0.03308449 -0.02063544 0.71542486
-0.01142339 -0.00413922 0.69282218
-0.04910600 -0.02818524 0.63604210
-0.01824683 -0.00703670 0.63596490
-0.01977053 -0.01060629 0.61907544
-0.01597703 -0.00846360 0.60305168
-0.01966017 -0.00907586 0.59242808
-0.02751200 0.03229847 0.58567586
-0.03697776 0.00419210 0.56653214
-0.02436422 -0.00801622 0.55553853
-0.03444479 -0.00801756 0.54633477
-0.03469692 -0.00723174 0.52250731
-0.03622521 -0.02423272 0.47816320
-0.02281850 -0.00656353 0.48166053
-0.03186108 0.00254017 0.47457176
-0.04120522 -0.00502079 0.46880969
-0.03440989 -0.00734420 0.47099467
-0.04951143 -0.01111818 0.46389449
-0.04123742 -0.00509282 0.46874035
-0.02862178 -0.00534959 0.45505892
-0.03038934 -0.00452447 0.46508280
-0.03825625 -0.00836121 0.47240762
-0.05608152 -0.00455362 0.47199005
-0.05550944 0.00286449 0.47335134
-0.03930532 0.00054566 0.48099693
-0.04277307 -0.00721827 0.46041144
-0.04327653 -0.00426946 0.50073410
-0.06707484 -0.00898499 0.48564215
-0.07095908 -0.00230408 0.47682309
-0.06371292 -0.00627296 0.45644327
-0.05135764 -0.00777414 0.46112681
-0.05288285 -0.00938895 0.47330861
-0.05500163 -0.00735886 0.47792239
-0.04891327 -0.00715479 0.48000485
-0.03832950 -0.00616881 0.50626790
-0.03454786 -0.00832388 0.51437885
-0.03014233 -0.00919430 0.52066574
-0.01283391 0.00714343 0.52601989
-0.00580760 0.00822520 0.52674536
-0.03620633 -0.01422265 0.55194836
-0.02597975 0.00105621 0.56207677
-0.01757602 -0.01483030 0.57212061
-0.02302675 -0.00412555 0.59491706
-0.02294739 -0.00645476 0.60739790
-0.02177992 -0.00725376 0.63358080
-0.02315643 -0.00633376 0.64859138
-0.02152694 -0.00422720 0.66402306
-0.01777534 -0.00417988 0.70304153
-0.00684525 -0.00903834 0.69892752
-0.01991977 -0.01123868 0.73890473
-0.00982046 -0.01557526 0.74149825
-0.02233952 -0.01178777 0.77100142
-0.02515634 -0.01485690 0.78285615
-0.01547266 -0.01738786 0.76896627
-0.00791373 -0.02127761 0.75576667
-0.00170991 -0.02143895 0.76249169
-0.02914589 -0.01351238 0.79673549
-0.01436061 -0.01769339 0.77827158
-0.01066394 -0.02218195 0.77098951
-0.02055797 -0.01691293 0.78082850
-0.01733889 -0.02000281 0.77832515
-0.00595854 -0.02773499 0.76393790
-0.00925090 -0.01977212 0.77258016
-0.01599689 -0.01900331 0.78098930
-0.00789293 -0.01247299 0.77130895
-0.00571280 -0.02023045 0.76688918
-0.01576318 -0.02031809 0.77886688
-0.01435417 -0.00889433 0.77856011
0.00462747 -0.02329771 0.76244005
-0.03655403 -0.01187157 0.79536515
-0.01883448 -0.01844052 0.77670930
-0.00110040 -0.02109775 0.77018877
-0.00403844 -0.02503387 0.74785169
-0.01395473 -0.02030198 0.75943503
-0.02651578 -0.01236964 0.76834390
-0.00855991 -0.02105273 0.73909057
-0.00500500 -0.01509022 0.72777458
-0.01097318 -0.01748676 0.70507236
-0.00170422 -0.02794252 0.69408631
0.00040449 -0.01718275 0.67772347
-0.00430458 -0.01549990 0.66874994
-0.01244719 -0.01430094 0.66219487
-0.01285080 -0.01680289 0.65551905
-0.00533140 -0.01833428 0.64594523
-0.00581633 -0.01689537 0.64442168
-0.00633914 -0.01103887 0.63972040
-0.00579993 -0.01995952 0.62931945
-0.00677237 -0.01231953 0.62593570
-0.00440085 -0.01641362 0.62531991
-0.00784747 -0.01629416 0.62221471
-0.00489413 -0.01845794 0.62780813
-0.00500356 -0.01614857 0.62524373
-0.00296237 -0.01516237 0.61767066
-0.00807948 -0.01291964 0.61895527
-0.00431980 -0.01403462 0.61015115
-0.00613298 -0.01535433 0.60449685
-0.00966290 -0.01721163 0.61069992
-0.00420283 -0.01660114 0.60283340
-0.02237863 -0.00954479 0.62303721
-0.01615898 -0.01038616 0.61191699
-0.00622156 -0.01479877 0.59377023
-0.00144817 -0.01376796 0.58977946
-0.01471818 -0.01095566 0.60118292
-0.02311751 -0.00913738 0.59916557
-0.03736297 -0.01033815 0.60437998
-0.03034547 -0.01382778 0.59355260
-0.02276057 -0.00783304 0.57443208
-0.00903564 -0.01025941 0.53259603
-0.00126648 -0.01327361 0.51988327
-0.00153754 -0.01437065 0.50780295
-0.00615258 -0.01002817 0.50209218
-0.00062547 -0.00941125 0.48793889
-0.00234880 -0.01107264 0.47436786
-0.00605910 -0.00893364 0.46886296
0.00085777 -0.00486932 0.45438764
-0.01476275 -0.01458033 0.45350648
-0.00190138 -0.01023052 0.42679703
-0.00244970 -0.01135064 0.41221681
-0.00895867 -0.01126561 0.39735596
-0.00526711 -0.00612560 0.37226003
-0.00198439 -0.01252774 0.34662238
0.00057923 -0.01125667 0.32037572
0.00397897 -0.01057877 0.30429901
0.00041234 -0.00488487 0.29242021
-0.00186134 -0.00423431 0.28061911
-0.00597533 -0.00722316 0.27654677
0.00181468 -0.00300497 0.26780102
-0.00422339 -0.00574342 0.26315287
-0.00020718 -0.00457905 0.26039966
0.00172889 -0.00507139 0.26361236
-0.00433376 -0.00230591 0.25174960
0.00202726 -0.00383110 0.25741819
-0.00240123 -0.00180104 0.25200635
-0.00787480 -0.00833314 0.25633906
-0.00016929 -0.01171013 0.24780713
-0.00107502 -0.01561758 0.24539347
-0.00593195 -0.01337960 0.24937361
-0.01204868 -0.00947666 0.24917916
-0.01486793 -0.00877059 0.25001095
-0.01584908 -0.00922861 0.24431925
-0.00622741 -0.01518585 0.23153756
-0.01439848 -0.01409373 0.24012547
-0.01187108 -0.01056499 0.24007740
-0.01152740 -0.01160758 0.24323285
-0.00468314 -0.01160140 0.23630292
-0.01204051 -0.00947392 0.23983024
-0.01544727 -0.01183325 0.23853142
-0.01057098 -0.00595907 0.24004544
-0.00669101 -0.00884846 0.23684563
-0.00484895 -0.00826179 0.23600993
-0.00254475 -0.01267759 0.23156838
0.00297172 -0.00828870 0.23128308
0.00392201 -0.00673493 0.22589593
-0.00822101 -0.00586370 0.23453120
0.00174781 -0.00561537 0.22540663
0.00177480 -0.00352280 0.22306517
0.00175850 0.00616209 0.22154995
0.00441234 -0.00392948 0.22069706
0.00494287 -0.00267509 0.22728089
0.00400227 -0.00285496 0.23429473
0.00552788 -0.01187336 0.23946080
0.00648717 -0.00865533 0.25503969
0.00883878 0.00362562 0.27403795
0.01090116 0.00155719 0.28426551
0.00574997 -0.00138802 0.29311413
0.00828104 0.00263618 0.30152436
-0.00109746 -0.00917196 0.31782076
-0.00032445 -0.01291759 0.32132587
-0.00471730 -0.00962111 0.33513145
0.00415615 -0.01045061 0.33549802
0.00640487 -0.00350101 0.34633568
0.00525446 -0.01149859 0.35241479
0.00442517 -0.01315087 0.35570665
-0.01132202 -0.01252563 0.38846418
-0.00292475 -0.00513562 0.38012765
-0.00288354 -0.01078673 0.39137865
-0.00362497 -0.01081273 0.40363320
0.00782402 -0.01758605 0.40012633
0.01094410 -0.00477006 0.40688663
0.00542491 -0.02032978 0.41629041
0.00433623 -0.02491464 0.38485626
-0.03804111 -0.00897848 0.40416289
-0.03029054 -0.00784901 0.37214491
-0.03449487 -0.01147440 0.36914137
-0.02056883 -0.00643507 0.36218962
-0.03320068 0.00021234 0.39303829
-0.03673522 -0.01202093 0.37275166
-0.03900696 -0.01288752 0.35612493
-0.04333305 -0.00934206 0.35650604
-0.03522722 -0.01316732 0.33954785
-0.02515336 -0.01345123 0.33940604
-0.04871108 -0.01263370 0.35420478
-0.03057616 -0.01256956 0.35115624
-0.02538435 -0.01193697 0.35203825
-0.01958257 -0.01084150 0.35471598
-0.00972315 -0.00543594 0.36109481
-0.00534316 -0.00795643 0.35387760
-0.00543555 -0.00440606 0.34034251
-0.01341157 -0.00134207 0.30757850
-0.02666134 0.00450599 0.26955142
-0.01138063 -0.00910978 0.22270733
-0.03214120 0.00145673 0.20080825
-0.02085131 -0.00089468 0.15530516
-0.04187794 -0.01254843 0.11956128
-0.00379666 -0.00281648 0.06284084
-0.00401376 -0.00641213 0.03146179
-0.00190184 -0.00269318 -0.00275533
-0.00577105 0.00316847 -0.01310121
-0.04945651 -0.01111142 0.00993516
-0.05589026 0.00950374 0.03154156
-0.00570341 0.00111836 -0.00046054
-0.05092951 -0.00127759 0.02131184
-0.04167791 0.00498251 0.02594067
-0.05820427 0.00064819 0.02365805
-0.00524213 0.00510589 0.00308010
