0.01534398 -0.00667198 0.28850332
0.01630501 0.02841389 0.29141986
0.00225513 -0.00222052 0.29892171
0.00346889 -0.01579146 0.30578002
-0.03324801 0.00250069 0.31395387
-0.01156573 -0.00462950 0.32327792
-0.00955499 0.00101560 0.33784832
-0.04143334 -0.01810971 0.35280088
0.00485411 0.01319370 0.35996358
-0.01607553 0.00926675 0.37283662
0.00551555 0.00093827 0.38570143
-0.02616568 -0.01199089 0.39362853
-0.08062178 -0.01469669 0.39428070
-0.01256379 0.00624423 0.41723995
0.03967817 -0.00446244 0.42698598
0.03323420 0.00317345 0.44153574
-0.01192144 -0.01290865 0.45282907
-0.02360252 -0.01021605 0.46815467
-0.00227652 0.00308592 0.48216097
-0.00442165 0.00107585 0.50264328
-0.01348323 -0.00564356 0.50465933
0.01145456 -0.01012472 0.52519863
-0.04144374 -0.00376970 0.53442031
-0.04790654 -0.00256422 0.54790952
-0.04708074 -0.01169024 0.55849566
-0.02699700 -0.00612332 0.56822885
0.00961251 -0.00252893 0.58081158
-0.01697162 -0.00788679 0.58932962
0.06383977 -0.01407670 0.60336726
0.03570730 0.03405889 0.61407969
-0.01527515 -0.01154669 0.62999491
-0.00972642 -0.00798875 0.64258849
-0.01329351 -0.00930107 0.65618676
0.00092988 -0.00361184 0.66913520
-0.00357533 -0.00732214 0.68334600
0.01343544 -0.02984151 0.71191915
-0.01180479 -0.00196994 0.69008195
0.02156993 -0.02475771 0.71934653
0.06185067 0.03266188 0.73350076
0.05200707 0.01983403 0.74565519
0.00259376 -0.00217945 0.76220836
-0.04327586 -0.00272973 0.76977613
0.02675649 0.00419059 0.78775782
-0.01126221 0.00164507 0.79426696
-0.05215291 -0.00205890 0.82051948
-0.02787164 0.04098040 0.80657833
-0.00920180 0.00275973 0.82845785
0.00907506 0.03070218 0.83160557
-0.03642373 -0.01538196 0.84256627
-0.00352287 0.01776262 0.85076661
-0.01695982 0.00023171 0.86410701
-0.01602026 0.00635752 0.87116732
-0.00489758 -0.02001052 0.88810635
-0.06714670 0.00646696 0.89640183
-0.02255301 0.02951413 0.90775100
-0.04349082 -0.00883732 0.91738281
-0.00917649 -0.01219347 0.92861813
-0.02008260 -0.05247198 0.94038258
-0.03289765 -0.00948668 0.95428300
-0.01581803 -0.01036680 0.96911015
0.00244167 0.02436246 0.97427386
-0.01947895 0.00118043 1.00720051
0.01093544 -0.02866537 1.02414175
-0.00992377 -0.01508003 1.03030842
-0.07073021 0.05018780 1.03972208
0.16721517 0.00836277 1.04127372
0.01695761 -0.02819844 1.06357467
0.04800891 -0.04886354 1.06752931
0.15413557 -0.05108693 1.05911647
-0.03727752 -0.03629148 1.06780750
-0.11745160 -0.02466710 1.06104745
0.00963100 -0.05336704 1.06358077
0.03379585 -0.00315782 1.07575366
0.00335179 -0.01223979 1.07610071
0.00297602 0.00856032 1.07922921
0.01738109 -0.01257165 1.07472680
-0.01129445 -0.01405077 1.06593006
0.00335809 -0.02054923 1.06152346
-0.05314596 -0.02262347 1.05725661
-0.07972463 0.00270039 1.06460594
0.06369857 -0.01778504 1.06906943
-0.03565634 -0.01435738 1.07595269
-0.00762765 -0.00004583 1.07581640
-0.05730529 -0.03647918 1.07361643
0.00213878 0.00934417 1.07880229
0.02745833 -0.00778247 1.07316613
-0.07210112 -0.00536931 1.08291861
0.02562340 -0.01651362 1.07307236
-0.02543419 -0.02181973 1.08167666
-0.04573771 0.01088748 1.08386614
-0.00594518 -0.01626339 1.09067610
-0.04742836 -0.02873095 1.09106625
-0.02546763 -0.01427856 1.09499779
0.00819958 0.00662738 1.11243580
-0.02409716 -0.01735402 1.10840200
-0.01697637 -0.01807762 1.09544034
-0.02812805 -0.01889732 1.11329069
-0.01452365 -0.01650690 1.11599105
0.07845987 -0.03890183 1.12268564
0.07509269 -0.02442461 1.12735176
-0.04953683 -0.00751699 1.13976204
-0.06242664 -0.05993121 1.13642202
-0.00153447 -0.01396324 1.14338591
-0.02200247 -0.03802191 1.14555150
0.00646262 -0.02981650 1.15123800
-0.04348498 0.03488074 1.15731173
0.02798215 -0.05405366 1.16284023
0.04907942 -0.02149769 1.16816038
0.00670584 -0.01813838 1.17013683
-0.00921496 -0.01268550 1.17031346
-0.03258084 -0.01076446 1.18401375
0.04628777 -0.03106137 1.18901615
-0.01716379 -0.00725398 1.19123794
0.06110727 -0.04640780 1.19155133
-0.02472694 -0.04693233 1.20317901
-0.00343444 -0.00339292 1.20184391
-0.00804796 -0.01009121 1.20879473
-0.01219563 -0.00890426 1.21712294
-0.01100833 0.01809054 1.22240151
-0.22751843 0.00009402 1.20355095
-0.06043542 -0.03234424 1.22461471
-0.03000243 -0.02573636 1.22963107
-0.09494307 -0.02024997 1.23124528
-0.04947527 0.03067993 1.23621731
-0.03747550 -0.02174477 1.24302484
-0.00633410 -0.02509081 1.24528875
-0.05760563 -0.02298987 1.24652406
-0.02665917 -0.01341630 1.25527184
0.02958361 0.02823407 1.24977141
-0.06586930 0.00911798 1.26424328
-0.00144200 -0.02800522 1.26804968
-0.02687258 -0.01733423 1.27154506
-0.06377869 -0.00404680 1.27135365
-0.01055787 -0.00737947 1.27107030
-0.01807464 -0.02135484 1.27468505
0.01140704 -0.02277269 1.27392237
-0.01215597 -0.02345520 1.27721804
-0.03263873 -0.03106519 1.26582280
-0.01762349 -0.01770584 1.27236450
0.01391008 -0.01674159 1.31192196
-0.05243328 0.00640439 1.21712516
-0.00802765 -0.01494924 1.25469334
-0.03181920 -0.02929699 1.24930353
-0.02932367 -0.01599955 1.24708163
-0.09000283 0.01671406 1.23291139
-0.14774469 0.00349270 1.20480514
-0.00958475 -0.02184741 1.20272958
-0.01299895 -0.02090543 1.19902156
-0.00687725 -0.05025441 1.18741500
-0.00884056 -0.00621314 1.17691771
-0.02010071 0.00883317 1.16311834
-0.01770983 -0.02139704 1.15218144
-0.00809156 -0.02887840 1.13954192
-0.00060445 -0.02462758 1.13350205
-0.04743813 -0.06437751 1.12455327
-0.03994072 -0.02185117 1.12500029
-0.07730795 -0.05580025 1.11712348
-0.00346536 -0.03869649 1.11543987
-0.00269080 -0.02146269 1.11283266
0.08342258 0.00406987 1.10587689
-0.07081840 -0.00914831 1.09886284
0.17643743 -0.03600287 1.08206249
0.14532116 0.00208414 1.08371456
-0.07750973 -0.05402294 1.09292646
0.00662323 -0.01990884 1.09637021
-0.11820753 -0.02505238 1.08595592
-0.04228156 -0.01464494 1.08582488
0.07788678 -0.02819744 1.07958538
0.03610755 -0.01672910 1.06420687
-0.03076072 -0.00867628 1.05631461
-0.07869544 -0.01048851 1.04736839
0.05571934 -0.01276573 1.04095371
-0.01617002 -0.01243627 1.03528893
0.00976080 -0.01801057 1.02087215
-0.00763438 -0.02129239 1.01371597
0.00913658 -0.01328195 1.00345199
-0.01687278 -0.01298391 0.99443248
0.04820854 0.00462234 0.98727702
0.03185553 -0.04346708 0.97846504
0.01193975 -0.01411088 0.97058884
0.00431016 -0.00907140 0.96154479
-0.02268115 -0.01944033 0.95266213
0.04608569 -0.00212697 0.94274318
0.00803376 -0.01491293 0.91939299
0.01389564 -0.00860963 0.91347119
0.01980142 -0.01577142 0.88993684
0.01336972 -0.01057654 0.88605326
0.00225750 -0.00976351 0.87571662
-0.01494414 -0.01464390 0.87580956
0.00675620 -0.01356897 0.86903983
-0.00151781 -0.01693806 0.84245997
-0.02637340 -0.01069991 0.84624897
0.00774250 -0.01882757 0.84185307
0.02299599 -0.00306391 0.84468946
0.00888387 -0.01442477 0.83856644
0.03357336 -0.01720130 0.83991901
0.00573951 -0.01370195 0.84083209
0.03841900 0.00255153 0.83719839
0.01416769 -0.01211539 0.83553554
0.02777365 -0.00465114 0.83791212
0.03187358 -0.01299134 0.85234626
0.04858475 -0.01477637 0.82457172
0.02259721 -0.00694704 0.84466704
0.01240567 -0.00364525 0.84770702
0.02498442 -0.00456245 0.85608332
-0.00773282 -0.01361618 0.85640391
-0.01516890 -0.01279456 0.87160916
-0.02128940 -0.01171205 0.88281206
-0.01931845 -0.01802818 0.89724140
0.00083356 -0.00728939 0.89873872
-0.00526043 -0.01405979 0.91107183
-0.01932975 0.00010181 0.92624264
0.11322401 0.02650010 0.93149137
0.00719652 -0.01669613 0.94995825
0.00820758 -0.00874763 0.96165863
0.04318793 0.01475142 0.97123986
0.01245312 -0.01137156 0.98359490
0.01781955 -0.01283663 0.99491404
0.01810947 -0.01588784 1.02485738
-0.00503103 -0.00408132 1.00009668
0.01933296 -0.00297505 1.03347239
0.02856372 -0.00386011 1.04495014
0.02143886 -0.01774092 1.05981207
0.04212820 -0.00108883 1.06083874
0.00647826 0.00784879 1.07837860
0.00905160 -0.01461695 1.09284835
0.01881703 -0.00938916 1.09866839
-0.01320799 -0.00707848 1.11744848
0.01889192 -0.01172230 1.13005958
0.01314219 -0.01080939 1.13805607
-0.00563575 0.00831730 1.15270236
0.02631538 -0.00332412 1.16325428
0.00475070 -0.00222399 1.18053560
-0.02037239 -0.01565336 1.19863460
0.05381865 -0.03611817 1.20221626
0.00729851 -0.00430166 1.22899896
-0.04046681 0.01063784 1.22281139
-0.01164224 -0.01467629 1.24030650
-0.00271420 0.00138765 1.24650866
-0.01478271 -0.01490011 1.25405324
0.02414426 -0.01752366 1.27345820
0.01050079 -0.02949961 1.28365037
0.04245348 -0.02462760 1.28690135
0.09610451 -0.05805133 1.29384927
-0.11116522 0.03179883 1.30786372
0.04041482 -0.01850999 1.32286586
0.00027729 -0.01939655 1.33869529
0.01965727 -0.01730492 1.34395280
0.00759418 -0.01204783 1.36735701
0.06777190 -0.03518755 1.37584881
0.03411356 -0.01965817 1.37767121
0.11324753 -0.03882252 1.38224894
0.00619601 -0.01805236 1.39998600
-0.03764244 -0.07023753 1.40595313
-0.02378225 -0.00542573 1.42166631
0.01384018 -0.01381855 1.42504147
0.00292674 -0.02371960 1.43884381
-0.09929874 0.02804379 1.44541846
0.01722740 -0.02213167 1.44591849
0.00884394 -0.01306966 1.47097724
0.00602776 -0.02591802 1.46781540
0.02467935 -0.05073658 1.48654313
-0.00036175 -0.01269392 1.48686523
0.01276828 -0.00934869 1.48965056
-0.02202725 -0.03591665 1.50326612
-0.03557818 -0.02666821 1.50069234
0.03518228 -0.03431116 1.50628799
0.03311846 -0.02005359 1.50785716
0.06564842 0.01402049 1.51330427
0.01909754 -0.01544993 1.51933196
0.00867774 -0.02290079 1.52813339
-0.06083364 0.00351912 1.52603119
-0.02402752 -0.01060939 1.52703224
0.04396682 0.02076437 1.52955697
0.06155325 0.01080476 1.53768333
0.06427663 -0.03167867 1.53580708
0.02822640 -0.00877160 1.54482613
-0.07201626 -0.02192356 1.53900428
0.01924213 -0.03345631 1.53971654
-0.00623679 -0.02297593 1.52692246
-0.02790003 -0.00641161 1.51435613
0.00467707 -0.02548299 1.49866435
0.00385704 -0.02281973 1.48151245
0.01532668 -0.03041124 1.48353175
0.01698948 -0.01776316 1.46726647
0.01953674 -0.02305691 1.45551955
-0.00311253 -0.03256814 1.44001136
0.00776326 -0.01968787 1.42492690
0.00840414 -0.02670482 1.41594136
0.00175520 -0.02610487 1.39589019
-0.01269831 -0.03639150 1.38821988
0.00590701 -0.02060087 1.37198548
0.02041263 -0.02105382 1.35841571
-0.00225955 -0.02638884 1.34858445
-0.02139643 -0.03374621 1.33140474
0.01944735 -0.02398336 1.30577736
-0.00282479 -0.03630627 1.29605846
-0.01317442 -0.03652630 1.28899553
-0.01576309 -0.00662575 1.27927471
0.01095680 -0.02483403 1.26451474
0.00923449 -0.01922307 1.25521010
0.00760743 -0.01816821 1.24693215
0.01218069 -0.02910565 1.23812082
0.02330744 -0.01140642 1.22588555
0.00399484 -0.03198086 1.21336138
0.02134719 -0.03320310 1.20260105
-0.01219837 -0.02164772 1.19424479
0.00696070 -0.03426819 1.18835687
0.00688696 -0.00929713 1.19313120
0.02465501 -0.01111285 1.13926275
-0.01336322 -0.02712334 1.14031516
-0.00695254 -0.02272778 1.12497590
0.02500350 -0.01242095 1.11624498
0.01241969 -0.01609250 1.10043567
-0.00188696 -0.03410404 1.08223381
0.04128932 -0.01750824 1.07858641
-0.03789550 -0.01460998 1.07998278
-0.01925039 -0.01388916 1.07512828
-0.00373721 -0.01733431 1.05687715
-0.00629432 -0.02021789 1.04398784
-0.01263129 -0.02162867 1.03505242
-0.01934926 -0.02329479 1.02652234
-0.01699726 -0.00687104 1.02473200
-0.02824665 -0.02191048 1.01518568
-0.00870532 -0.01757930 1.01112694
0.00148334 -0.01174568 1.00402187
-0.00736497 -0.01696174 1.00810562
-0.00904330 -0.01338065 1.00560192
0.01834195 -0.00705000 0.98897582
-0.01699847 -0.02230921 0.98971027
-0.00320381 -0.01265388 0.99091329
0.00010410 -0.01137230 0.98976679
-0.01407275 -0.01265932 0.98737298
-0.02381946 -0.01521242 0.98396305
-0.02005993 -0.01148931 0.97563158
0.00722567 -0.02994315 0.97260172
-0.01586517 -0.00686630 0.97231156
-0.00865368 -0.02386162 0.97148668
-0.00793671 -0.00940945 0.96793365
-0.01911572 -0.01557476 0.96790839
-0.02693424 -0.01171348 0.96608523
-0.03047993 -0.01300578 0.96679163
-0.00072113 0.00512576 0.96270622
-0.00729818 -0.01786291 0.95875352
-0.00896530 -0.01214019 0.95705938
0.00800208 -0.01949771 0.95344250
-0.02242183 -0.01600487 0.94976740
-0.02420589 -0.00835040 0.94457614
-0.00947225 -0.01140267 0.94250873
-0.02788205 -0.02510468 0.94394274
-0.03613093 -0.03111042 0.94747841
0.01960971 -0.02776985 0.95118373
-0.01603180 -0.01121305 0.95785402
0.00302189 -0.00199149 0.96454490
0.00276244 -0.01814246 0.96971634
-0.01486369 -0.01077979 0.97387845
-0.00016236 -0.01327988 0.97857561
-0.01318218 -0.00430295 0.98207173
-0.02366517 -0.00763532 0.98710769
-0.02113672 -0.01089248 0.98698560
-0.01699858 -0.00653685 0.98903761
-0.01809386 -0.00747869 0.98980768
-0.04998406 -0.02133424 0.99102314
-0.03725493 -0.02189720 0.99666540
-0.04210783 -0.02192198 0.99953159
-0.02344523 -0.02191485 0.98166386
0.00051366 -0.00972292 0.98958343
0.01191594 0.01408741 0.99061531
-0.07606931 -0.04098821 0.98863620
-0.01361136 -0.02242989 0.98782022
-0.05098490 -0.02621745 0.98969809
-0.00826257 -0.00775436 0.98974953
-0.04071069 0.00749939 0.98515986
0.00128815 0.00612131 0.98968139
0.00371137 -0.01212611 0.98697122
-0.00754364 -0.01023942 0.98917401
0.00267608 -0.01943791 0.98730204
-0.01904334 -0.01217641 0.98555148
-0.02487988 -0.01945691 0.98084506
-0.01651221 -0.02150968 0.98025989
-0.04071578 0.00105502 0.97548281
-0.01812054 -0.00326200 0.97172397
-0.03728245 -0.00671484 0.96753711
-0.04489019 -0.01974490 0.95935269
-0.02687551 -0.00688001 0.96317107
-0.04379886 -0.02703221 0.96428216
-0.04970408 -0.01967453 0.94183267
0.03858694 0.00211528 0.94820573
-0.02973416 -0.00556754 0.94365979
0.01504005 0.00175344 0.94875639
-0.06633781 -0.03555155 0.93518353
-0.01444983 -0.03505058 0.93796503
-0.04324080 -0.00929463 0.93203852
-0.00512864 -0.00694702 0.93635016
-0.00027855 -0.01632730 0.93784707
-0.01266990 0.00748229 0.94113921
-0.00016814 0.00159979 0.94052692
-0.00533216 0.00152921 0.94462121
-0.00579468 0.00557224 0.95193806
0.02255466 -0.01574483 0.95865499
-0.00943753 -0.01102058 0.95458697
-0.03880502 -0.01473616 0.95396863
0.02182071 -0.02627643 0.95270106
-0.00736292 0.00313327 0.95616772
-0.01182169 -0.00405861 0.96310350
0.00157587 -0.01621529 0.96155102
-0.00885242 -0.01279747 0.96419838
-0.01075449 -0.00654835 0.96473259
-0.00710236 -0.01545383 0.97047070
0.01082958 -0.01104083 0.97189673
0.01198802 0.00508831 0.96393038
-0.01979967 -0.00478203 0.97392961
-0.02741804 -0.01436285 0.97882703
-0.04785548 -0.00970725 0.98486273
-0.00883062 -0.01635462 0.98703074
-0.01411067 -0.00918192 0.98589621
0.01988765 -0.02086826 0.98583607
-0.01980016 -0.01003527 0.98398195
-0.03018421 -0.01983443 0.98522528
-0.00552862 -0.02157567 0.98367128
0.01351155 -0.03286703 0.97899051
-0.10711372 -0.02842501 0.97319991
-0.03778596 -0.03919934 0.97709102
-0.02483135 -0.01285561 0.98456418
0.00765295 -0.01161455 0.97736545
-0.01149820 -0.01282009 0.97715731
-0.03517453 -0.01530244 0.97111398
-0.05633575 -0.02862983 0.98439726
-0.03581291 -0.01945705 0.96074012
-0.00621347 -0.02347864 0.97914563
-0.02841369 -0.03139969 0.97442168
-0.02089128 -0.01277321 0.97249166
-0.02487728 -0.01742646 0.98658092
-0.00795943 -0.01740461 0.97013202
-0.00174780 -0.00765563 1.00036268
-0.02584336 -0.01971766 0.97193850
-0.01870263 -0.01894894 0.99380319
-0.01542174 -0.01481846 0.99696810
0.03992816 0.00344735 1.00582085
-0.00691036 -0.00079575 1.01044143
-0.03812893 -0.01736770 1.01818956
-0.00606450 -0.01934346 1.01618197
0.01132244 0.00062788 1.02660312
-0.00258347 -0.00860472 1.03253486
-0.03155113 -0.01903141 1.03169796
-0.02196585 -0.01400600 1.04013141
-0.01993633 -0.00698089 1.04287562
-0.08098158 -0.01896022 1.04643736
-0.01088846 -0.01346622 1.05346000
-0.02328765 -0.02255638 1.05864132
-0.02338457 -0.01643021 1.05885415
-0.01751849 -0.01364245 1.06690717
-0.01237794 -0.02126847 1.06929298
-0.03167914 -0.01947082 1.07360639
-0.03402645 -0.01458052 1.07857596
-0.02598097 -0.02100176 1.08293349
-0.02162477 -0.01894761 1.09159175
-0.03733115 -0.03357816 1.09082669
-0.01727953 -0.01969922 1.09769120
-0.02337318 -0.00431423 1.10118469
-0.03365188 -0.03414661 1.10465932
-0.00788825 -0.01660797 1.10605361
-0.01581765 -0.02335726 1.10703342
-0.06341292 -0.01698173 1.11129679
0.00250411 -0.01236847 1.12136665
0.00119554 -0.01274440 1.12865835
-0.02541469 -0.01530954 1.12655547
-0.02222007 -0.01561426 1.13148478
0.01039237 -0.00268979 1.13374925
0.00421575 -0.03096088 1.13640861
-0.02098440 -0.02004731 1.13943125
0.02956654 -0.01040656 1.14372392
-0.00956767 -0.02134864 1.14487962
-0.00298783 -0.02825494 1.14102250
-0.01765737 -0.02217469 1.14162456
-0.01304443 -0.00729004 1.14087310
-0.01739891 -0.02920454 1.14382755
-0.02703914 -0.01470219 1.13810419
-0.03206226 -0.02974559 1.13543712
0.00045338 -0.01485312 1.13419482
-0.03478558 -0.02694638 1.13160570
-0.00620449 -0.01402444 1.12565806
-0.03339089 -0.01094715 1.12407067
-0.02794348 -0.02123927 1.12442792
0.00132178 -0.02978439 1.11824598
-0.04151425 -0.01743064 1.11597133
-0.02677708 -0.01316430 1.11393129
-0.02559169 -0.01973866 1.11221484
-0.02028082 -0.01883427 1.11062435
-0.00396931 -0.01989758 1.10926250
-0.01701743 -0.01536867 1.10915443
0.00112573 -0.01358834 1.10802588
-0.01281751 -0.02152773 1.10622881
-0.01947165 -0.02995712 1.10313934
-0.02271026 -0.00772361 1.10015685
-0.02955663 -0.01627613 1.10338574
-0.01987128 -0.01485777 1.09991869
0.00042713 -0.02703943 1.10141836
-0.00673977 -0.01826963 1.10228326
-0.02532591 -0.02747258 1.09775369
-0.05902548 -0.02297404 1.08796971
-0.00638022 -0.02442543 1.08703679
0.01170739 -0.01075177 1.08233428
0.00500026 -0.02129986 1.08152176
-0.00261825 0.00276236 1.07062431
-0.00867085 -0.02133640 1.06076199
-0.00592229 -0.02913599 1.04545458
-0.00905757 -0.01924063 1.03196260
0.00536153 -0.02658741 1.01344538
0.00142758 -0.02818330 1.00385073
0.01346911 -0.02104354 0.98513242
0.01307967 -0.00967412 0.96799836
-0.01012772 -0.02537899 0.95488963
-0.00211459 -0.02516374 0.94863791
-0.00507552 -0.03052335 0.94892978
-0.01189517 -0.02108478 0.94644892
-0.02237134 -0.01683104 0.93996906
-0.02593452 0.00305962 0.94040785
-0.03132567 -0.02240116 0.93607481
-0.02119608 -0.01329638 0.93162932
-0.02108984 -0.01616619 0.93034012
-0.02691091 -0.01830841 0.91858128
-0.04449540 -0.00515367 0.92504635
-0.05254931 -0.03908157 0.91944094
-0.03579785 -0.03629624 0.90701601
-0.04004573 -0.02940052 0.91917685
-0.03736169 -0.01836287 0.92327244
-0.02421687 -0.02057729 0.91037048
-0.05129593 -0.01872083 0.92365059
-0.05494199 -0.04181064 0.90690594
-0.04059013 -0.00277528 0.92472960
-0.07930145 -0.01555099 0.92412096
-0.04675847 -0.01728386 0.91670849
-0.04851784 -0.01581278 0.93154006
-0.05170848 -0.02026954 0.94161626
-0.01414706 -0.01783520 0.94706311
-0.03795314 -0.02009545 0.94858292
-0.02503222 -0.01970032 0.94975264
0.00168977 -0.01219604 0.96264409
-0.00208664 -0.01031444 0.97398401
-0.01999334 -0.01928856 0.98495756
0.00219671 -0.02325941 0.99119474
0.04141966 -0.01900039 0.99683199
0.02187495 -0.01545308 1.00817988
0.00321057 -0.00980421 1.01961156
-0.00439911 -0.01550567 1.03209505
-0.03460614 -0.01458618 1.04907536
-0.01933240 -0.00709707 1.06055620
-0.02136114 -0.02480112 1.07118570
-0.01467742 -0.01174067 1.08090035
-0.03182911 -0.01524270 1.08974972
-0.02522877 -0.00522287 1.09606009
-0.03418883 -0.01303193 1.10173956
-0.02058518 -0.00431768 1.11118575
-0.00005534 -0.01132834 1.11539942
0.00546911 -0.00946909 1.12268940
-0.00211742 -0.00123898 1.12424352
0.01941987 -0.02360155 1.12103972
-0.00567885 -0.01718412 1.12320631
-0.00892218 -0.02207763 1.12132157
-0.01352844 -0.02196772 1.12032911
-0.00703336 -0.02176208 1.12297906
0.02025941 -0.01309990 1.12386314
-0.02811349 -0.02042775 1.11980263
-0.02339075 -0.02138243 1.11598664
-0.06023403 -0.00019665 1.10955534
0.01094092 -0.01521262 1.10547801
-0.01323200 -0.02264327 1.10622153
-0.03032446 -0.03834088 1.10035235
-0.00714315 -0.01655013 1.09677095
-0.00043769 -0.01031346 1.09676351
0.00036080 -0.01245535 1.09255450
-0.01367545 -0.00845832 1.09375075
0.01811066 -0.01384284 1.09744583
-0.01696165 0.00342276 1.10125349
-0.01316664 0.01115856 1.10155920
-0.00179143 -0.02445495 1.10282400
-0.02599222 -0.01340393 1.10556397
-0.00607461 -0.02145234 1.10806681
-0.00912128 -0.01282186 1.11119398
-0.00212490 -0.02217362 1.10812813
-0.00543203 -0.00999038 1.10812585
0.01084387 -0.02435642 1.11486832
-0.01019348 -0.01575454 1.11626777
-0.01038822 -0.01593088 1.11811461
-0.00333871 -0.00400028 1.11853632
0.01161662 -0.02726704 1.12212590
-0.00987130 -0.01193451 1.12495073
0.01124837 -0.03042738 1.12191582
-0.00987813 -0.00332782 1.12069863
-0.05126045 -0.02236627 1.11734625
0.00197535 -0.00263204 1.11406183
0.01036418 -0.05198745 1.11215117
-0.00783323 -0.01406650 1.11432776
0.00013583 -0.01541390 1.10971299
0.00090975 -0.01774671 1.10775402
-0.01895533 -0.00033094 1.10894552
0.00205087 -0.00824947 1.10525659
0.01313592 -0.01015423 1.09905324
-0.00175357 -0.02195078 1.09213843
0.02444275 -0.01861738 1.08732540
0.00683503 -0.01894082 1.09175160
-0.00595531 -0.00652427 1.08294142
0.00471975 -0.01101735 1.07917910
-0.01846112 -0.01374237 1.07090623
0.02565454 -0.01023980 1.06257514
0.01112175 -0.01429328 1.06570241
-0.01595883 -0.00799064 1.05535698
-0.01194816 -0.01942961 1.04809987
0.00111792 -0.01946822 1.04493657
-0.00954825 -0.01908415 1.04146946
0.01117255 -0.02753400 1.03599392
0.05509067 -0.02021445 1.02547656
-0.00029419 -0.01625479 1.01986624
-0.00429106 -0.02373305 1.01117014
-0.01194917 -0.02369057 1.01225009
-0.00667306 -0.01142302 1.00694667
-0.02410625 -0.02313695 0.99836309
0.00399035 -0.01626334 0.99204344
-0.03756598 -0.02103045 0.98737981
0.01685290 -0.03025900 0.98613369
0.00606480 -0.02849317 0.98154903
-0.00173770 -0.01970698 0.97509687
0.01032839 -0.01692300 0.97138746
-0.01457295 -0.02470193 0.96372241
-0.02300900 -0.01753693 0.96476159
-0.02303282 -0.01796535 0.95916056
-0.01337820 -0.02347931 0.96033545
-0.00246436 -0.02290618 0.95355563
-0.01346792 -0.00327884 0.94245548
-0.00502762 -0.02333140 0.94492087
0.00908889 -0.02774232 0.93839858
-0.00135532 -0.01520037 0.93359468
0.02325669 -0.02581471 0.92514123
-0.00079837 -0.01671207 0.91515655
0.00379729 -0.02815619 0.90827437
0.01093952 -0.02538489 0.89722743
-0.03153523 -0.02284288 0.88546519
0.01099800 -0.02147456 0.87708802
-0.02030906 -0.02157830 0.85919456
-0.01789085 -0.01312956 0.84598691
-0.00411272 -0.00972006 0.83110008
0.00362449 -0.03143068 0.81881261
-0.01958293 -0.00970594 0.81150775
-0.01340426 -0.01037000 0.80602378
-0.00029017 -0.01063815 0.80153148
0.01059024 -0.01052242 0.79815869
-0.04541823 -0.03810269 0.79383946
0.00361476 -0.01747079 0.79366739
0.01430662 -0.00434514 0.79588369
0.01309754 -0.01203769 0.79389628
0.00530943 -0.01405179 0.79225883
-0.00269630 -0.02446783 0.80073943
0.05991367 -0.05135564 0.78084265
0.00832506 0.00553062 0.79121388
0.01614507 -0.00076042 0.79304805
0.03698578 -0.00947015 0.77796765
0.02750297 -0.01308301 0.79267653
0.04586568 -0.01064317 0.77291988
0.01230156 0.00288452 0.79577860
0.06025158 -0.01780050 0.79024416
0.04087490 -0.02543879 0.77508768
0.03369958 -0.02553080 0.79548015
0.03108576 -0.01574088 0.79626376
0.02345935 -0.00483237 0.78562015
0.02477989 -0.01119263 0.80355980
0.02690032 -0.01846160 0.79030547
0.02494520 -0.02333954 0.80941604
0.03120872 -0.01873328 0.81495037
0.01499391 -0.01153416 0.80450185
0.02769753 -0.01113248 0.82182519
0.02548219 -0.01915078 0.81041493
0.03397636 -0.01158021 0.82908065
0.02665406 -0.02451377 0.83589776
0.01174241 -0.02126757 0.82775369
-0.01735915 -0.00338425 0.84188957
0.00202907 0.02367111 0.84618096
0.01291999 -0.02427537 0.84183306
0.02248822 -0.00272707 0.85515260
0.01784857 -0.01356378 0.85323264
0.00608385 -0.01210084 0.86431386
0.01895228 -0.02217148 0.86446605
0.00552477 -0.01777732 0.85789886
0.01920368 -0.01849979 0.86778596
0.01578482 -0.02029298 0.87273304
0.02150928 -0.01466984 0.86306733
0.02647954 -0.01792261 0.87881017
-0.00790191 0.03066608 0.87982113
0.02609246 -0.01641291 0.87729990
0.03537597 -0.03628388 0.88502350
0.01711927 -0.02053507 0.87131291
0.03335698 -0.00809472 0.88215022
0.02707606 -0.01697259 0.88303822
0.03235949 -0.01462116 0.86400754
0.01608948 -0.00822032 0.87441786
0.03099641 -0.02656215 0.86986621
0.05800451 -0.01686150 0.85055008
0.01959815 -0.02054592 0.86762731
0.01398490 -0.01750773 0.85831496
0.04090318 -0.01099071 0.87149903
0.04351944 -0.01233665 0.87400629
0.02949162 -0.02034735 0.86848765
-0.01572909 -0.00485594 0.87641686
0.04413303 -0.00728614 0.88178911
0.06767504 -0.04367777 0.88064621
0.01039834 -0.02458045 0.89699632
0.02391410 -0.02081147 0.88685754
0.03176422 -0.02220677 0.89968093
0.05028572 -0.01470777 0.90157760
0.03930592 -0.01089116 0.89419547
0.02837069 -0.01463659 0.90960644
0.02543312 -0.01957654 0.91399324
0.02495274 -0.03318528 0.90888501
0.04370117 -0.02136994 0.92448461
0.01311482 -0.01437991 0.92238947
0.03241089 -0.02168148 0.93556270
0.02380675 -0.00666934 0.94058356
0.03886830 -0.01500528 0.94036845
0.03918471 -0.02904587 0.95188521
0.04842938 -0.01859124 0.95933888
0.02703706 -0.01912077 0.95611362
0.02766872 -0.02600786 0.97114304
0.03229619 -0.01530094 0.97062172
0.03992150 -0.00893289 0.98214900
0.02818756 -0.02066897 0.98886289
0.02483815 -0.01867095 0.98505773
0.02607445 -0.01059822 0.99921348
0.01691071 -0.01625468 1.00507764
0.05179728 -0.01330637 1.00993633
0.05031903 -0.03245341 1.02121733
0.02158060 -0.01856471 1.02360550
0.01385094 -0.01536600 1.02829587
0.01843635 -0.03022860 1.03558071
0.01476260 -0.01171550 1.03730782
0.02389588 -0.02701284 1.04795033
0.02933020 -0.01890474 1.04802041
0.01853941 -0.01733736 1.06249830
-0.01593116 -0.01346943 1.06372487
-0.02394148 -0.01335098 1.06507776
0.01197471 -0.03185301 1.07176119
0.00110155 -0.01605816 1.08081699
0.00993136 -0.01371237 1.09100501
-0.01901527 -0.02708168 1.08694212
0.04242934 -0.00360039 1.09378528
-0.01139914 -0.01570232 1.10143746
0.02243104 -0.02976999 1.10614535
0.02566872 -0.02561356 1.11153261
0.00985667 -0.01816335 1.11812895
0.01604507 -0.02105338 1.12047507
-0.00795718 -0.01442355 1.12323167
0.00975613 -0.03449288 1.12995646
0.02346179 -0.03908927 1.13571735
0.01370042 -0.02455230 1.14190790
0.01612233 -0.02281366 1.14651119
0.00686331 -0.03137894 1.15364714
0.01606577 -0.03038748 1.16087533
-0.01451762 -0.02227865 1.16982567
-0.00712607 -0.02121692 1.17296762
-0.02033261 -0.02774693 1.18653658
0.00504256 -0.02188307 1.17600928
0.03615007 -0.01022679 1.18683068
-0.00976605 -0.03064291 1.25896911
-0.00037753 -0.00975949 1.13677010
0.00075860 -0.02959803 1.20684606
-0.00924260 -0.01434616 1.21668774
-0.00742640 -0.02804470 1.22514917
0.00477410 0.00535730 1.22966481
-0.00618927 -0.02106568 1.23347308
0.00372523 -0.04567624 1.23904767
-0.00307160 -0.01986722 1.24613714
-0.01929718 -0.02086531 1.24951161
-0.01576939 -0.02904766 1.25393624
-0.01414130 -0.03212118 1.26525861
-0.00791850 -0.04402447 1.27540821
-0.01048468 -0.01954716 1.27651059
-0.00942791 -0.02554350 1.28333813
-0.01881510 -0.02704083 1.29024023
0.00966582 -0.02374772 1.29681590
-0.01030863 -0.02093001 1.31189321
-0.00186940 -0.02032023 1.32630270
0.00426104 -0.02021224 1.32511480
-0.02327053 -0.02649317 1.33028759
-0.00424612 -0.01720859 1.33927854
-0.00292308 -0.02990673 1.34650616
-0.00479386 -0.03018547 1.35644751
-0.00489759 -0.02386557 1.36110606
-0.00415480 -0.03439346 1.36765745
-0.00285290 -0.02207548 1.37491917
-0.03899275 -0.04395484 1.37944176
-0.00716455 -0.02276439 1.38898437
-0.02664273 -0.03591128 1.39363202
-0.01354196 -0.02132070 1.39723482
-0.01785321 -0.03174116 1.40162893
-0.01398313 -0.03045299 1.40231133
-0.01773243 -0.03679320 1.40996139
-0.00493746 -0.02984329 1.40731144
-0.00895722 -0.02319420 1.41183578
0.00103739 -0.02252708 1.40948599
-0.00864233 -0.03625681 1.41188764
-0.02452110 -0.03089576 1.41213596
0.00090609 -0.02196840 1.41155971
-0.00096024 -0.02291945 1.41041100
0.01830211 -0.02018955 1.40810493
-0.01353915 -0.02715813 1.41096938
-0.01923171 -0.03756585 1.41097484
-0.00922411 -0.02195542 1.40709029
-0.03361056 -0.01944356 1.41203526
-0.00715554 -0.00465580 1.41647078
-0.00259763 -0.03152211 1.40614876
-0.00773089 -0.03092608 1.40194493
-0.00102887 -0.02651383 1.39772019
-0.00415258 -0.03377329 1.39361896
-0.00946208 -0.03141577 1.39015760
0.00373161 -0.02737306 1.39508826
-0.00570385 -0.00578229 1.39302429
-0.00524235 -0.03775304 1.38851512
-0.00814512 -0.01959318 1.38700468
-0.00181652 -0.02218396 1.38204343
0.00401884 -0.03208910 1.38630266
-0.00020720 -0.02944859 1.37618466
-0.02251083 -0.02772423 1.37535565
-0.00825784 -0.02791947 1.36896961
0.01076991 -0.02501170 1.36632971
-0.00289252 -0.02601487 1.36550292
-0.03349234 -0.03689739 1.35436280
0.00954759 -0.02952896 1.35142111
0.00749383 -0.03037075 1.34786693
0.02237484 -0.04282531 1.34451588
-0.00729110 -0.01992612 1.33920477
-0.01615107 -0.02840944 1.33290493
-0.01088217 -0.02609756 1.32136853
-0.01419283 -0.03767538 1.30079985
-0.00743968 -0.02941403 1.28843540
-0.00521012 -0.03061282 1.26982604
-0.01135824 -0.03533158 1.24678126
-0.07014083 -0.02888032 1.22404458
-0.01924323 -0.00941736 1.20578135
-0.00413215 -0.02784194 1.19153916
-0.00520788 -0.03009374 1.16719209
-0.02389003 -0.03643053 1.14641979
-0.00001673 -0.01930416 1.12276662
-0.00967702 -0.01514249 1.10273090
-0.01264260 -0.01896128 1.08521077
-0.00815468 -0.04356474 1.06825132
0.01584599 -0.00681445 1.06199423
-0.02041926 -0.03202679 1.04956237
-0.00247797 0.00587126 1.03933260
-0.03426229 -0.02528493 1.03242475
-0.03572832 -0.02753367 1.01857444
-0.03747320 -0.04662717 1.01187493
-0.03992706 -0.01727150 1.00579440
-0.05491578 -0.03209219 1.00856956
-0.00494704 0.00544948 1.00979826
-0.02544139 -0.01981937 1.01354785
-0.05979470 -0.02148187 1.00746129
-0.02344323 -0.00582396 1.01221103
-0.04396840 -0.02406780 1.01143466
0.00649438 -0.00342133 1.00186523
-0.02793872 -0.01717284 1.00028017
-0.01866310 -0.02302824 1.00307966
-0.03476367 -0.01231834 1.00384140
-0.03632536 -0.02907577 1.01053282
-0.01912764 -0.02471840 1.00247882
-0.02912987 -0.02451176 1.01115093
-0.03784210 -0.00810504 1.02179583
-0.04518101 -0.03284308 1.01675821
-0.04198938 -0.02325265 1.03289289
-0.01363766 -0.01024629 1.04232859
-0.04866264 -0.02216116 1.03752174
-0.02938576 -0.02108082 1.05560590
-0.06873890 -0.02291109 1.05822031
-0.05549559 -0.03152106 1.04518939
-0.03842921 -0.01559672 1.06523406
-0.04378361 -0.01888322 1.05582498
-0.04607554 -0.02400509 1.07586097
-0.05585737 -0.00309996 1.08054705
-0.01742776 -0.01255111 1.08188215
-0.06708677 -0.01197546 1.09782145
-0.03170608 -0.03049932 1.10278098
-0.05122978 -0.02603062 1.08910720
-0.05819244 -0.01621727 1.10545365
-0.03707962 -0.01842842 1.10425265
-0.04090608 -0.01260475 1.12375077
-0.04004660 -0.01569672 1.13007689
-0.03754099 -0.02525061 1.11783737
-0.01318707 -0.01962494 1.14116700
-0.02863131 -0.02990879 1.13783197
-0.03379117 -0.03410713 1.13149214
-0.03421708 -0.02127259 1.14491331
-0.05053557 -0.02097386 1.13708897
-0.04892077 -0.01654757 1.15637946
-0.03847420 -0.02037762 1.15704080
-0.02712276 -0.04237947 1.15348578
-0.02069504 -0.03240625 1.16535733
-0.02866091 -0.02629978 1.16308577
-0.01505657 -0.02356186 1.17153060
-0.02305750 -0.03165889 1.17429850
-0.01731473 -0.02341709 1.18015351
-0.01474401 -0.01825218 1.18405752
-0.01462894 -0.02353462 1.17476653
-0.00642980 -0.02261744 1.17414672
-0.00781866 -0.03252429 1.16943686
-0.02111781 -0.02451644 1.17111458
-0.02404710 -0.02318692 1.16756696
-0.02418592 -0.03354832 1.16252099
-0.00449320 -0.02456323 1.16109900
-0.00803268 -0.02984138 1.15431923
-0.00250180 -0.01015146 1.15040847
-0.01463913 -0.03677631 1.13361905
-0.01542021 -0.03223560 1.12447122
-0.00455761 -0.03417449 1.11141064
-0.01811828 -0.03282759 1.10297461
-0.00246960 -0.02865147 1.07964194
-0.00113834 -0.03532812 1.05887222
0.01132601 -0.02508519 1.04638970
0.00061012 -0.02282360 1.02279793
-0.00555008 -0.02573013 1.01241565
0.01317745 -0.02400661 0.99370201
0.01941371 -0.02323472 0.96742100
0.02261907 -0.01954322 0.95835501
-0.00695953 -0.02326740 0.93566016
0.03180860 -0.03188063 0.90989929
0.02468761 -0.01411807 0.88917302
0.01710910 -0.02315359 0.85003595
0.00589053 -0.02790764 0.84362649
0.01022062 -0.01276438 0.81611224
0.01280881 -0.01042610 0.81661505
0.01239606 -0.01584535 0.81055688
0.01191288 -0.01585866 0.77559190
0.04151570 -0.02000844 0.78525048
0.04835175 -0.02844998 0.74442054
0.03047872 -0.01756343 0.75383435
0.03799313 -0.01694968 0.75746594
0.06170549 -0.01225804 0.71447069
0.03681257 -0.02206398 0.75316124
0.03955738 -0.01182555 0.71457691
0.05974916 -0.00523326 0.75685847
0.03239770 -0.02517988 0.75944577
0.03710168 -0.01027978 0.72582755
0.06022223 -0.00616696 0.74338535
0.05069979 -0.02096270 0.71099183
-0.08961392 -0.02230278 0.72655177
0.00718099 -0.02389848 0.72681957
0.03311924 -0.00593620 0.71259306
0.04916043 -0.01477602 0.73117755
0.05597702 -0.02501060 0.71702916
0.01626562 -0.03827480 0.72931122
0.01761676 -0.00455969 0.73278834
-0.02262054 -0.04975824 0.72674650
0.00040567 -0.00845893 0.73365293
0.00665133 -0.02672547 0.73664903
-0.05034078 0.00389148 0.73801275
0.02970171 -0.01864030 0.74285763
-0.00431364 -0.02916839 0.74878882
0.03978756 -0.00983213 0.74843587
0.01643371 -0.00281646 0.75142717
0.02929935 -0.03051405 0.74978042
0.04717795 -0.00653631 0.75152771
0.04184510 -0.04776232 0.74412978
0.03996288 -0.00606916 0.74870695
0.02554065 -0.02376306 0.75156468
0.04570984 -0.03395845 0.75480491
0.03412008 -0.01120829 0.75385195
0.04753929 -0.01537181 0.75436328
0.02336801 -0.00046187 0.74410528
0.03401448 -0.02317202 0.73472668
-0.03390728 -0.06265929 0.74193217
-0.03019281 -0.04576036 0.72085211
-0.01863400 -0.06211686 0.72808840
0.00904987 -0.01658271 0.70050853
0.00560446 -0.01235684 0.69023206
0.03410095 -0.02951131 0.69567811
0.04304164 0.01005682 0.68253387
-0.11346137 -0.10040083 0.66945958
0.00923600 -0.02849132 0.69701503
0.03569301 0.00005557 0.68959869
0.06519801 0.01103421 0.69894699
0.07572062 -0.00985007 0.68942545
0.00744842 -0.04286121 0.68939872
0.07796982 0.01389928 0.70565500
0.03531928 -0.00207490 0.69496085
0.00792826 -0.01496890 0.69205735
-0.02289030 -0.04798372 0.71190598
-0.04045440 0.00219038 0.68977445
0.00363906 -0.01571403 0.72885692
0.03021585 -0.01593619 0.70639423
0.02834796 -0.02539790 0.70424709
0.00524106 -0.00007955 0.73234448
0.04240271 -0.00563470 0.70982427
0.03089246 -0.00353364 0.72237015
0.02157120 -0.03311356 0.75336817
0.05478016 -0.01679689 0.73471809
0.00810707 -0.00507186 0.76200632
0.01788610 -0.01054406 0.75214968
0.03796148 -0.01236481 0.76132984
0.02140819 -0.01506689 0.77988280
0.01359040 -0.01446178 0.78310246
0.01811854 -0.01292161 0.79412340
-0.00352984 -0.00539007 0.80662688
0.02280719 -0.02432089 0.81181467
0.01317399 -0.01455715 0.82740802
-0.00284620 -0.00998599 0.83787117
0.00525571 -0.00608701 0.84644503
0.00771668 -0.01944857 0.85765188
0.02024237 -0.00934643 0.86471693
0.00385211 -0.00894103 0.86979254
0.00318860 -0.01722890 0.89050920
0.00444003 -0.01445099 0.89861978
-0.01164612 -0.00433933 0.90704518
-0.01136592 -0.01584813 0.91432161
-0.00938460 -0.00946937 0.92247509
-0.00201721 -0.01304862 0.93509313
0.01328812 -0.01394040 0.94447311
-0.01590886 -0.01636429 0.95683884
0.01408376 -0.00997664 0.95809748
-0.00444972 0.03016150 0.97109781
-0.00345651 -0.03903291 0.97912151
-0.01402255 -0.02926257 0.98534411
-0.00224717 -0.00601135 0.99464724
0.00762473 -0.02339051 1.00204978
-0.00358548 -0.01014047 1.00271500
0.00878892 -0.01572929 1.00623760
0.00127767 0.00112059 1.00871668
0.02994444 0.00454368 1.01281448
-0.00664311 -0.02122937 1.01282586
0.00120088 -0.01426600 1.01439752
0.00020083 -0.02502204 1.02177612
-0.00082409 -0.00549385 1.02292496
-0.01858130 -0.03070004 1.01675874
-0.04126422 -0.03359418 1.01631454
-0.02210513 -0.02735538 1.01908083
-0.00385700 -0.00899289 1.02024739
-0.02827416 -0.05092552 1.01881913
-0.00078057 -0.01460716 1.01960353
-0.01984427 -0.01473883 1.01563729
-0.00657712 -0.01857776 1.01867654
-0.02983310 -0.02680557 1.01466175
-0.02229784 -0.00604402 1.02064232
-0.04880755 -0.03203301 1.01516751
-0.00872708 -0.02323322 1.01515986
-0.06840198 -0.03163661 1.01827854
-0.01495892 -0.01682944 1.01028922
-0.03325707 -0.01576992 1.00623336
-0.01840720 -0.03016106 1.00802245
-0.02940503 -0.01048932 1.00667850
-0.01500429 -0.02171247 1.00605610
-0.01310234 -0.00448495 1.01055044
-0.00024841 -0.01921818 1.00739131
-0.00800631 -0.03383971 1.00160882
-0.03659464 -0.01923866 1.00823781
-0.05373597 -0.02967023 1.00084016
-0.05523695 -0.02096964 1.00733405
0.00263594 -0.03760054 1.00316870
-0.02880593 -0.01154229 0.99980426
-0.02514296 -0.01372118 1.00527736
-0.04179426 -0.01571105 0.99956457
-0.02288794 -0.03039603 1.00582595
-0.02717246 -0.01535303 1.00529132
-0.01120208 -0.02236304 1.01293132
-0.00391520 -0.00109158 0.99591148
0.00113835 -0.02589668 0.99993606
-0.04803455 -0.01479736 0.99897993
-0.01445559 -0.01850630 1.00275281
-0.03930574 -0.03292251 1.00040645
-0.01863206 -0.02088657 1.00611362
0.00255724 -0.02548664 1.00709266
-0.04281845 -0.02249541 1.00275395
-0.02390758 -0.03141238 1.00125413
-0.01882459 0.00115277 1.00164882
0.01139648 -0.01565016 1.00182161
-0.02473714 -0.01864307 0.99766565
-0.00761587 0.02022796 0.99414332
0.00451461 -0.00832931 0.99280055
-0.04111790 -0.05084558 0.98755580
-0.04225407 -0.02254703 0.98528493
-0.01150241 -0.06131585 0.98275784
0.00315717 -0.02484431 0.98169332
-0.00188351 -0.02229746 0.97495592
-0.04499191 -0.04301656 0.97648974
-0.02645007 -0.02142996 0.97390923
-0.02220039 -0.03214500 0.96762130
-0.00878851 -0.02286499 0.97814644
-0.01816758 -0.02373420 0.93092330
-0.03067601 -0.02200116 0.94268914
-0.01496058 -0.02385670 0.93004729
-0.01286319 -0.02462963 0.91995610
-0.04507815 -0.03802388 0.90218105
-0.00943381 -0.01404509 0.88358126
0.03477201 -0.01966722 0.86337652
-0.04421082 -0.00726035 0.83251278
-0.00535821 -0.02779217 0.80695165
-0.02860967 0.00818983 0.79118447
-0.05120859 -0.01496686 0.76118384
-0.01548399 -0.00519773 0.73896570
-0.05917614 0.02128707 0.71498038
-0.00289749 -0.01220681 0.69998036
-0.01206693 -0.00303522 0.69474036
-0.01272475 -0.01564069 0.69673131
0.01535921 -0.01784672 0.69375901
0.00604033 -0.01391387 0.68340181
0.00235022 -0.00616890 0.67313760
0.00120160 0.00005903 0.67032102
0.00774480 -0.04155748 0.66113383
0.01888434 -0.01005475 0.65545509
0.06890489 0.00078026 0.66201857
0.08355506 -0.00212427 0.63431444
0.03921280 -0.01864463 0.65350605
0.04217004 -0.00543832 0.62447770
0.05603258 -0.01413449 0.65530086
0.07852132 -0.01852370 0.61787373
0.05196993 -0.01367914 0.61430849
0.03501407 -0.01447875 0.65642747
0.02703699 -0.00572366 0.61727293
0.05431011 -0.00294978 0.66374569
0.05003435 -0.02441286 0.63034109
0.04708126 -0.01790573 0.63843401
0.05442719 -0.02497145 0.68156472
0.04399958 -0.01841790 0.64424383
0.01124171 -0.03110468 0.69235281
0.04933967 -0.01635882 0.65717035
0.08246649 0.00589181 0.65194910
0.05295204 -0.00695094 0.69977223
0.02033474 -0.01070674 0.67094444
-0.01670196 -0.01996883 0.70617935
0.03828654 -0.00857932 0.69404537
0.01136029 -0.00099716 0.70780023
0.03599198 -0.01451656 0.73765437
0.03853481 -0.02259215 0.73502635
0.02531197 -0.01300407 0.75437817
-0.03401844 -0.00194612 0.76850185
0.02907792 -0.01296164 0.77672639
0.01156728 -0.00318379 0.80597416
0.01100554 0.00627682 0.80690657
-0.03014462 -0.01347612 0.82866143
0.00283726 -0.00615272 0.84290268
0.02879012 -0.02482690 0.86031399
-0.03524838 0.00585604 0.87589631
-0.00045530 -0.01091595 0.89273773
-0.00849553 -0.01170952 0.90979758
-0.02726687 -0.00954708 0.92127849
0.00569706 -0.01104569 0.93613790
-0.00809699 -0.01317021 0.94107944
-0.00023474 -0.01308144 0.95841311
0.00586168 -0.01217138 0.97000880
0.01503234 -0.01282091 0.97617357
0.01230720 -0.02877743 0.99203727
-0.02075036 -0.01359106 0.99783741
-0.01877598 -0.00838634 1.00614639
-0.00895341 -0.00738579 1.01849016
-0.01210290 -0.01165967 1.02840697
-0.01031314 -0.00018033 1.03247841
-0.00866836 -0.01473277 1.04145244
-0.01827357 -0.01688494 1.03978932
-0.03062673 -0.02839378 1.05084510
-0.00997507 -0.00060745 1.04827097
-0.01965500 -0.01714567 1.05296530
0.00157354 -0.00450392 1.05524589
-0.04178137 -0.02246563 1.06041338
-0.02101109 -0.00915751 1.05962647
-0.00705220 -0.02630054 1.05954888
0.00617065 -0.02388209 1.06673198
-0.00496316 -0.03413185 1.06911531
-0.07102697 -0.01584233 1.06611507
-0.04361780 -0.01437288 1.06262630
-0.04012846 -0.02222710 1.07175242
-0.02402753 -0.02312002 1.05840398
-0.03577728 -0.01500932 1.06738765
0.00072795 -0.00946549 1.07280853
-0.00136865 -0.01590469 1.06782446
-0.04260570 -0.01193346 1.07068557
-0.07842735 -0.04191769 1.06421464
-0.02031787 -0.01631069 1.06358439
-0.02598278 -0.01619779 1.07453699
-0.05011515 -0.02254370 1.07305554
-0.01643522 -0.01754124 1.07849343
-0.02604639 -0.03201708 1.08594840
-0.01274356 -0.00779659 1.08571834
-0.03256300 -0.01517283 1.09489955
-0.00093532 -0.02063805 1.09764333
-0.01491756 -0.01868401 1.10824418
-0.01243097 -0.01496865 1.11118914
-0.00096133 -0.00596653 1.11521690
-0.01496649 -0.01035379 1.11845366
-0.01651486 -0.02056849 1.12080838
0.03165091 -0.02566810 1.12370954
-0.05800899 -0.01489676 1.13005171
0.00760546 -0.02975646 1.13587675
0.00655111 -0.02820104 1.14129592
-0.02750518 0.00633707 1.14596799
-0.00974738 -0.01789887 1.15950507
-0.00300308 -0.02673712 1.15647074
-0.01566247 -0.01237632 1.16345453
-0.02673919 -0.01360086 1.16792684
-0.00598143 -0.01204651 1.17866556
-0.00450881 -0.01942005 1.18618380
-0.02215265 -0.00769508 1.19401520
0.00327718 -0.02643167 1.20118987
0.03219114 -0.02066425 1.19956315
-0.01777608 -0.02637131 1.21086370
-0.04063957 -0.04218899 1.21556767
-0.00843912 -0.00696531 1.22645770
-0.03706114 -0.02423211 1.22701359
-0.01185213 -0.01708814 1.23489910
-0.03634953 -0.01994572 1.24507151
-0.01832886 -0.01685575 1.25552639
0.00150066 -0.01775268 1.25598236
0.00614799 -0.01421066 1.25800660
-0.00529736 -0.01346067 1.26154739
-0.00696793 -0.01123500 1.26929825
0.00163315 -0.01455085 1.27325993
-0.01479229 -0.01170979 1.28054848
-0.01478287 -0.04115886 1.28558268
-0.00953530 -0.02598159 1.28264489
-0.00503703 -0.02168450 1.28860838
0.00098221 -0.02402033 1.29844625
-0.00636849 -0.01944095 1.30543814
-0.01285792 -0.03462314 1.30316662
0.01655524 -0.03274425 1.30464595
-0.00778556 -0.02575747 1.29446095
0.00499688 -0.03517697 1.29949078
-0.00847205 -0.03522597 1.30301472
0.02950394 -0.01746983 1.30990727
0.00180363 -0.02586003 1.31998232
-0.00840248 -0.02056365 1.32226171
-0.01720069 -0.02053128 1.32839201
-0.01428426 -0.02571281 1.33071207
-0.01223882 -0.02682469 1.32816254
-0.03002521 -0.02724037 1.33188848
0.00921660 -0.02474772 1.34540973
-0.00044940 -0.02326323 1.34915883
0.01212635 -0.05095035 1.35562567
-0.01939597 -0.03493928 1.36082839
-0.00047710 -0.02905456 1.36514958
-0.03005966 -0.01440978 1.36286198
-0.03068414 -0.03273052 1.36602501
-0.01867742 -0.02720685 1.36832771
-0.03781148 -0.01706599 1.36575357
-0.01578639 -0.02052291 1.37493897
-0.04068226 -0.01437180 1.37389954
0.00238974 -0.02890570 1.38005015
-0.02556924 -0.02645772 1.37927735
0.02549864 -0.02278094 1.38133100
-0.00021010 -0.02175184 1.39715375
-0.00205633 -0.00928551 1.39603325
0.00248355 -0.03123107 1.40211963
-0.00200923 -0.01939046 1.40760444
-0.00200699 -0.02024461 1.41844291
-0.00474807 -0.02316867 1.42416942
-0.00880374 -0.01603869 1.43545730
-0.00237933 -0.00413518 1.43409615
-0.00622596 -0.02950502 1.43865358
-0.00859538 -0.02925734 1.44487633
-0.02250992 -0.03239407 1.44542457
-0.00486753 -0.01930463 1.44438159
-0.02187604 -0.02899639 1.45376861
0.01306850 -0.01462403 1.45780115
-0.02250699 -0.02829338 1.46206940
-0.02263346 -0.03022898 1.47322321
-0.07303012 -0.00204509 1.46827139
-0.01034112 -0.02726431 1.47972502
-0.01361767 -0.02591338 1.46469876
0.03699546 -0.00891508 1.47554633
0.01684599 -0.02877410 1.47341258
0.01014763 -0.03297884 1.47760246
0.02021012 -0.02891084 1.47815820
-0.04118817 -0.02692813 1.47018438
0.05055561 -0.03585292 1.47711118
0.02212013 -0.00956115 1.47271339
-0.02370962 -0.02120739 1.47889668
-0.01000665 -0.03091160 1.47739813
-0.01647905 -0.03082160 1.47277206
0.01755447 -0.03413616 1.48260701
0.01582867 -0.03120397 1.47310189
-0.03266905 -0.03330527 1.46612027
0.00710452 -0.01738965 1.46974363
-0.01758710 -0.02914600 1.46654584
-0.03101769 -0.02683070 1.47084306
0.00654975 -0.04245740 1.46910789
-0.01593525 -0.02597608 1.46148307
-0.02854601 -0.02949426 1.46345777
-0.00545082 -0.00543966 1.46566335
-0.02990697 -0.03179790 1.46710286
-0.01183184 -0.02100091 1.46929882
0.00337353 -0.03016944 1.46614554
-0.00254849 -0.03448816 1.46737300
-0.02422300 -0.02745530 1.46422640
-0.01648762 -0.03801387 1.46040508
-0.00349164 -0.03218595 1.45569120
-0.00867360 -0.04339941 1.46053319
0.01256935 -0.03710593 1.45583573
-0.01502652 -0.02746819 1.45496501
-0.00217197 -0.01920478 1.45560213
-0.00853996 -0.03157721 1.45790737
-0.03282734 -0.02154631 1.45741810
-0.02635717 -0.02322300 1.45560272
0.00123448 -0.03331160 1.46151657
-0.03099970 -0.02925512 1.44700360
-0.01088948 -0.02472177 1.44892027
0.00210202 -0.01862004 1.45645518
-0.00460329 -0.02467806 1.45719680
-0.01543320 -0.03633435 1.45621896
-0.01271378 -0.02828516 1.44018967
-0.02134580 -0.03103321 1.44139226
-0.00381446 -0.02204952 1.44169559
-0.00930441 -0.02736416 1.44633854
-0.02037069 -0.02588557 1.44290588
-0.00401581 -0.02186036 1.44652688
-0.01270190 -0.02266597 1.44129645
-0.00691374 -0.02383055 1.44384092
-0.02214249 -0.02730266 1.43614406
0.01277097 -0.03353236 1.44324938
-0.02345256 -0.02494495 1.44659373
-0.00842400 -0.02033474 1.44937357
0.00292448 -0.03367531 1.44804920
-0.01310478 -0.03333956 1.44812079
-0.01880109 -0.02654398 1.45509600
-0.01441494 -0.01736066 1.45224690
-0.01552673 -0.02453251 1.45405921
-0.01360359 -0.02582612 1.45351131
-0.00752709 -0.02951888 1.45540474
-0.00043205 -0.02757059 1.45289290
0.00948632 -0.04263903 1.45061711
-0.04082077 -0.03136837 1.45337450
-0.02673150 -0.02947966 1.44823691
-0.02986625 -0.03272593 1.45847995
0.00758596 -0.01793340 1.44936622
-0.00657426 -0.02898016 1.44756821
-0.03405720 -0.01928026 1.44296546
-0.00056410 -0.03803970 1.44865833
-0.00917950 -0.02792275 1.44657076
0.00987303 -0.03235600 1.44886744
0.00447901 -0.04502618 1.45837665
-0.01420322 -0.02120306 1.45539766
0.01640456 -0.03969661 1.46000719
-0.02221386 -0.02274153 1.44747907
0.01017289 -0.02144849 1.44184274
0.03242196 -0.01916160 1.43975192
0.00397504 -0.01621882 1.44326797
0.03297321 -0.03541616 1.43941091
-0.00506538 -0.02901628 1.43598963
-0.00051784 -0.02166593 1.43048571
-0.01134129 -0.03448475 1.43269282
-0.00075488 -0.03438367 1.42641420
0.01153385 -0.02256245 1.43447596
-0.02071338 -0.02788169 1.42883704
-0.00380165 -0.03830638 1.42514611
0.00266582 -0.02369968 1.42841491
0.01825119 -0.02193364 1.42935062
-0.00554819 -0.04086889 1.42872141
0.00468241 -0.03134458 1.42387317
0.00857544 -0.01386086 1.42908950
0.02823932 -0.03250166 1.43453947
0.01015539 -0.01859802 1.42993823
0.02743720 -0.03584989 1.43226233
0.00488369 -0.02239688 1.42810033
-0.01073652 -0.02737734 1.42439686
0.00404299 -0.02798246 1.41941808
-0.00089248 -0.03167358 1.41765847
0.01009635 -0.02167111 1.41672614
0.01480686 -0.02609088 1.42289992
0.01068532 -0.01922532 1.41909053
-0.00806286 -0.02335650 1.41815294
-0.01185901 -0.02958157 1.42471733
-0.02259688 -0.02797630 1.42739431
-0.03860275 -0.04112206 1.43152107
0.00435151 -0.02101990 1.43306128
0.02667417 -0.02613541 1.43087850
-0.00136840 -0.02638789 1.42846472
-0.00043096 -0.02641892 1.43339905
-0.00547498 -0.02143562 1.43852950
0.02125198 -0.02353366 1.43345663
0.00646433 -0.02224709 1.43279185
-0.00072672 -0.02496797 1.43666609
-0.00507914 -0.02472969 1.42794119
-0.01465443 -0.02193172 1.43672419
0.01918757 -0.02185799 1.43759750
-0.01572033 -0.01434995 1.43878560
-0.01198846 -0.02213012 1.44637315
-0.01961177 -0.02773137 1.44499689
-0.01511242 -0.02113668 1.44457318
-0.02122026 -0.02257888 1.45075415
-0.02069187 -0.04410397 1.45590318
-0.01707724 -0.04558738 1.45975756
-0.00757771 -0.05940506 1.45571912
0.01699729 -0.02241568 1.46142354
0.02840847 -0.03473330 1.45692643
0.00067053 -0.01053064 1.46567827
-0.01108120 -0.03163307 1.46642944
-0.00944868 -0.04502682 1.46189169
0.00166989 -0.03125258 1.45875335
-0.02675407 -0.02548987 1.46123826
-0.02071154 -0.02218960 1.46842192
-0.01080667 -0.03118964 1.46792041
-0.00903201 -0.02580165 1.47255699
0.00715259 -0.02490360 1.47185024
-0.00165886 -0.03078542 1.46781238
-0.02120958 -0.02653546 1.47419793
-0.00651827 -0.02528417 1.47372232
0.00977248 -0.02194162 1.47738456
-0.01077039 -0.02783714 1.47844822
0.05165623 0.01834062 1.47547971
-0.00285278 -0.01689437 1.48192648
0.04827884 -0.01742198 1.48954497
0.00287960 -0.02518689 1.49268362
0.00081694 -0.03261219 1.49728442
-0.01307832 -0.01192396 1.50652048
0.00466255 -0.03774626 1.49802991
-0.00114717 -0.02929813 1.49356359
-0.02204811 -0.02977895 1.49499589
-0.02067838 -0.03746657 1.50387202
-0.00835217 -0.03463523 1.51501191
0.00205662 -0.02658021 1.50661060
-0.00199722 -0.03570618 1.48925788
0.00188300 -0.03009216 1.48258001
-0.01566027 -0.02053000 1.49283544
-0.01758470 -0.02492459 1.50089296
-0.01476459 -0.01779879 1.49466564
0.00681634 -0.02567934 1.49405439
-0.01391635 -0.02386272 1.49027012
-0.01259872 -0.02313242 1.50085079
-0.00493817 -0.02738378 1.50783121
0.00144697 -0.03718064 1.50835385
0.02038128 -0.02137063 1.50015462
0.00012162 -0.01471027 1.49832506
-0.06163673 -0.02068268 1.48779739
-0.00970013 -0.05791387 1.48917873
-0.06448375 -0.01002760 1.49001778
-0.00345897 -0.00579153 1.49440650
-0.00922512 -0.03238069 1.49249760
0.00519981 -0.03027408 1.48613502
-0.01422020 -0.03904070 1.49315636
-0.02669863 -0.00347882 1.48626348
-0.03406112 -0.00802991 1.48627377
-0.01899329 -0.05675436 1.48616355
-0.00093901 -0.01527524 1.48634172
-0.02921574 -0.04124716 1.48545012
-0.02044636 -0.02667087 1.48692545
-0.01483083 -0.03971357 1.48412821
-0.01313143 -0.02388684 1.47945521
-0.01108558 -0.02592346 1.48306456
-0.02686271 -0.03329144 1.48798498
-0.02268103 -0.03506939 1.48422405
-0.00516470 -0.03787805 1.48045321
-0.02204751 -0.02595084 1.49657501
-0.00138773 -0.03369418 1.49262116
-0.00971942 -0.02703762 1.49948204
-0.00799118 -0.03607495 1.48980714
-0.00390921 -0.02478135 1.50804655
-0.01487510 -0.02250209 1.49461351
-0.00003926 -0.02585768 1.50686487
-0.00598293 -0.03139798 1.49464688
-0.00178012 -0.02885630 1.49548539
-0.01637003 -0.02835313 1.48973476
-0.01977455 -0.04031490 1.48572789
-0.01726834 -0.03389160 1.48624453
0.00250126 -0.03444756 1.49529905
-0.02128056 -0.01445085 1.49866745
-0.03379395 -0.04604785 1.48965186
-0.05019215 -0.04970180 1.48917554
-0.04687868 -0.04238981 1.48224757
0.01706067 -0.03038767 1.47887710
0.00580973 -0.04320733 1.47607942
-0.06402958 -0.03751983 1.47639278
-0.01023713 -0.03293468 1.46564947
0.03365408 -0.01971458 1.46483396
-0.05610115 -0.02852331 1.46310193
-0.03495823 -0.03405360 1.46926395
-0.01308965 -0.02235794 1.48434395
0.00797660 -0.02767583 1.46878198
-0.01709094 -0.03260942 1.45910924
0.01804669 -0.03767697 1.43380165
-0.00952954 -0.03489823 1.42272495
-0.01059821 -0.03245720 1.41464820
-0.01030969 -0.03468629 1.40298633
-0.00557203 -0.03685425 1.38253981
0.00553261 -0.02312045 1.36173916
-0.03324804 -0.03375323 1.34777989
-0.02310741 -0.03219670 1.33190725
-0.01559383 -0.03601531 1.31572346
-0.01029610 -0.03743255 1.29020869
-0.01745533 -0.02345673 1.27609975
-0.01710235 -0.02692837 1.26966314
-0.02614943 -0.02766734 1.22988691
-0.01010652 -0.02276476 1.21264816
-0.03140005 -0.02955017 1.20378293
-0.01639173 -0.03656514 1.18069012
-0.02414164 -0.03432428 1.14584314
-0.04394803 -0.02795864 1.10296888
-0.02647711 -0.02394383 1.07768094
-0.04530511 -0.01239151 1.05110739
0.00440073 -0.04678710 1.02271547
-0.01039293 -0.03473591 0.98157490
0.00114516 -0.03249469 0.94636651
0.02351706 -0.01526311 0.90824919
0.00071514 -0.00380125 0.88384104
0.01009743 -0.00411894 0.84663713
-0.00630655 -0.01529806 0.81631249
0.05288918 -0.00257573 0.78768775
0.01812307 -0.00587608 0.76041032
0.01623013 -0.01863256 0.73403281
-0.02237332 0.02492439 0.70696316
0.02225616 0.01972471 0.67574157
-0.01217871 -0.02895255 0.64770942
0.00209919 0.01046890 0.62093597
-0.04078301 -0.00330393 0.60095333
0.05331922 -0.07854697 0.59114937
0.12951767 -0.05315825 0.57109175
0.11542176 -0.03801784 0.56943673
0.02718397 0.01119934 0.56954818
0.11732178 -0.03461070 0.55207950
0.03795235 0.00988885 0.54634833
0.01116403 -0.01009541 0.54220048
0.08238067 -0.03592859 0.52691808
0.02783021 -0.01856870 0.52480312
0.03827371 -0.01817979 0.50513257
-0.03767664 0.01749811 0.50626512
0.09186207 -0.02358191 0.49988529
-0.06034110 -0.10092604 0.49019869
-0.00358342 0.00445724 0.50839425
0.05147894 -0.00658445 0.50265863
0.08753574 -0.01860626 0.49919012
0.05499953 -0.00081804 0.51716642
0.06347786 0.01311866 0.51606700
-0.00270567 0.01981233 0.53051034
0.03520231 0.02688012 0.53573959
0.00936090 0.00280915 0.54458450
0.04279871 0.01073644 0.55161773
0.03807103 -0.00056224 0.55775856
0.04229297 -0.00963543 0.56312319
0.01822803 0.02657429 0.57696547
0.05713726 -0.00829804 0.58070593
0.05941704 -0.00759113 0.59038514
0.06815383 -0.01024465 0.60477492
0.05713368 -0.01730931 0.61066463
0.05332683 -0.00017173 0.62596269
0.04436187 -0.00030910 0.63246801
0.05202128 -0.01187348 0.65228971
0.03969120 -0.00768568 0.65913139
0.08484890 -0.01679073 0.66734319
0.01709280 -0.00444115 0.68057886
0.06501922 -0.00056098 0.69182072
0.03697220 -0.00477833 0.70545222
-0.00072944 -0.00364624 0.71765947
0.00229034 -0.00295638 0.72907630
0.00684583 -0.00728080 0.73503709
0.05356543 -0.00962389 0.74696082
-0.00539628 -0.01449497 0.75701258
0.00642336 -0.00702010 0.76831326
-0.06358120 -0.02261459 0.76857327
-0.00086459 -0.00658030 0.78353908
0.00884348 0.00406730 0.79380251
-0.03304279 -0.01029867 0.80392466
-0.01025416 -0.01868038 0.81427831
-0.03922356 0.00104975 0.82186308
0.00412890 -0.00042661 0.83122873
-0.00523637 -0.01731488 0.84491329
0.00494114 -0.00848936 0.85396598
-0.00706748 -0.00456375 0.85887290
0.02563008 0.00049936 0.86431351
-0.00543603 -0.01806668 0.85808613
0.01522208 -0.02402226 0.85130207
-0.01160465 0.01434622 0.84189077
-0.02387316 -0.01423747 0.83817486
-0.01853903 -0.01473233 0.82870287
0.02569783 -0.03012805 0.82071453
0.00682437 -0.01054662 0.81086741
-0.00237441 -0.01495557 0.79994178
-0.00619564 -0.00885787 0.79035398
0.00466784 -0.00656547 0.77862543
0.02346902 0.00603894 0.76925050
-0.00447208 -0.00626317 0.76573007
-0.04565081 0.00092696 0.76149884
-0.06095486 -0.02948678 0.74964952
0.02344674 -0.01088657 0.73782304
-0.00813459 0.04440730 0.72616480
-0.02544722 -0.02041542 0.72457444
-0.01010354 -0.00506722 0.72229869
-0.01973254 -0.02300567 0.71364875
0.00412749 -0.00615413 0.70981149
-0.00080081 0.00011237 0.70016410
-0.02110616 0.01723219 0.69937520
-0.02573279 -0.01102681 0.70565890
-0.01918077 0.00127621 0.71260281
-0.02653582 -0.01301215 0.71739452
0.07270569 -0.00481124 0.71844733
-0.03234581 -0.01788187 0.71901488
-0.02428321 -0.01273707 0.72089637
-0.00137708 -0.00096646 0.71999575
-0.05864494 -0.01036679 0.72070366
-0.04724215 0.00498164 0.73025835
