0.00000000 0.00000000 0.00000000
-0.01223586 -0.01487712 0.24502290
-0.00945468 0.00473204 0.21038755
0.00291251 0.00535409 0.30498043
-0.02636382 -0.00560047 0.26589193
-0.00461314 -0.00732895 0.27993070
-0.00808445 0.00150161 0.30921733
-0.03495731 -0.02521990 0.27925658
-0.01482065 0.00239895 0.35386004
-0.04814112 -0.02474366 0.38611529
0.00938909 0.02337376 0.33360407
-0.02083506 -0.01000983 0.38819926
-0.02017829 -0.02263776 0.40348975
-0.00848017 -0.01459997 0.42268480
-0.00853906 -0.01230522 0.43843986
0.01021213 0.01312199 0.45534712
-0.00632553 -0.02635581 0.45687238
-0.02624870 -0.02072132 0.49470469
-0.01619906 0.00769862 0.48145307
-0.01088204 -0.00532188 0.51726869
-0.01194034 -0.00633847 0.50936214
0.00236101 -0.00650398 0.52637041
-0.01044627 -0.00903173 0.53975031
-0.05494980 0.00879713 0.60902251
-0.05054022 0.00025263 0.64191125
-0.01159997 0.00959809 0.59687566
-0.00642545 -0.00683016 0.58483890
-0.03820990 -0.00428855 0.64271621
-0.00999177 -0.00961815 0.61939927
-0.03739134 -0.00733758 0.67199132
-0.00939310 -0.00618363 0.64067478
-0.01646561 -0.01332270 0.65740521
-0.01813782 -0.01105635 0.67850538
-0.01475568 0.00269368 0.67948195
-0.04499889 -0.00168223 0.72602640
-0.02392704 -0.00725546 0.70219751
-0.02373405 -0.01848619 0.68587777
-0.08110923 -0.20220696 0.82459000
-0.01405471 0.00576132 0.74877639
-0.01755006 0.00523270 0.75910741
-0.01024651 -0.00131012 0.76204329
-0.00923101 -0.00122525 0.77379754
-0.03919079 0.00148248 0.82687088
-0.00357031 0.00252232 0.81431489
-0.01136177 -0.00134158 0.81167543
-0.02983749 -0.00741664 0.82308906
-0.02937889 -0.00181379 0.84611603
-0.02231707 -0.00766217 0.83991311
-0.00730952 -0.00171752 0.86412969
-0.01825032 -0.00472851 0.85747834
-0.05396887 0.01727512 0.91062991
-0.03545870 -0.01363517 0.90271101
-0.01452836 -0.01754019 0.89649689
-0.09275858 0.01043192 1.00598151
-0.07183389 -0.02757933 0.97977830
-0.02901835 -0.00293716 0.94557454
-0.01662975 -0.00652835 0.94648454
-0.05498839 0.00488319 0.98705204
-0.08255838 -0.02959382 1.02527156
0.10129684 -0.03568151 1.10336650
-0.08136737 0.02351126 1.15534990
-0.04345822 -0.00224693 1.06026231
-0.00271981 -0.01553100 1.00084797
-0.04496362 0.00047448 1.09212443
-0.01866948 0.00045260 1.07161951
-0.00360756 -0.01048418 1.04706254
-0.02960135 0.00769055 1.11361430
-0.02791992 -0.00368125 1.11521955
-0.03696212 -0.00014825 1.12668149
-0.01094353 -0.00627262 1.06762808
-0.01708524 -0.02020226 1.08272143
-0.02386407 -0.00848771 1.08387019
-0.02372437 -0.01602408 1.06265627
-0.01596223 -0.00464630 1.06621147
-0.03104809 -0.02363406 1.04660373
-0.01358009 -0.00565396 1.07720562
-0.09644873 -0.03484519 1.14418260
-0.01972874 -0.00782027 1.09236125
-0.00312812 -0.00151058 1.06545565
-0.00556311 0.00499465 1.08498384
0.00732848 -0.07455209 1.04077956
-0.01419797 -0.01634153 1.07919972
-0.00244889 -0.00996481 1.08707539
-0.01245633 -0.01266990 1.08328148
-0.00503211 0.00276247 1.07833879
-0.00227038 -0.02258727 1.06715452
-0.00948153 -0.02463825 1.08795084
-0.01510699 -0.01078770 1.09765215
-0.02917872 -0.02010609 1.08005116
-0.01845891 -0.00664018 1.07597527
-0.01456493 -0.04436532 1.06925508
-0.03228117 -0.02549054 1.11417242
-0.02193365 -0.00718306 1.10970178
-0.02775577 -0.01135949 1.08281528
-0.02483078 0.02013880 1.13814126
-0.03930975 -0.01495224 1.14424719
-0.02799039 -0.03039141 1.13406153
-0.01725639 -0.02808719 1.13939268
0.00108321 0.00422325 1.15793313
-0.10393455 -0.02357197 1.23031404
-0.03921539 -0.01121093 1.17868815
-0.08191050 -0.04139868 1.19306016
0.00015299 -0.03885256 1.21878625
-0.03231787 -0.00875119 1.18509540
0.07516405 -0.02444288 1.18348997
-0.02097428 -0.00427550 1.16980245
-0.06890287 -0.02784481 1.23622752
-0.04808291 -0.03460709 1.21652299
-0.05184315 -0.03101030 1.21334604
-0.10201255 -0.04752689 1.27019626
-0.02194894 -0.01345881 1.21034179
-0.03284201 -0.02068719 1.21246176
-0.01987132 -0.00903183 1.21049579
-0.02392911 -0.00004204 1.28851008
-0.01296608 -0.01889725 1.22293557
-0.00697579 -0.01066456 1.19239256
-0.02375527 -0.01056028 1.25063430
-0.08681723 -0.01518028 1.29517024
-0.02831026 -0.00842539 1.26167138
-0.27354661 -0.02060955 1.40499000
-0.11236175 -0.02379007 1.32093136
-0.05735553 -0.00895471 1.30721963
-0.04444584 0.00261866 1.26594595
-0.02403149 -0.02377132 1.26760964
-0.08668010 -0.00545355 1.34673986
-0.01844601 -0.01738318 1.26296592
-0.00891637 0.01075551 1.24173699
-0.01563000 -0.01919675 1.26209998
-0.02030392 -0.00295348 1.29120630
0.00901204 -0.00589258 1.27321786
-0.02347539 -0.01549555 1.27078853
-0.02519783 -0.02156764 1.28375262
-0.01365081 -0.00992291 1.26638930
-0.05623952 -0.02283752 1.32735749
-0.00237976 -0.02060984 1.23513890
-0.01452274 -0.01283449 1.28279266
-0.01209962 -0.01707965 1.27828852
-0.00124816 -0.02419789 1.28266795
-0.00480896 -0.02763738 1.26188992
-0.02573449 -0.01357810 1.32114418
-0.01710885 -0.02850299 1.28195566
-0.07276192 -0.04470946 1.34288143
-0.03106497 -0.02027964 1.28044088
-0.21236020 -0.03273185 1.38615741
0.06657271 -0.11258737 1.30720275
-0.02021824 -0.01127526 1.27469402
-0.05724114 0.02359706 1.35331989
0.19053836 0.09480165 1.11117824
0.07367795 0.00080652 1.16514360
-0.04713785 -0.01733367 1.20198696
-0.03400016 -0.10733543 1.15080061
-0.01242187 -0.02957975 1.15940100
-0.00084114 -0.02795911 1.16197237
-0.20530678 -0.18277177 1.03311550
-0.01842854 -0.10913447 1.17985559
0.05491427 -0.12096471 1.15040672
0.27146926 0.02566840 1.26678196
0.04966616 0.04592095 1.07730571
0.04554521 -0.02857078 1.06581295
0.03648960 -0.02272081 1.07811308
0.02646479 0.02037225 1.09101976
-0.00991348 -0.01715250 1.09373482
-0.04702147 -0.00148614 1.10622199
0.11009860 -0.00252354 1.07425797
0.03153192 0.00171468 1.08273339
-0.05430549 -0.05938974 1.07319444
0.05336115 0.00825705 1.09321806
0.00966466 0.09126957 1.13521315
0.02175393 -0.02961708 1.07860227
0.04802532 -0.01738299 1.04331223
0.10393076 0.09065037 1.05001825
0.04051936 0.03373234 1.05682830
0.00577368 -0.02970654 1.02731347
-0.00009096 -0.01284782 0.99752428
0.01630919 -0.02378557 1.01758666
0.00877647 -0.01847251 1.00248567
-0.00816340 -0.02117336 1.02893393
0.00592828 -0.00895276 1.01871833
0.01723865 -0.01538071 0.97920626
0.01466379 -0.02182662 0.97357272
0.01090264 -0.01358201 0.96450438
0.00304189 -0.00784825 0.96671860
0.01475171 -0.01029211 0.97090207
0.00920003 -0.01773448 0.98401521
0.00505397 -0.01611916 0.94370512
0.01027492 -0.01275866 0.91961369
0.00074839 -0.01342848 0.91440373
0.00088815 -0.01093225 0.92555946
-0.00481234 -0.01616531 0.92379999
0.02789238 -0.02769762 0.89033008
0.01326271 -0.01324894 0.88078923
0.00790914 -0.00577992 0.87293869
0.01755817 -0.02010831 0.88501083
0.02343880 -0.00982978 0.88108642
0.02286879 -0.00450408 0.85595246
0.01988463 -0.00814110 0.87178636
0.01264937 -0.00903847 0.86968338
0.01846375 -0.01399991 0.84573364
0.01365866 -0.01070505 0.84317088
0.01268683 -0.00821952 0.86410397
0.01062501 -0.00478574 0.85153021
0.00771269 -0.01077733 0.88390652
0.01552038 -0.01273001 0.86470418
0.01671007 -0.00610477 0.86964570
0.01245989 -0.01137449 0.87487575
0.00378904 -0.00499703 0.89684590
0.00468058 -0.00280246 0.89742597
-0.00177361 -0.00357735 0.88258001
0.00405062 -0.00686032 0.90226401
-0.00321738 -0.00857204 0.92495390
-0.00402909 -0.01070321 0.94086295
-0.00480196 -0.01099416 0.93701917
-0.01533704 -0.00671564 0.94760436
-0.00493261 -0.01072880 0.97226296
-0.00693286 -0.01383601 0.98993593
-0.00273079 -0.01210867 0.99526095
-0.01565532 0.00068107 0.99347622
-0.00276124 -0.01179910 1.03099112
0.00817138 -0.01241547 1.03568251
-0.00038913 -0.01922371 1.06065810
-0.00006932 -0.00507012 1.05928999
0.00616057 -0.00596045 1.08503714
0.01060937 -0.01421105 1.08185698
0.00859365 -0.00996539 1.10107999
0.00709131 -0.00780265 1.12836180
0.01899951 -0.00817586 1.14111402
0.01021792 -0.01201472 1.13820933
0.01171895 -0.01168313 1.16464356
0.02307064 -0.01718041 1.14628150
-0.00166701 -0.01697254 1.20608289
0.01112141 -0.01647949 1.20956957
0.01160941 -0.01612327 1.19556860
0.01238655 -0.01919079 1.21656085
0.01044971 -0.01700070 1.22953596
0.00697037 -0.02028812 1.24389548
0.00595748 -0.01239740 1.28905237
0.00257031 -0.01777607 1.26805425
-0.00472938 -0.00984431 1.36241392
-0.01449015 -0.01128482 1.34464299
-0.04110286 -0.00001662 1.39359491
-0.01199974 -0.00207958 1.38040215
-0.00701358 -0.01806853 1.33181422
-0.00314527 -0.01357006 1.34472341
-0.61813057 -0.37794575 1.55217854
0.00238158 -0.01907941 1.34790713
0.01360892 -0.02856315 1.34447655
-0.05907456 -0.09316950 1.65714071
0.06137565 0.06561868 1.48000118
-0.00679938 -0.01400959 1.40945950
-0.13974153 -0.00595198 1.62661492
-0.01796522 0.00244710 1.56426779
-0.02512900 -0.01350108 1.44957835
0.08387609 0.04789939 1.69934811
-0.01828072 -0.00271145 1.72355944
0.00988902 -0.01533804 1.44746814
-0.00652315 -0.00611112 1.49819276
0.01196256 -0.01539979 1.46055595
0.03006393 -0.03320580 1.41694872
-0.09373407 0.02882057 1.76143954
-0.03027545 -0.00135104 1.60071615
-0.32315869 -0.13043430 1.79421986
-0.01194537 0.00930517 1.80421947
-0.04881772 -0.01093734 1.61787784
-0.04084037 -0.02529214 1.66540664
0.46521128 0.15417404 2.66967092
-0.13655369 0.00550764 1.72929572
0.00143939 -0.01626067 1.63525573
0.00344500 -0.01574817 1.54960283
0.07824202 0.02345103 1.71532895
-0.17442945 0.09089736 1.66315105
-0.02836037 -0.03822438 1.66340097
-0.17037038 0.08548553 1.60504449
0.06473208 0.02846965 1.71812059
-0.07776479 -0.09017654 1.58038195
0.03358093 -0.03148205 1.58190441
-0.00876927 -0.00992559 1.61489010
-0.04861796 -0.01851900 1.64678886
0.00461361 -0.02220470 1.60792032
0.01033375 -0.01982359 1.60664700
-0.03971625 -0.00667393 1.66951296
-0.00744609 -0.03399814 1.58904239
-0.33781765 0.11187348 1.57351028
0.00457339 -0.03158777 1.52314188
-0.00077822 -0.03431231 1.52822747
0.01131209 -0.03605591 1.51517079
0.01093459 -0.03552646 1.50548558
0.01557938 -0.03216788 1.49092160
0.01168399 -0.03745739 1.45892007
-0.00380372 -0.02259066 1.51467011
-0.00728790 0.01333796 1.48948075
0.00345097 -0.03400863 1.45208025
-0.05115851 -0.00056072 1.57795385
-0.00721372 -0.02504770 1.42797340
-0.00922439 -0.03486984 1.41147955
-0.00582699 -0.03182531 1.39459135
-0.01468504 -0.03131734 1.42890125
-0.02464488 -0.02312163 1.40431781
-0.01273644 -0.02620543 1.38518987
-0.01555247 -0.03272634 1.34289521
-0.05165594 -0.01475456 1.40028486
-0.05254299 0.01748070 1.35847873
-0.02627468 -0.03042917 1.33257381
0.01709238 -0.01738093 1.27001137
-0.00086774 -0.03218693 1.28706705
-0.02703791 -0.03346201 1.27867485
-0.00529497 -0.02385783 1.27034935
-0.03218661 0.01601547 1.38475514
0.09805991 -0.03046627 1.31671031
0.01041401 -0.02387827 1.19909010
0.02784591 -0.05283663 1.20213089
-0.01730452 -0.00674574 1.21927852
0.01368103 -0.03359256 1.17604904
-0.01879741 -0.03014426 1.15459840
-0.00334513 -0.01944271 1.15338049
-0.00079641 -0.02113711 1.12997043
-0.03302691 -0.01168460 1.12695079
-0.03369782 -0.03336923 1.12266198
-0.00196477 -0.02216211 1.10627244
0.02148282 -0.00960588 1.09050468
-0.00069411 -0.03154424 1.07042654
-0.03014096 -0.01688141 1.07945023
-0.03818730 -0.02495331 1.06421524
-0.00239105 -0.03466088 1.04163799
-0.02150436 -0.02663878 1.03513865
-0.02798554 -0.01565755 1.03778544
-0.03311174 -0.01432866 1.03576689
-0.01033495 -0.02399888 1.01463703
-0.00760206 -0.01116711 1.02852345
-0.04732342 0.00017784 1.03693382
-0.01401598 -0.00859953 1.00002053
-0.00614473 -0.00526490 0.99845207
-0.01577247 -0.02089880 1.00201256
-0.00239753 -0.02453685 0.99613105
-0.01992835 -0.01258285 0.99035434
-0.02131177 -0.00495353 1.01263074
-0.00699525 -0.03133066 0.99195691
-0.01657304 -0.00798110 0.98803073
-0.01841817 -0.00883230 0.98540457
-0.02235215 -0.01237874 0.97627108
-0.02122835 -0.01596576 0.97759855
-0.00702960 -0.01386123 0.96595721
-0.01151897 -0.01887549 0.96208890
-0.01968316 -0.01151715 0.96699234
-0.01698935 -0.01076598 0.95023764
-0.00650035 -0.02419590 0.95882369
-0.02385718 -0.01336585 0.97602654
-0.01335387 -0.01237549 0.94638819
-0.02268664 -0.01012743 0.94831568
0.00286252 -0.07492205 0.94904770
-0.02533747 -0.01665562 0.93953588
-0.01496875 -0.01859241 0.94591380
-0.01598525 -0.01503704 0.95124392
-0.01424577 -0.00495726 0.96454825
-0.01040424 -0.01864261 0.97504175
-0.03247126 -0.01721232 0.97766510
-0.01042463 -0.02573873 0.96577801
-0.01642477 0.00595323 0.97366688
-0.01975616 -0.00527004 0.99531520
0.00343248 -0.01694450 0.98210832
-0.01195199 -0.01769863 0.98863127
-0.01430924 -0.00226609 0.98859898
-0.00680839 -0.03388902 1.00538086
0.00132864 -0.00376199 0.99520569
-0.00426757 0.00474410 1.00022962
-0.02426575 -0.00331080 0.99384002
-0.00299032 -0.00943807 1.00003570
-0.02683642 -0.00977282 0.97130068
-0.02016620 -0.00683749 0.98536870
-0.01954549 -0.00636867 1.00155383
-0.01605116 -0.00892501 0.98906604
-0.04132847 -0.01495041 1.00727138
-0.06889638 -0.01465727 0.97756284
0.02028574 -0.03834371 0.96525054
-0.09966303 0.00180948 0.99996317
-0.02938805 -0.03195333 0.98855778
-0.01780742 -0.00747918 0.98636429
-0.01545809 -0.03817489 0.97676053
-0.04218021 -0.03576742 0.96952779
-0.02370698 -0.01578646 0.97951886
-0.02198608 -0.01810314 0.98332586
-0.01466069 -0.00899299 0.97125939
-0.02040675 -0.00937887 0.97385717
-0.00994229 -0.01005494 0.98491513
-0.02152090 -0.01291138 0.96203976
-0.00712863 -0.01451790 0.97067369
0.01525547 -0.02870132 0.98986190
-0.02730510 -0.01613264 0.96636439
-0.03518817 -0.01518264 0.96586253
-0.01615865 -0.02357893 0.94483599
-0.01868101 -0.01885952 0.96193917
-0.00080644 -0.01582207 0.94322973
-0.01682840 -0.00793082 0.94034650
-0.03644349 -0.01337257 0.91689556
-0.02740303 -0.00795744 0.96018942
-0.00338486 -0.01748900 0.95643534
-0.00450541 -0.01899172 0.94975493
0.00536418 0.00862341 0.97043409
-0.00053537 0.00792226 0.97215862
-0.01209100 0.00141681 0.98966244
-0.00170667 -0.00572505 0.96605304
-0.01832173 -0.01524909 0.96272063
-0.00942445 -0.00544396 0.95739854
-0.01918566 -0.01757830 0.95731021
-0.01157070 -0.01322008 0.95950301
-0.00997678 -0.01614482 0.97251760
0.00008557 -0.01284329 0.96476378
-0.01976568 -0.02506785 0.97351716
-0.01536696 -0.00986178 0.97377326
-0.00807361 -0.01289704 0.97259765
-0.00688120 -0.01940631 0.97931856
-0.02142872 -0.01242822 0.98993808
-0.01575105 -0.01235570 0.99086462
-0.00219420 -0.01396973 0.98285432
-0.01341860 -0.01542944 1.00358204
-0.01566218 -0.01494722 1.00265949
-0.02770392 -0.02474447 0.96498230
-0.01247175 -0.01228103 0.99742898
-0.00517144 -0.02628047 0.97334636
-0.00218958 -0.04095157 0.96627240
-0.01483071 -0.01675718 0.98450390
-0.02440063 -0.01247946 0.99553288
0.02102687 -0.06682763 0.95804524
0.00021769 -0.01186584 0.98579474
-0.00956086 -0.01681378 0.98641365
-0.05040830 -0.02725222 0.97068982
-0.00234701 -0.02863302 0.97615501
-0.01949799 -0.00583568 0.96179491
-0.01179035 -0.00799753 0.97293454
-0.01728846 -0.00879299 0.98336076
-0.03015412 -0.04894530 0.97085631
-0.02394344 -0.01719469 0.96529445
-0.01539099 -0.00459576 0.97071214
-0.02402794 -0.02528388 1.00229242
-0.04011654 -0.00530711 0.98905003
-0.01571752 0.00045097 0.97729698
-0.02041777 -0.01576482 0.98099199
-0.01793957 -0.01768684 0.99791798
-0.01510499 -0.01385212 0.98724640
-0.02079614 -0.01842707 1.00427676
-0.01802927 -0.00840790 1.01097594
-0.01872633 -0.01582396 1.02303812
-0.02236513 -0.02385633 1.03438949
-0.01315991 -0.01824323 1.02080038
-0.06779083 0.00224903 1.08185158
-0.02601011 -0.02606250 1.03282641
-0.01724014 -0.01467032 1.03279694
-0.00555773 -0.02739473 1.01850532
-0.01459338 -0.01082122 1.04482112
-0.01215794 -0.02663919 1.05110301
-0.02606146 -0.02199739 1.05059137
-0.01844373 -0.03198649 1.05615102
-0.02068439 -0.01713713 1.06586329
-0.02844342 -0.02107496 1.08292644
0.00088043 -0.01065713 1.09010431
-0.03645957 -0.01576251 1.08064806
-0.02618183 -0.00799815 1.08176909
-0.02090347 -0.01810831 1.09151774
-0.00989743 -0.01916956 1.09827620
-0.02212483 -0.01966676 1.09430500
-0.03999517 -0.00962854 1.10711387
-0.02239466 -0.02967530 1.11421113
-0.01885832 -0.02324909 1.10581854
-0.01456740 -0.02612467 1.10620061
-0.01848772 -0.01837348 1.12965681
-0.01487198 -0.01953350 1.13132267
-0.02504333 -0.01928448 1.15753340
-0.01534228 -0.02422749 1.13953157
-0.00599279 -0.01607559 1.14239566
-0.01449100 -0.01568388 1.14212679
-0.00346535 -0.01617448 1.15077984
0.00101246 -0.01552086 1.16257771
-0.00974361 -0.01538155 1.14436047
-0.00913612 -0.02170240 1.15257002
-0.01882366 -0.01556663 1.13815191
-0.01736453 -0.02253143 1.14562257
-0.02711455 -0.02660696 1.15695587
-0.02902382 -0.02131964 1.14094734
-0.03277772 -0.01495743 1.13258633
-0.02249906 -0.02391501 1.13986775
-0.02333077 -0.01832688 1.12676945
-0.05072168 0.00547733 1.16365396
-0.01480809 -0.02383672 1.13523187
-0.01419062 -0.01535198 1.11993410
-0.03464036 -0.02243502 1.11346206
-0.03147289 -0.02838902 1.11397631
-0.03359473 -0.02352381 1.11039160
-0.03576907 -0.02088413 1.10870039
-0.03007994 -0.01664158 1.12068536
-0.02720131 -0.01308156 1.11618064
-0.02517776 -0.03221073 1.12596125
-0.00274155 -0.03392266 1.11225035
-0.01200362 -0.01827766 1.11080879
-0.01068309 -0.02252316 1.10819358
-0.01281508 -0.02386216 1.11185422
-0.00181236 -0.03686925 1.09237316
-0.02479702 -0.01851230 1.11138876
-0.00140272 -0.02863342 1.13344291
-0.02040723 -0.01433518 1.11522986
-0.01106834 -0.02180540 1.12368435
-0.02468147 -0.02431621 1.11394942
-0.01312799 -0.02046013 1.08552018
-0.01634887 -0.02568675 1.09588522
-0.00593992 -0.02143831 1.08087385
-0.00925825 -0.02177680 1.09299090
-0.00890412 -0.02206938 1.07955447
-0.02251114 -0.02656915 1.09109644
-0.00671956 -0.01546890 1.05414789
-0.00972623 -0.02362479 1.04859393
-0.01542009 -0.02573612 1.05446644
0.00653925 -0.02852280 1.01667699
0.01815149 -0.02024969 0.99932113
0.00565826 -0.02621013 0.97956174
0.00276203 -0.02800547 0.97776908
-0.00823035 -0.01745620 0.95411594
-0.00907467 -0.02059635 0.94132613
-0.01381195 -0.01354732 0.94601953
-0.00724747 -0.01023861 0.94332342
-0.01109295 -0.00830067 0.95864836
-0.01962262 -0.01632704 0.92940476
-0.01968371 -0.01842339 0.92714634
-0.02294940 -0.01565324 0.92005661
-0.02155325 -0.00339467 0.93751427
-0.03678640 -0.02472676 0.90287616
-0.03251196 -0.00982984 0.92176839
-0.04234059 -0.02307304 0.89974343
-0.03700902 -0.01674281 0.89682083
-0.04560111 -0.01052597 0.90505489
-0.03612341 -0.01379254 0.91655581
-0.04112052 -0.01523110 0.90055392
-0.03576810 -0.00344776 0.92268881
-0.04499887 0.01626612 0.92402059
-0.03288107 -0.02010944 0.91672443
-0.04196036 -0.02212390 0.91896488
-0.03346245 -0.02120712 0.91979478
-0.04146954 -0.01178684 0.93705235
-0.03797017 -0.01935468 0.95970988
-0.02334644 -0.01461465 0.95804098
-0.02213407 -0.01385545 0.96506659
-0.00890190 -0.01281618 0.96150677
-0.02168951 -0.01274863 0.98714773
-0.00886800 -0.01018970 0.99325900
-0.01116405 -0.01230088 0.99770929
-0.00544131 -0.01431189 1.00736245
-0.00528396 -0.01113110 1.02242978
-0.01300423 -0.01672073 1.03478110
-0.00645655 -0.01387655 1.04865855
0.00039201 -0.02474540 1.05538962
-0.01395637 -0.01415678 1.06966620
-0.01428919 -0.01954076 1.08699432
-0.01516636 -0.01568904 1.08662569
-0.01781033 -0.01439367 1.10386323
-0.01452053 -0.01208486 1.11575642
-0.01756073 -0.01497075 1.12385773
-0.00969922 -0.01500779 1.12046478
-0.00744197 -0.00948098 1.11958203
-0.01208630 -0.01389294 1.13392499
-0.00877244 -0.01572154 1.12905554
-0.01430045 -0.01950607 1.13041651
0.00292750 -0.02704438 1.12138132
-0.02018996 -0.02086618 1.12656949
-0.01362629 -0.02249351 1.13241629
-0.02651852 -0.02351707 1.13444820
-0.02348586 -0.01782240 1.12983099
-0.01599463 -0.02917868 1.11834230
-0.00983518 -0.01675619 1.11490844
-0.01569296 -0.02185345 1.10655833
-0.02073905 -0.01417922 1.11560207
-0.03039961 -0.01919811 1.12495413
-0.02133816 -0.02006910 1.10469755
-0.01576584 -0.01921063 1.09853508
-0.01236088 -0.01807294 1.10756695
-0.02024444 -0.01898765 1.13604413
-0.00574505 -0.01575414 1.09855986
-0.02447706 -0.00069609 1.12703700
-0.00573979 -0.01710623 1.09062797
-0.00723416 -0.01810470 1.13025516
-0.01069805 -0.01267631 1.11900011
-0.01809752 -0.01646457 1.10608533
-0.00612659 -0.01919250 1.12717316
-0.01257663 -0.01266017 1.12390813
-0.01408508 -0.01624118 1.12866637
-0.01775061 -0.01467409 1.12419926
-0.01286340 -0.01327331 1.13402380
-0.00413755 -0.02703552 1.11585559
-0.00972236 -0.01713498 1.12975521
-0.00107823 -0.02384465 1.11607295
-0.01713563 -0.01712136 1.13325613
-0.01571605 -0.01594679 1.13969369
-0.01392831 -0.02013660 1.13409043
-0.01771980 -0.01756994 1.13790779
-0.01630585 -0.02002584 1.12947196
0.01170511 -0.00163779 1.18028776
0.09774947 -0.00548809 1.21738753
-0.05534813 -0.05973374 1.25419156
-0.00225386 -0.02089271 1.11284156
-0.01737307 -0.01543399 1.12570952
-0.03109292 -0.02204689 1.14467103
-0.00881931 -0.01779018 1.12458924
-0.01525661 -0.02518548 1.10423192
-0.00256445 -0.01791943 1.11091497
-0.00267206 -0.02106106 1.09915262
0.00036555 -0.02231650 1.09276432
-0.01403909 -0.01989101 1.08810864
-0.01028091 -0.01332529 1.11026045
-0.02456484 -0.00808696 1.09865983
-0.02102360 -0.01768784 1.10695595
-0.01630227 -0.01606725 1.08791668
-0.00067082 -0.02170707 1.06553969
-0.00211398 -0.02505944 1.05868801
0.00024626 -0.02039056 1.04681782
-0.00548480 -0.01882493 1.05691732
-0.00317815 -0.02282494 1.03120218
-0.03230783 -0.01958742 1.08001947
-0.01976761 -0.01662751 1.05711947
-0.00763740 -0.01451873 1.03786785
-0.00611564 -0.02750937 1.01703817
0.00000072 -0.01877094 1.00976315
-0.00629366 -0.02682656 1.00756243
-0.00364901 -0.02300709 1.00268204
-0.01680249 -0.01514289 0.99713237
-0.00438385 -0.01661151 0.98621675
-0.01217023 -0.02105030 0.98565852
-0.01034821 -0.02389698 0.98595331
-0.00599229 -0.03229935 0.97325412
0.00228117 -0.04518505 0.95857129
0.00470222 -0.01433931 0.95959556
0.00448574 -0.00995051 0.97274545
-0.01580523 -0.01482697 0.97110430
-0.00383124 -0.01686048 0.96821277
-0.00870037 -0.01970299 0.94634757
0.01020560 -0.02360515 0.93493922
-0.00320656 -0.01345375 0.93908980
-0.00271228 -0.01915166 0.93696755
-0.00022639 -0.01270791 0.93664577
-0.00808984 -0.02599090 0.92441096
0.01028654 -0.01565298 0.90227515
-0.00736416 -0.02155833 0.91891048
0.00063692 -0.02280773 0.90344955
-0.00524520 -0.01827015 0.89168356
-0.00106515 -0.02204734 0.85206855
-0.00136540 -0.00846594 0.86125690
-0.00008598 -0.02241631 0.84631875
-0.01507010 -0.01299625 0.84384806
-0.00689991 -0.02057289 0.81730050
0.00822822 -0.02222070 0.81510294
0.00180717 -0.01678623 0.80310119
-0.00169005 -0.02007206 0.79782798
0.00185335 -0.01580329 0.79828927
-0.02615277 -0.02169609 0.82690522
0.00086819 -0.01554729 0.79773369
-0.00368597 -0.01063862 0.81047309
-0.00420537 -0.00907657 0.81134697
0.00620763 -0.01742204 0.81189278
0.02186382 -0.02130161 0.78549050
-0.01392848 -0.01150269 0.84053316
0.00600236 -0.01259958 0.82107693
0.01942572 -0.02055680 0.83091517
0.02354101 -0.02475985 0.80901503
0.02596124 -0.01920316 0.79574311
0.02622717 -0.01843818 0.78760439
0.04383292 -0.01736992 0.79435291
0.03683496 -0.02637683 0.79531039
0.02031558 -0.01451461 0.81433322
0.03784895 -0.02082817 0.79530772
0.02003241 -0.01912152 0.82144549
0.00940499 -0.01486918 0.84179225
0.01715196 -0.01540522 0.82351046
0.02148665 -0.01690469 0.82892317
0.03773529 -0.00963989 0.82055670
0.01862307 -0.01331374 0.83500812
0.02544396 -0.01444650 0.82094508
0.02756520 -0.01754839 0.82975128
0.01897420 -0.00266285 0.84875446
0.01239334 -0.01377303 0.84517619
0.01700816 -0.01498714 0.85132035
0.01803531 -0.02297528 0.85191930
0.02058875 -0.00841061 0.85859451
0.01374396 -0.01706955 0.85756766
-0.00009448 -0.00602040 0.87350241
0.01382745 -0.01502354 0.88050609
0.01158235 -0.01724909 0.87429303
0.00940205 -0.02228578 0.87712724
0.01135888 -0.01605004 0.87981523
0.01490497 -0.01926756 0.87298716
-0.00051227 -0.01114687 0.89189897
0.00796525 -0.01063997 0.88151830
0.01744418 -0.01995662 0.89301155
0.01365766 -0.01497306 0.89576005
0.01367261 -0.01599126 0.89836386
0.01822578 -0.01272695 0.90566677
0.02427536 -0.00560171 0.89494185
0.02559355 -0.01365307 0.89814364
0.02992995 -0.01830337 0.88836646
0.03274708 -0.01765439 0.86049478
0.03255093 -0.01855536 0.88037202
0.02752229 -0.01690489 0.87992476
0.02973968 -0.02393910 0.87243581
0.02183645 -0.01651282 0.86499214
0.01707248 -0.01600429 0.88485704
0.01444533 -0.01299418 0.86360989
0.02368023 -0.01301551 0.87624339
0.00844190 -0.02279893 0.88573058
0.00937321 -0.01949278 0.88296967
0.01604811 -0.01368940 0.89397258
0.01161206 -0.02087501 0.90154545
0.00798506 -0.01651753 0.91229120
0.01318664 -0.02442896 0.91307515
0.01711234 -0.01524190 0.91413428
0.01737945 -0.01445952 0.89101506
0.02780730 -0.01680721 0.91039825
0.02865309 -0.01939273 0.89991533
0.02911886 -0.01397672 0.93034638
0.03329295 -0.01527515 0.92504392
0.02712747 -0.01124359 0.93343317
0.02756179 -0.01953246 0.92868683
0.02290092 -0.02538744 0.90599903
0.02241523 -0.01991159 0.94971023
0.02099949 -0.01668215 0.96121752
0.02025294 -0.01915642 0.96675104
0.02793352 -0.01825568 0.95251448
0.00544745 -0.02129487 1.00454121
0.02958108 -0.02773309 0.96066217
0.03014940 -0.01650959 0.98164526
0.02334232 -0.02027730 0.98819415
0.01469927 -0.02254716 1.01331183
0.02188942 -0.02558736 1.00791626
0.02396697 -0.02378865 0.99774241
0.01385990 -0.00949653 1.02276552
0.01522899 -0.01886445 1.03835445
0.01558038 -0.02622372 1.03241732
0.01040322 -0.02056730 1.04414442
0.01081596 -0.01195932 1.06180748
0.00669112 -0.03039768 1.05045326
0.02495984 -0.02236262 1.04915667
0.02245353 -0.00696168 1.04603825
0.02247285 -0.02728112 1.06644244
0.02174600 -0.01916432 1.06897378
0.03927392 -0.03227349 1.07065702
0.01143561 -0.02504770 1.09897303
0.02060854 -0.01621537 1.07048626
0.01005317 -0.02196674 1.11089790
0.00412521 -0.02270634 1.07577478
0.01770153 -0.02671854 1.09143691
0.01720705 -0.02148257 1.09966316
0.00355208 -0.02014757 1.13614087
0.01201310 -0.02416496 1.10776246
0.01926278 -0.02222424 1.11769290
0.00702341 -0.01620980 1.12581836
0.01342222 -0.02317008 1.12333796
0.00796394 -0.01771771 1.14335333
0.00800178 -0.01993715 1.14046104
0.01113684 -0.02031043 1.13297612
0.00947281 -0.02092003 1.14164928
0.00370861 -0.02029512 1.15544117
0.00030700 -0.02249522 1.14983052
-0.00821571 -0.02609588 1.16660506
-0.00162121 -0.02070255 1.16834984
-0.00787677 -0.02341479 1.17106150
-0.00870835 -0.02428991 1.17498505
-0.00319172 -0.01618787 1.18722069
-0.00488027 -0.01988650 1.18009015
-0.01018621 -0.02109940 1.19526774
-0.00704627 -0.02238380 1.21042129
-0.00585498 -0.02503391 1.21618152
-0.00917705 -0.02327702 1.21740333
-0.00784500 -0.02268070 1.22214886
-0.00685638 -0.01983858 1.23283127
-0.01279950 -0.02030948 1.22903386
-0.00284959 -0.02490152 1.24439087
-0.00909973 -0.02483004 1.24436471
0.00846710 -0.01769261 1.27130050
-0.01148550 -0.02456498 1.27851480
0.00247314 -0.01212559 1.28057822
-0.00197657 -0.02722722 1.27179008
-0.01025655 -0.02598362 1.28498240
-0.01111576 -0.03568497 1.26707053
-0.00856737 -0.02611670 1.29198556
-0.01476893 -0.01969041 1.28706210
-0.00595116 -0.02130166 1.30931375
-0.00614906 -0.01598845 1.32882989
-0.01194163 -0.02363988 1.33486302
-0.01060987 -0.02263627 1.33796489
-0.00314545 -0.01744958 1.37991268
-0.01006397 -0.01935795 1.34903950
-0.02448086 -0.01632070 1.34974710
-0.04263418 -0.03519076 1.32945973
0.00117721 -0.01991917 1.38740440
-0.01096230 -0.02897261 1.36537591
-0.00696661 -0.02442659 1.39049368
-0.01265298 -0.02702983 1.39390158
-0.00674047 -0.02591808 1.40647525
-0.01944645 -0.02701430 1.38342226
-0.01363467 -0.02787668 1.39212755
-0.02054405 -0.03053915 1.37755401
-0.00506645 -0.02288686 1.41944312
-0.00705610 -0.02734306 1.41080561
-0.00344552 -0.03199618 1.39900859
-0.00291009 -0.03746367 1.42055002
-0.00407113 -0.03395205 1.41042141
-0.00677737 -0.02889482 1.42458926
-0.00950794 -0.03249001 1.39737915
-0.00978096 -0.03207378 1.41461831
-0.00078461 -0.02849795 1.40662408
-0.01074661 -0.03113453 1.41465377
-0.01260722 -0.02640466 1.40658626
-0.00343582 -0.02078150 1.41712199
-0.04659044 -0.02224493 1.39194989
-0.01171050 -0.02300742 1.41216997
-0.00872541 -0.01643573 1.42986965
-0.03067597 -0.00840208 1.40122635
-0.01334580 -0.03105274 1.41320803
-0.01482002 -0.02989111 1.39884031
-0.02425393 -0.03014246 1.40116732
-0.01272642 -0.03121873 1.39870079
-0.01194382 -0.02390221 1.39976820
-0.00903176 -0.03037390 1.39698471
-0.00927353 -0.02044880 1.40219861
-0.00537236 -0.02993365 1.39090084
-0.00731678 -0.03352543 1.39033111
-0.01727456 -0.03000237 1.34164930
-0.00445720 -0.03192745 1.39529488
-0.00428660 -0.02557874 1.38179840
-0.00108463 -0.02225167 1.38888383
0.00165117 -0.03143719 1.38395372
-0.01560515 -0.03467305 1.36962133
-0.00317950 -0.03462640 1.36956925
-0.00413264 -0.02809182 1.36066960
-0.02553447 -0.03137542 1.38484374
0.00005919 -0.01878951 1.35767730
-0.00394195 -0.02128539 1.33692759
-0.02030201 -0.03307906 1.35911478
-0.02336183 -0.03661084 1.35157585
0.00716508 -0.02454244 1.33421208
-0.01184828 -0.03460047 1.25673341
-0.00799057 -0.04812986 1.26513130
-0.01841554 -0.03361329 1.23938339
-0.03342415 -0.03345247 1.20976707
-0.00417205 -0.02000951 1.21069955
-0.01815862 -0.03081160 1.17572439
-0.01532857 -0.02452502 1.17945728
-0.02168338 -0.03580591 1.13711899
-0.01417000 -0.02538654 1.12312965
-0.03060072 -0.02299138 1.08112424
-0.02819086 -0.02447161 1.08547088
0.02683465 -0.00342241 1.07734980
-0.05902189 -0.01440569 1.03991346
-0.02660465 -0.00616949 1.05020281
-0.03412136 -0.00908212 1.03722496
-0.02785741 -0.02274564 1.03665899
-0.01474186 -0.03939187 1.03130679
-0.03917739 -0.02765028 1.01402816
-0.03256340 -0.01794951 1.01276193
-0.02208349 -0.01980712 1.04963028
-0.02551029 -0.01855266 0.99676239
-0.03599460 -0.01721548 1.01008672
-0.02915266 -0.02601868 1.01268651
-0.02919549 -0.01169313 1.02387319
-0.02941522 -0.01992366 1.02673341
-0.02351536 -0.01001193 1.05290931
-0.02034263 0.00399896 1.04313571
-0.03544378 -0.02237862 0.97513063
-0.03938556 -0.01823858 0.98679557
-0.02858431 -0.02549144 1.01263728
-0.00633218 0.00877908 1.04395863
-0.02654557 -0.01218923 1.00330209
-0.01796538 -0.03749941 0.97314856
-0.02641573 -0.03961168 0.95883342
-0.03788167 -0.02237674 1.01597143
-0.03810921 -0.02500453 1.01762524
-0.04474427 -0.02304584 1.03090722
-0.04604833 -0.02208525 1.04409129
-0.05109332 -0.02616143 1.03376149
-0.04698358 -0.01900665 1.04664689
-0.03949868 -0.02713116 1.04089969
-0.04314526 -0.02480969 1.05691205
-0.03638132 -0.02343983 1.04926947
-0.03215978 -0.02435848 1.05382741
-0.04109134 -0.01627414 1.09308957
-0.03563988 -0.01735423 1.09873837
-0.03836274 -0.01454645 1.08636812
-0.03508990 -0.01756160 1.08509667
-0.04157985 -0.01990921 1.09524218
-0.04313888 -0.02351198 1.08243199
-0.03874662 -0.02535070 1.12226206
-0.03575208 -0.02469994 1.10491649
-0.03808597 -0.02338443 1.12214428
-0.04262124 -0.01937863 1.12748696
-0.02937046 -0.01753156 1.13878191
-0.03624185 -0.01848593 1.13747484
-0.02908824 -0.03431746 1.12459493
-0.03062451 -0.01786481 1.16383134
-0.03233942 -0.02199922 1.15378553
-0.02646180 -0.02506225 1.14939045
-0.02293285 -0.02590877 1.16421737
-0.01712838 -0.02651693 1.16032902
-0.01571171 -0.02951053 1.16065540
-0.02858645 -0.01902023 1.17166621
-0.02294957 -0.03691419 1.17110631
-0.02078028 -0.02840251 1.16591097
-0.01486657 -0.02622422 1.16866027
-0.02073086 -0.03385219 1.15733097
-0.00863640 -0.02215464 1.17093881
-0.00410178 -0.01165273 1.18392558
0.00140341 -0.00095294 1.16683266
-0.01555194 -0.01930651 1.16065803
-0.01212462 -0.01829056 1.15905770
-0.00634192 -0.02796286 1.15080056
-0.00412567 -0.02101812 1.14819205
-0.01041945 -0.02329490 1.13345557
-0.00336308 -0.02185367 1.13238751
-0.00974277 -0.03294822 1.11477451
-0.00734842 -0.03125429 1.10773837
0.00424182 -0.02819472 1.09391299
-0.01143538 -0.03236114 1.06397898
0.00525011 -0.02578722 1.05189183
0.00545231 -0.02832406 1.03857860
0.01598775 -0.02276763 1.02381075
0.01809107 -0.01880376 1.00248706
0.02815072 -0.02400784 0.96531867
0.01114764 -0.02880959 0.95661679
0.02094849 -0.02339173 0.93453375
0.02516569 -0.02423816 0.91963465
0.01768362 -0.02979341 0.88581305
0.03398380 -0.02933094 0.86841136
0.00993746 -0.01713218 0.85454058
0.01441919 -0.01130317 0.82825761
0.02206527 -0.01279068 0.82469182
0.01098947 -0.01205786 0.82236873
0.02398023 -0.01247010 0.79808025
0.02855465 -0.00624824 0.78867158
0.05486762 -0.01453719 0.76399417
0.05647710 -0.01683852 0.77482436
0.04733341 -0.02113790 0.74109065
0.05089596 -0.01736650 0.74638522
0.05319494 -0.01147967 0.74972334
0.02961428 -0.02227134 0.71627312
0.04505283 -0.00723653 0.76759561
0.04690470 -0.01810467 0.76296944
0.03577256 -0.01742048 0.76343582
0.03953957 -0.01994079 0.75632753
0.04217451 -0.01404753 0.76735928
0.03840230 -0.01454606 0.76896466
0.03212082 -0.02206166 0.77207207
0.06500419 -0.00923256 0.72924858
0.02350437 -0.09059256 0.77237079
0.00729853 -0.00279701 0.77645827
0.02896869 -0.01646766 0.72800479
0.01819325 -0.00852069 0.75728071
0.01878459 -0.01350159 0.73619364
0.01908051 -0.02029646 0.74543014
-0.00451310 -0.03381049 0.74337011
0.02368115 -0.01976604 0.74881761
0.01516891 -0.01751301 0.76635857
0.01216468 -0.01917841 0.75057409
0.00503912 -0.01850562 0.78896959
-0.00266074 -0.00293949 0.79798008
0.01971753 -0.01173816 0.77337288
0.02732667 -0.00995456 0.78772230
0.03526327 -0.01557405 0.76717189
0.02584884 -0.05948805 0.64225548
0.03540052 -0.02283706 0.75714097
0.03087251 -0.01592165 0.75658337
0.03610041 -0.00761135 0.79447408
0.03416980 -0.00818802 0.78432309
0.00330908 -0.01059383 0.81010531
0.11288731 -0.00754196 0.73853765
0.04365670 -0.02970169 0.74995133
0.03392689 -0.01429636 0.72517613
-0.01600522 0.00883339 0.73786099
0.02440178 -0.01886403 0.73982550
0.05416533 -0.02186737 0.72972925
0.05084481 -0.02436922 0.71700072
0.03211840 -0.01345506 0.70870012
0.05244238 -0.01792035 0.69985383
0.03862851 -0.00287678 0.71405886
0.02695131 -0.00181706 0.72139933
0.01975719 0.00035084 0.71863990
0.02863339 -0.01504956 0.71947992
0.02907863 -0.00796726 0.72396627
0.02695760 -0.01526425 0.72584155
0.03447683 -0.01934933 0.69941875
0.03973573 -0.01597777 0.70070960
0.04727422 -0.02300045 0.71014079
0.04942110 0.00489806 0.72335006
0.04321289 -0.00071631 0.71771268
0.04267944 -0.02263677 0.72411598
0.04010197 -0.03353794 0.71736161
0.03249020 -0.01326109 0.71380215
0.02771781 -0.00586877 0.74142764
0.02716693 -0.01506117 0.74623326
0.02240014 -0.00881330 0.76122554
0.02817728 -0.01091502 0.76177333
0.02922039 -0.01224130 0.80208259
0.02916640 -0.02821532 0.80145680
0.01746219 -0.00694881 0.79421699
0.00878865 -0.01022858 0.79657721
-0.00592351 -0.01335782 0.80637316
0.00952432 -0.00080606 0.80848438
0.00798946 -0.01327820 0.82395038
-0.01800944 -0.00754312 0.83463886
-0.00961158 -0.01326096 0.85770394
-0.01492108 -0.01227545 0.85795261
-0.01208650 -0.00471330 0.87169577
-0.01597078 -0.01834341 0.88245246
-0.02535220 -0.00412935 0.88209221
-0.00147703 -0.01250755 0.87024606
-0.00251676 -0.00672437 0.88646902
0.00493295 -0.00375603 0.90359821
-0.00092585 -0.01062313 0.89979820
-0.00234093 -0.00750635 0.91440600
-0.00898694 -0.01089823 0.92246459
-0.00671440 -0.01875638 0.92161524
-0.01059953 -0.01299506 0.93408335
0.00294625 -0.00660429 0.95069551
-0.00323455 -0.00778762 0.97196553
-0.00846144 -0.00992119 0.95062570
-0.01590579 -0.02164543 0.97272163
-0.00169297 -0.01724055 0.98529739
-0.00290923 -0.01671779 0.99119523
-0.00487908 -0.02219866 0.98594171
-0.00375808 -0.01689193 0.99893289
-0.00073831 -0.01008579 1.00230629
-0.01355762 -0.01296501 1.00574713
0.00029554 -0.02085888 1.01264239
0.00137644 -0.01308368 1.01189638
-0.01453738 -0.00797530 1.00854737
-0.00526980 -0.01469141 1.00892392
-0.01572278 -0.01639022 1.01261398
-0.01509849 -0.01882231 1.00749090
-0.01691048 -0.01669449 1.01372591
-0.01296512 -0.01575549 1.02364002
-0.03220877 -0.02781472 0.98827819
-0.05637362 -0.02171031 0.97554864
-0.02660933 -0.01913255 1.00142754
-0.02666906 -0.01739758 1.01014904
-0.01906256 -0.02282830 1.00299487
-0.02968495 -0.01468271 1.01739507
-0.02961985 -0.01932707 1.01373721
-0.02482308 -0.01204079 1.02015934
-0.02353691 -0.00649006 1.02911654
-0.02130016 -0.01192641 1.02228072
-0.04311806 -0.02223358 1.00401755
-0.02928236 -0.02933274 1.01349945
-0.04391538 -0.02970375 0.99742996
-0.03208027 -0.01774377 1.01341609
-0.04028864 -0.00368403 0.99216119
-0.02170197 -0.01269814 1.00823029
-0.04816950 -0.02574359 0.99759549
-0.03912648 -0.01891819 0.99555238
-0.03306452 0.01066738 1.01589786
-0.03935973 0.01892414 1.01483690
-0.02484225 -0.01846261 1.01248215
-0.03108181 -0.01070765 1.00148704
-0.02692864 -0.01991048 0.99857941
-0.03848737 -0.03634024 0.99638340
-0.03027629 -0.01380211 0.99128376
-0.03559995 -0.01886579 0.99049426
-0.03374091 -0.02410430 0.99718175
-0.01305560 -0.01223410 1.00564667
-0.02176359 -0.01680025 0.99769434
-0.01659254 -0.00732658 1.02342273
-0.01564656 -0.01822683 0.99813298
-0.01686115 -0.02042932 1.01331447
-0.01139301 -0.01023330 1.00031863
-0.01856357 -0.01727571 0.99346178
-0.05117411 -0.01040383 0.98060944
-0.02045031 -0.01011179 1.00707873
-0.00734850 -0.01113088 1.04161572
-0.02501857 -0.03510628 1.00346761
-0.06669171 -0.00918451 1.01473526
-0.00175810 -0.00718282 1.02146429
-0.03607279 -0.01498372 1.00014265
-0.00739911 -0.02476732 0.97866651
-0.00077035 -0.01187247 1.01155764
-0.00879852 -0.01865985 0.97437777
0.00018102 -0.01823872 0.97671838
-0.01436026 -0.02039937 0.99344022
-0.01628511 -0.01015432 0.98196432
-0.01546030 -0.01647950 0.97348761
-0.00486422 -0.01536436 0.98166006
-0.02549728 -0.02204015 0.94853125
-0.00895414 -0.01802181 0.96318141
-0.01749996 -0.01029202 0.96092882
-0.00666763 -0.01552177 0.93367143
0.05850935 0.01457451 0.99940519
-0.00616776 -0.02062060 0.92223222
-0.05089450 -0.02056697 0.88637813
0.04061685 -0.07502651 0.90740462
-0.01173940 -0.01271908 0.87707228
-0.03670086 -0.02014655 0.81575234
0.00301020 -0.02484379 0.80022827
-0.00481554 -0.02336602 0.78756926
-0.04683419 -0.01618289 0.76051490
-0.01155700 -0.01578640 0.74409226
-0.00696503 -0.01855728 0.70695598
-0.01960340 -0.01430017 0.66281934
-0.01813772 -0.00471781 0.70557500
-0.00964079 -0.00631548 0.67633147
0.00102951 -0.00724955 0.69168289
0.00056036 -0.00894633 0.69916406
0.00604492 -0.01544334 0.68239043
0.01191549 -0.01161760 0.66241871
0.01931574 -0.00386006 0.66848556
0.04011862 -0.00362839 0.66177672
0.03324985 -0.00791634 0.66442439
0.03642262 -0.01200927 0.65673790
0.03582628 -0.01539497 0.64251644
0.03913014 -0.00900563 0.66002323
0.03817598 -0.01454942 0.64506954
0.04166633 -0.00208983 0.64770926
0.03093227 -0.00806652 0.64505487
0.03334524 -0.01197378 0.64265516
0.02994242 0.00260977 0.65813015
0.02853071 -0.00277576 0.66075258
0.02587916 -0.00544141 0.67764018
0.05451725 -0.00628336 0.63698315
0.03389352 -0.00455989 0.67026797
0.05144760 -0.00228188 0.66015440
0.05081867 0.00297595 0.66677080
0.04936256 -0.00552428 0.66431926
0.06204425 -0.00264134 0.65803302
0.04354693 -0.00931696 0.67459273
0.04767098 -0.01123514 0.68825319
0.03417261 -0.01441667 0.69843086
0.03479576 -0.01132545 0.70662484
0.03719955 -0.00793538 0.70003614
0.03824602 -0.00819812 0.72385093
0.02770431 -0.00916209 0.73087412
0.02370182 -0.01289760 0.74917251
0.02310363 -0.01508350 0.76592297
0.01470753 -0.00550303 0.77845442
0.01597224 -0.00712324 0.79101166
0.01673817 -0.00384812 0.81152118
0.01302846 -0.00292896 0.83092276
0.00567148 -0.01276612 0.84250341
-0.00177478 -0.01021078 0.85401357
-0.00647085 -0.00637759 0.86947162
-0.00477905 -0.00994863 0.89657688
-0.01499412 -0.01461056 0.90199252
-0.01530350 -0.01161797 0.90878710
-0.00603535 -0.01422953 0.92701655
-0.00912445 -0.01172266 0.93593476
0.00182830 -0.01102952 0.95775788
-0.01043283 -0.01208022 0.95782400
-0.02938321 -0.00606913 0.94851219
-0.00602973 -0.01226615 0.98942221
-0.01673999 -0.01507553 0.98962985
-0.01113407 -0.00708560 1.00312535
-0.04696959 -0.01795717 0.96984840
-0.01656806 -0.01497656 1.00936441
-0.02235910 -0.00643888 1.01626151
-0.01279744 -0.00763649 1.04099601
-0.04826160 -0.00465768 1.01843115
-0.01481750 -0.02027227 1.02459857
-0.01271598 -0.02488155 1.00456901
-0.00163542 0.01188952 1.04573881
-0.01752046 -0.01458623 1.03204370
-0.01460799 -0.02260134 1.05244640
-0.01217226 -0.02669043 1.04104677
-0.02106248 -0.02629341 1.02304075
-0.02275146 -0.02310023 1.02085525
-0.02204269 -0.01708631 1.06060039
-0.01838341 -0.02034515 1.05282834
-0.02911675 -0.02710844 1.02267581
-0.02049668 -0.02496480 1.04190645
-0.02386041 -0.01752655 1.06494038
-0.03305394 -0.01869686 1.05935617
-0.03158595 -0.01930210 1.04841897
-0.03242294 -0.01883908 1.04853401
-0.03023265 -0.01118640 1.06668725
-0.05326462 -0.02052445 1.04979700
-0.03570396 -0.01317593 1.05805418
-0.04212829 -0.01825296 1.07972787
-0.01281983 -0.01132467 1.09485262
-0.02470465 -0.03897539 1.08131069
0.00683390 -0.00037390 1.10162906
-0.01451082 -0.02162335 1.09022704
-0.01251717 -0.02728019 1.09888327
-0.02221369 -0.02673335 1.09513031
-0.01616653 -0.01928655 1.09929366
-0.02549673 -0.00481816 1.10614118
-0.00796183 -0.02261262 1.10025513
-0.01158437 -0.03104041 1.11649521
-0.00376633 -0.02762515 1.11385670
-0.00323545 -0.01910576 1.11356199
-0.02518425 -0.01711072 1.11408348
-0.02473219 -0.01024192 1.12340924
-0.01710481 -0.01849731 1.14483618
-0.01937948 -0.01000353 1.14210706
0.00073775 -0.02520663 1.15390054
-0.00165687 -0.01381454 1.15706791
0.00157482 -0.01804874 1.16145773
-0.02465434 -0.01561219 1.14585450
-0.02019918 -0.00948960 1.17311521
-0.01486157 -0.00937447 1.19283118
-0.00698861 -0.01518270 1.18870676
0.00961670 -0.02058253 1.19814214
-0.00414227 -0.02400499 1.18730447
-0.00604552 -0.01358577 1.19897153
-0.03263185 -0.01482156 1.18148457
-0.00927839 0.00230019 1.21007250
-0.00822724 -0.02925986 1.21516408
-0.04669801 -0.01929506 1.19035860
-0.00039506 -0.02669663 1.24070206
-0.01485912 -0.02205815 1.23710511
-0.03227485 -0.02663483 1.22347625
0.01673446 -0.02207422 1.25726337
0.00485560 -0.01206659 1.26822923
0.00069395 -0.01873678 1.26404082
0.00460160 -0.01406707 1.29222415
0.00851777 -0.01470719 1.27647672
0.01571052 -0.02196350 1.28388765
0.03032440 -0.00993982 1.28203770
0.02057602 0.00640410 1.32806437
0.01040391 -0.00771477 1.30176682
-0.02247101 -0.01384382 1.29264950
0.00997222 -0.02010140 1.30560089
0.01085544 -0.01732852 1.29050235
-0.00979906 -0.03078983 1.28274378
0.00599172 -0.01200156 1.29284768
-0.02080590 -0.02353054 1.28945949
-0.01868098 -0.03185300 1.30870992
-0.02596268 -0.02325176 1.30451665
-0.01199883 -0.02196878 1.30649501
-0.01179407 -0.01940004 1.31338737
-0.02227167 -0.02273218 1.32328673
-0.01436662 -0.01449914 1.32407031
-0.01303221 -0.01291950 1.32502491
-0.02119265 -0.02330133 1.31971037
-0.02583918 0.05166651 1.41251620
-0.01830589 -0.03926293 1.31639076
-0.02053286 -0.02771615 1.33042742
-0.04097332 -0.02410333 1.34190889
0.00409418 -0.01838268 1.36164000
-0.01697219 -0.02303465 1.35182813
-0.02579633 -0.06916388 1.35697029
-0.02841388 -0.02158219 1.35998520
0.00924172 -0.02414939 1.38118263
-0.02003993 -0.02458841 1.35488980
-0.01475823 -0.02174523 1.37104680
-0.06852048 -0.06257834 1.40195321
-0.02820600 -0.04728369 1.34501250
-0.00826669 -0.02077405 1.38855948
-0.05477694 -0.01592552 1.38140605
-0.02068731 -0.00148503 1.37375725
-0.02303867 -0.02103462 1.39683346
-0.00663612 -0.01640532 1.39574644
-0.01153660 -0.02113504 1.40694696
-0.01968240 -0.02692902 1.40491149
-0.02345423 -0.02857169 1.40667490
0.00322834 -0.00329992 1.43719018
0.00210220 -0.03118288 1.42344143
-0.00620124 -0.02712094 1.43025646
0.00382307 -0.02486371 1.43077222
-0.00831152 -0.02437241 1.39379078
-0.00552280 -0.02772223 1.42955778
0.02409573 -0.03439178 1.44325214
-0.01765690 -0.02632223 1.44795577
0.01859766 -0.03910854 1.47237154
-0.00767007 -0.01976446 1.44528906
-0.00776019 -0.02349399 1.44501051
-0.01520307 -0.02226189 1.44273196
-0.00369937 -0.02750312 1.45583490
-0.00946157 -0.02705271 1.45022639
-0.00943654 -0.00756992 1.45593212
-0.01950155 -0.02178961 1.47187014
-0.01329186 -0.02565424 1.45269201
-0.00529437 -0.03350982 1.45918723
-0.00769297 -0.02575869 1.46134882
0.03679634 -0.03128006 1.49851559
-0.03087534 -0.02369949 1.45977093
-0.01323460 -0.02897399 1.43846513
-0.01833208 -0.02647298 1.49273951
-0.01667555 -0.01301027 1.48555048
0.00830898 -0.04172085 1.48221455
-0.00595267 -0.03213932 1.47315458
-0.01540694 -0.01709363 1.48457933
-0.02877292 -0.03444419 1.46038058
0.00696287 -0.02662765 1.45862073
-0.01689205 -0.01808131 1.45921266
-0.01629490 -0.00192230 1.45618991
-0.02341771 -0.03725128 1.43033096
-0.01821858 -0.03113802 1.44600800
-0.03988735 -0.03034984 1.44047125
-0.00362417 -0.02927106 1.45729900
0.00369503 -0.02128046 1.45738227
-0.01988371 -0.02750647 1.46562625
-0.02513982 -0.03091379 1.45416028
-0.01504769 -0.01452989 1.45222289
-0.00909407 -0.03253636 1.45084587
-0.01572913 -0.02464081 1.45788098
-0.01157436 -0.02058699 1.45435746
-0.00864410 -0.01789477 1.45708192
-0.02286457 -0.02905666 1.45974799
-0.02565758 -0.02933712 1.45534977
-0.01092161 -0.02973916 1.46190988
-0.02685801 -0.03307562 1.43747972
-0.02405634 -0.03177523 1.44765251
-0.02477996 -0.01078785 1.51281422
-0.02609678 -0.00268376 1.42587020
0.00750667 -0.02146179 1.47616029
-0.02294248 -0.01438427 1.46794022
0.00470614 -0.02413548 1.40815267
-0.04313623 -0.03227986 1.45616032
-0.04443552 -0.02157912 1.46742738
-0.00246555 0.00920790 1.46704451
-0.00035289 -0.02126028 1.45524197
-0.01171184 -0.01400752 1.45586476
-0.02052862 -0.01468790 1.45189237
-0.01073636 -0.02409321 1.43740818
-0.00747922 -0.03007524 1.44651564
-0.01593231 -0.03394781 1.44337395
-0.00284192 -0.02289706 1.46048779
-0.01084992 -0.03070810 1.45698721
-0.01510136 -0.01899835 1.45528343
-0.00679862 -0.02209737 1.46611751
-0.00215405 -0.02087782 1.45253223
-0.02093290 -0.02777191 1.45497344
-0.00261013 -0.02289571 1.46258156
-0.00187505 -0.01752137 1.47513636
-0.00526987 -0.03028145 1.45489590
-0.00846397 -0.02151834 1.46239408
-0.04814503 -0.03959943 1.46605568
-0.00312639 -0.03397442 1.47105580
-0.02688801 -0.01672607 1.45318718
0.01264002 -0.02731153 1.46499222
-0.01684815 -0.02157862 1.44781159
-0.03953111 -0.03167977 1.44229410
-0.03341105 -0.03671243 1.44637965
-0.00042914 -0.03305568 1.43804300
-0.01246660 -0.02258345 1.45023064
-0.02349181 -0.02739559 1.43769327
-0.00270051 -0.02472056 1.44963298
-0.01085531 -0.04393046 1.44489686
-0.00479104 -0.01448001 1.44999451
0.00053273 -0.02234872 1.45427315
-0.03285927 -0.02190889 1.46053551
-0.01559471 -0.03763309 1.43538565
-0.00798623 -0.02035721 1.44075219
-0.00985616 -0.02773501 1.45570109
-0.00984125 -0.02308856 1.43913846
-0.00936998 -0.02439107 1.43198356
-0.00833851 -0.02541055 1.44692902
0.02553415 -0.02424578 1.43984411
-0.02543305 -0.01707539 1.43009043
0.00431754 -0.02845538 1.43106960
-0.06659114 -0.01544577 1.42145678
0.01179110 -0.02361217 1.44036499
0.00345499 -0.03048836 1.42089102
0.00709321 -0.02724842 1.42582317
0.01660790 -0.02801698 1.43261446
-0.00713103 0.02028035 1.39579233
0.01153371 -0.02698692 1.42638922
0.01681694 -0.03416864 1.40479471
-0.00225962 -0.02029693 1.40895608
-0.01222650 -0.04886492 1.40217952
0.00688137 -0.00109584 1.38459515
0.00970330 -0.02538623 1.42457887
-0.02958155 -0.02612539 1.36536757
-0.01109522 -0.02369792 1.41315416
-0.00040488 -0.01947083 1.41759655
-0.00331123 -0.01816983 1.41909311
-0.00465652 -0.02052507 1.43226248
-0.01491854 -0.02568793 1.39741809
-0.01552227 -0.02074084 1.42048083
0.00085597 -0.02006426 1.40934151
-0.00646835 -0.02415670 1.45135783
-0.00094561 -0.01532030 1.42672408
-0.01471589 -0.02569949 1.41196143
0.00318717 -0.02564278 1.43575762
0.00028580 -0.02033186 1.43162332
0.00155760 -0.02768062 1.44640009
-0.01827377 -0.00927626 1.43998795
0.00493718 -0.02658110 1.44261830
0.00775531 -0.02327715 1.45448763
-0.00958262 -0.02777388 1.43926758
0.00186702 -0.02496742 1.46017626
-0.01456935 -0.03372645 1.43421656
-0.01383562 -0.02977294 1.44220684
-0.01452820 -0.04435305 1.39782560
-0.01545221 -0.02757296 1.45591448
-0.00850210 -0.01896882 1.45710567
-0.02548035 -0.03511132 1.40739547
-0.02322723 -0.03043553 1.42354174
-0.00442038 -0.02345904 1.46918994
-0.00705484 -0.02058180 1.45713393
-0.00329493 -0.02291345 1.46365008
0.00662186 -0.02051718 1.47875425
-0.01959304 -0.03371871 1.43905772
0.00338297 -0.01453911 1.46852926
-0.01431743 -0.02256546 1.46719752
-0.00844278 -0.02564833 1.46657155
0.07836941 -0.05344560 1.54672536
-0.01494035 -0.01345230 1.44700473
-0.00614895 -0.02176161 1.48327760
-0.00396338 -0.02876273 1.47831844
-0.01242821 -0.03074541 1.46365490
-0.01783094 -0.02216459 1.45170125
-0.00917324 -0.02626429 1.48287831
-0.01137057 -0.02549511 1.46857008
-0.01682840 -0.02750868 1.45956895
-0.00884969 -0.02419391 1.49249815
-0.00846746 -0.03315352 1.48084989
0.00055116 -0.02981718 1.48346186
-0.00044442 -0.02829057 1.50062538
-0.00225280 -0.02485433 1.49304193
-0.07539646 -0.03494638 1.51294701
-0.01274300 -0.02985357 1.48948091
-0.01265595 -0.03403470 1.49668393
-0.02932308 -0.02287004 1.47592925
-0.01510984 -0.01866005 1.48994926
-0.01224500 -0.02349054 1.50646492
-0.02346076 -0.02606216 1.46892619
-0.02190869 -0.02684907 1.48900635
-0.00593331 -0.02920226 1.50372090
-0.01779449 -0.01679684 1.49904562
-0.02496329 -0.02385699 1.48266747
0.04053309 -0.02908887 1.52511942
-0.01687390 -0.02365439 1.49081050
0.03781052 -0.03381129 1.52839311
-0.00107537 -0.02466886 1.48851091
-0.03730913 -0.04740746 1.53476299
-0.00308367 -0.03591888 1.47615538
-0.00723846 -0.03792108 1.47304873
-0.01276198 -0.02661461 1.49992622
-0.02272042 -0.02818789 1.50020157
-0.02265583 -0.01899384 1.51196815
-0.00419645 -0.02834384 1.49935630
-0.01114758 -0.03318672 1.48618007
-0.05965854 -0.06942678 1.49010764
-0.01371924 -0.02595364 1.47311550
-0.06504163 -0.01951278 1.57554876
0.01253504 -0.02013080 1.50069661
0.02572805 -0.06427959 1.45956030
0.00301872 -0.05496074 1.45059262
-0.03587188 -0.02278871 1.45329491
-0.03340857 -0.02335220 1.46499271
-0.00765245 -0.02021687 1.47747388
0.00009481 -0.01850172 1.51116565
-0.09486319 0.04086283 1.44468006
-0.02613345 -0.02422226 1.49338915
0.01949375 -0.05047426 1.51109634
-0.00658470 -0.03640869 1.47780842
-0.00450955 -0.01661869 1.49136631
-0.02258214 -0.00299129 1.47178559
-0.03789051 -0.04388158 1.45953201
-0.01124672 -0.02475287 1.49864986
-0.02550911 -0.04759809 1.48321698
0.00357736 -0.02729373 1.48434810
0.00073162 -0.01564366 1.48523767
-0.01372722 -0.02223491 1.46722499
0.00343474 -0.02485869 1.49341482
-0.01425283 -0.02769652 1.44987779
0.00295698 -0.03155574 1.52527782
-0.00558510 -0.01721061 1.49060619
-0.00883431 -0.02745881 1.47975529
-0.02228407 -0.02292476 1.49456149
-0.06077493 -0.04098444 1.43396216
-0.00617073 -0.02967540 1.48041317
-0.00390706 -0.02642856 1.46726821
-0.01568207 -0.02896409 1.47126480
-0.00137776 -0.03949880 1.47008931
-0.04083847 -0.02022257 1.48017194
-0.01119514 -0.03047993 1.45185532
-0.02107676 -0.02762527 1.46554574
-0.01562314 -0.03250776 1.46846752
-0.01237952 -0.03654498 1.44377767
-0.02644266 -0.02652120 1.45405272
0.21566821 -0.10984575 1.19667656
-0.00521225 -0.02161407 1.43968520
-0.05541213 -0.04454911 1.46350527
-0.01243894 -0.02811061 1.40887837
0.01777175 -0.01792223 1.38811685
-0.05176655 -0.02015960 1.44469312
-0.00934097 -0.02352987 1.37819680
-0.01750542 -0.04005960 1.37618237
-0.02302016 -0.02857182 1.35391351
-0.01583899 -0.03001328 1.33232498
-0.04864825 0.00215597 1.31406696
-0.00025562 -0.02828697 1.28684819
-0.00800305 -0.03007710 1.27440587
-0.01080273 -0.02977455 1.26214221
-0.01192925 -0.02487424 1.24426402
-0.01516453 -0.03481040 1.22112301
-0.02297358 -0.02274094 1.20284396
-0.02432401 -0.03133312 1.16929186
-0.03853629 -0.03950588 1.14090856
-0.01538269 -0.02531581 1.09925845
-0.01867506 -0.02107816 1.07363437
-0.01860002 -0.02093955 1.05410923
-0.00738633 -0.01781238 1.03606029
-0.00403416 0.00150923 0.98874753
-0.00274048 -0.02606188 0.94876408
-0.01349006 -0.02964282 0.93079635
-0.03287407 -0.03498542 0.91500613
0.00453234 -0.02766396 0.86811411
-0.11008315 -0.04908084 0.85996024
0.00209620 -0.01104038 0.80621526
0.00245576 -0.01917976 0.77677314
-0.02592750 -0.02205582 0.72673886
-0.02375427 -0.02291170 0.68684750
-0.01974710 -0.02463035 0.67254552
-0.02303380 -0.02820414 0.63497476
0.02695610 -0.00296340 0.59832032
0.03714085 -0.02086159 0.60777413
0.01358921 -0.00229756 0.58894023
0.02084544 0.00391975 0.57800799
0.05370227 -0.01923102 0.58659002
0.04075808 0.00021610 0.56770563
0.01226668 -0.01382501 0.55929602
0.04141376 -0.01408043 0.54523023
0.08140795 -0.01901174 0.54414983
0.05849900 0.01904549 0.54522696
0.02510902 0.07057598 0.54650714
0.04248103 -0.00842585 0.53612587
0.08488244 -0.01757466 0.55455639
0.02658205 -0.02924179 0.53308966
0.00525561 0.03308597 0.53031318
-0.01650704 -0.01924264 0.52912641
-0.02411535 -0.03851584 0.54376802
0.05071223 -0.00388824 0.53124068
0.05738947 0.00338834 0.54210650
0.04569091 0.00058335 0.54868840
0.05354726 0.00593171 0.55315129
0.03521677 0.00453435 0.57381507
0.03546534 -0.00275408 0.57575785
0.02584986 0.01180278 0.59658559
0.01260791 0.01210033 0.60097263
0.04146244 -0.01212687 0.60026787
0.04749359 0.00522716 0.61046571
0.03667403 -0.00455046 0.62499470
0.03369177 0.00714707 0.63988134
0.02859506 0.01555854 0.65646122
0.03862961 0.00230343 0.66202707
0.02588175 -0.00121422 0.68246693
0.04322380 -0.00758116 0.66273109
0.01560215 -0.00599999 0.70487745
0.04171853 -0.01321217 0.70270747
0.01820014 -0.01485947 0.71802286
0.02353741 -0.01573580 0.70496073
0.01563196 -0.00855558 0.71759783
-0.00487334 -0.00131449 0.76796586
-0.00714647 -0.01298859 0.77118530
0.00176936 -0.00301688 0.76365982
-0.01144335 -0.00978540 0.79202332
-0.02665834 -0.02392662 0.79603999
-0.01805954 -0.01183752 0.80279956
-0.02396652 -0.02304153 0.80923927
-0.03000627 -0.00407505 0.81876679
-0.03587950 -0.00697411 0.83248531
0.00629228 -0.02683954 0.83892914
-0.04980410 -0.07245881 0.83485767
-0.09073525 -0.02023458 0.87606863
-0.03017441 0.00436223 0.88480759
-0.04215278 0.01393369 0.91508622
-0.02352047 0.00072353 0.89095254
-0.04286407 -0.02141207 0.92906906
-0.05562317 -0.00180971 0.93358612
-0.03010277 -0.00309124 0.91600451
-0.04624924 -0.00377891 0.93432673
-0.02041322 -0.01238052 0.91138005
-0.05623915 -0.01209732 0.91735178
-0.00962297 -0.02446135 0.88112589
-0.03772297 -0.01374193 0.89102025
-0.04526590 -0.00972253 0.86444241
-0.03721378 -0.01965013 0.84922708
0.00717983 -0.00732296 0.81228175
0.00675573 -0.04171024 0.80242253
0.00069970 -0.01180736 0.78563213
-0.00089483 -0.00539069 0.77833188
-0.00752824 -0.00416383 0.77431310
0.06450222 -0.06626016 0.74256577
0.00920152 -0.06188345 0.78962276
-0.01318327 -0.01391864 0.74230352
-0.00756820 -0.00316895 0.73260672
0.06269888 -0.04857876 0.66002711
0.02048953 0.04376319 0.73138660
-0.01655907 -0.02385019 0.73219708
-0.01104525 -0.00457599 0.70996438
-0.01626271 -0.01512818 0.70695571
0.00496999 -0.02413573 0.71064065
-0.00738716 -0.02172589 0.71549006
-0.00877553 -0.01082834 0.72601692
0.03396644 -0.01625246 0.75867180
-0.00696027 -0.01109834 0.72012575
-0.01031075 -0.00441213 0.73994441
-0.03804744 -0.01689719 0.74802519
-0.03218894 -0.01384675 0.74524215
-0.01611368 -0.01299108 0.72147540
-0.01645561 0.00475689 0.75310060
