-0.00115454 0.00449826 0.12722067
0.00914913 -0.00510916 0.14266333
0.03743675 -0.00367731 0.16026077
0.02422294 0.00322514 0.17704648
0.11343537 -0.03001684 0.15347818
0.03323884 0.00786814 0.20538012
0.02541441 -0.00726902 0.21842900
0.04729109 0.01626633 0.22876108
0.04930890 -0.00349451 0.24369994
0.07724018 -0.01545798 0.25331855
0.06287345 -0.00732158 0.26287841
0.06518715 0.00199739 0.27114720
0.06536535 -0.01118340 0.28698103
0.06152144 -0.00336871 0.29954139
0.05487824 -0.05350668 0.30852141
0.05748816 0.02335791 0.32694098
0.04639171 -0.00427827 0.34350067
0.05765950 0.00653227 0.36180027
0.03807504 -0.01773685 0.38101685
0.06481214 -0.00395397 0.39993255
0.03547558 0.00308168 0.42534518
0.05977507 -0.02949322 0.44399719
0.03158614 -0.00897087 0.47200693
0.03353723 -0.01090253 0.49335323
0.04953471 -0.00333872 0.51480583
0.04471864 0.00682669 0.54065193
0.00393358 0.00513005 0.56924040
0.03791087 -0.00316226 0.59287062
0.02364789 -0.00171515 0.62202706
0.04130195 0.01080207 0.64506889
0.02019775 -0.00653085 0.67104712
0.01803569 0.00078719 0.69642700
0.02048731 -0.00195750 0.71591499
0.02591806 -0.01687974 0.73803999
0.01768236 -0.00072595 0.75682720
0.00773734 0.00355620 0.77378045
0.00194016 -0.01630424 0.79168677
0.02073149 -0.01623240 0.79907020
0.00915746 -0.01853485 0.80514458
0.01381842 -0.01609576 0.80941694
0.01944700 -0.01444964 0.80981228
0.01186858 -0.01469818 0.81600282
0.00116715 -0.01117271 0.82001972
0.00241500 -0.00857930 0.82258866
0.00342153 0.00918886 0.82786224
0.05765465 -0.04744568 0.82574931
0.03290107 -0.01030720 0.83483895
0.02461521 -0.00927598 0.83679395
0.03769407 -0.02132207 0.83763960
0.02913957 -0.01474413 0.84043081
0.01452924 -0.02421860 0.84104670
0.03100988 -0.01515308 0.84192255
0.02731409 -0.01725628 0.84362827
0.04825811 -0.01498137 0.83989993
0.04062202 -0.03375225 0.84288321
0.03956037 -0.01787396 0.85046889
0.04128864 -0.02522254 0.84320423
0.04357251 -0.01882387 0.83420460
0.03991221 -0.00859157 0.82907805
0.04116271 -0.01724874 0.82490594
0.03565197 -0.01720117 0.83202863
0.02217661 -0.00403475 0.83338184
0.00369135 -0.01035678 0.83430022
0.03737466 -0.02794203 0.83315801
0.04852332 -0.00731853 0.82767901
0.02050595 -0.01880956 0.82205525
0.01411830 -0.01486662 0.81183698
0.01501569 -0.01120328 0.80397806
-0.00835054 -0.01970156 0.80030681
0.00515687 -0.01056216 0.80340438
0.02224712 -0.00014654 0.80423865
-0.00994058 -0.01456796 0.81008516
-0.02187647 -0.02542201 0.82213858
0.01136374 -0.00828368 0.83867824
0.01018149 -0.01668171 0.85792745
-0.00926749 -0.00914738 0.87620095
-0.00537125 -0.01216503 0.89178779
-0.02323507 -0.01090713 0.90822901
-0.00912569 -0.00457760 0.92481505
-0.02473865 0.01083886 0.94229064
0.01036741 -0.00733927 0.96112325
-0.00324033 -0.00849951 0.97662307
0.01039026 0.00126785 0.99041468
-0.00988371 -0.01034308 1.00111912
-0.00671226 -0.01105770 1.01721751
-0.02044793 -0.00683786 1.02870512
-0.02203035 -0.00330908 1.03455382
-0.01214756 -0.00967077 1.04115269
-0.02270033 -0.01741380 1.03833120
-0.00895980 -0.01494173 1.03678953
-0.01254435 -0.01518619 1.03466394
-0.00185708 -0.02255972 1.03418079
0.00584577 -0.00917562 1.03177944
0.00114756 -0.02261791 1.02684715
-0.01219878 -0.01585888 1.02536057
-0.01277379 -0.02326382 1.02313369
-0.00756939 -0.01539017 1.01522736
-0.00620563 -0.03027395 1.01107839
-0.00529531 -0.02194246 1.00579774
0.00470613 -0.01674417 1.00739687
-0.02074360 -0.02106142 1.00257681
0.00626113 -0.01911360 0.99551829
-0.01329466 -0.02777696 0.98784441
0.00663072 -0.00985368 0.98232518
0.00322335 -0.02722591 0.98120474
-0.00413683 -0.02073322 0.97616514
0.01133533 -0.02290584 0.97385292
-0.01229990 -0.00537074 0.97884117
0.00837077 -0.02894608 0.97558854
-0.01726981 -0.02097743 0.96857725
-0.00421639 -0.01898945 0.95268814
-0.00908814 -0.02113074 0.94836153
0.01513158 -0.02836795 0.95078410
-0.01212224 -0.02949597 0.95151889
-0.02030824 -0.02681701 0.95016677
0.00939227 -0.01393973 0.94914385
-0.00352150 -0.00373578 0.94932566
-0.02706858 -0.02783006 0.94044422
-0.01350057 -0.01954789 0.94038418
0.01162872 -0.01958277 0.93763878
-0.02103040 -0.02058384 0.93369834
-0.01778311 -0.01553932 0.93037710
-0.00835217 -0.00673525 0.93160804
-0.01549631 -0.01397062 0.93420283
-0.01176028 -0.01124423 0.92817068
-0.01907672 -0.01202296 0.93047176
-0.00430373 0.00271953 0.92955670
-0.01971087 -0.02495631 0.92232682
-0.02028176 -0.00993685 0.92663942
-0.01135552 -0.01440479 0.92026942
-0.01552454 -0.02339764 0.91610180
-0.01834425 -0.00719548 0.90809013
-0.01166354 0.00127065 0.91060129
-0.02743850 -0.00808507 0.91653369
-0.02200609 -0.02009287 0.91618641
-0.00994444 -0.02016711 0.90802676
-0.03390586 -0.01378656 0.90107532
-0.03624213 -0.00644148 0.90162624
-0.01468557 -0.01582149 0.90507677
-0.01303248 -0.00305952 0.90623631
-0.01757116 -0.01253360 0.90263751
-0.00904180 -0.01614740 0.90637058
0.01619369 -0.02630622 0.90878098
-0.02594154 -0.01694513 0.90256921
-0.02666072 0.00160757 0.89934186
-0.01263862 -0.00622857 0.89665783
-0.00255709 -0.01858328 0.89251569
-0.00390359 -0.01513083 0.89482966
-0.01151400 -0.00822175 0.89814697
-0.00824500 -0.01315226 0.90173314
0.00084980 -0.01239280 0.90273641
-0.01448115 -0.01989784 0.89338662
-0.01344242 -0.02154311 0.89480586
-0.02698244 -0.01710534 0.89486450
-0.00427709 -0.01604704 0.89913150
0.00283670 -0.01398948 0.89745023
-0.02741071 -0.02273505 0.89572267
-0.00928420 -0.01154284 0.89571958
-0.01857743 -0.02345232 0.89517032
-0.02535502 -0.01264682 0.89612091
-0.00884946 -0.01647516 0.89614233
-0.00822202 -0.01963385 0.89522307
-0.01260013 -0.01542806 0.89235181
0.00888956 -0.00128205 0.89870858
0.01152154 -0.01207627 0.89610671
-0.00144125 -0.03006216 0.89227819
-0.02035708 -0.00858385 0.89181849
-0.01728192 -0.01135283 0.88743655
-0.01385936 -0.00564616 0.89033522
-0.00183012 -0.01102184 0.88962757
-0.00375971 -0.00200462 0.88866072
0.00480994 -0.01191472 0.89357561
-0.01348086 -0.01294221 0.88417098
-0.00090060 0.00360357 0.87385350
-0.00895103 -0.00237799 0.87172812
-0.00795963 -0.01876188 0.87304979
0.02709152 -0.00981868 0.87267274
0.01757856 -0.02936864 0.86902156
0.00507791 -0.00163452 0.86240836
-0.01877504 -0.01167546 0.85810575
-0.02112453 -0.01251615 0.85229549
0.01100090 -0.02050068 0.84966216
-0.00244053 -0.02005123 0.84515924
-0.00768718 -0.00978698 0.83686306
0.01050385 -0.00934402 0.84183541
0.00731159 -0.01442557 0.83287177
0.00295676 -0.01649673 0.83751537
-0.00279603 -0.01314650 0.82377936
-0.00050603 -0.02305909 0.81506596
-0.01294899 -0.01315096 0.81064334
-0.00407997 -0.01164747 0.80839084
-0.01517034 -0.01230483 0.81058783
-0.00783280 -0.01265188 0.80517828
-0.02158273 -0.00959658 0.79596236
-0.02514640 -0.00124231 0.79367353
-0.00674462 -0.00927396 0.79314958
-0.01684470 -0.01454590 0.78164033
-0.02043380 -0.01925398 0.77428854
-0.02245705 -0.01592900 0.76407641
-0.02591782 -0.01113049 0.76095911
0.00234378 -0.01767795 0.76819087
-0.01939675 -0.01076889 0.77116703
-0.03230372 -0.00686014 0.76240829
-0.02576454 -0.01494763 0.74932027
-0.01192891 -0.02003789 0.74431844
-0.02335874 0.00074155 0.74911260
-0.01820724 -0.00360880 0.75932955
-0.00655890 -0.01877271 0.75718309
-0.00722998 -0.00939691 0.75615220
0.00099601 -0.01200899 0.74971732
0.01401282 -0.01580119 0.74679276
-0.00173004 -0.01464089 0.75365266
-0.02642273 -0.00897436 0.74815624
-0.02170342 -0.00713695 0.74783058
-0.03707687 -0.01467201 0.74562807
-0.00110965 -0.01598505 0.73561051
0.01636235 -0.02735026 0.73195949
0.00383941 -0.01996128 0.72812210
0.01251635 -0.01178849 0.72198843
0.00546351 -0.00699753 0.71617471
0.00056272 -0.00739735 0.72096311
0.00432364 -0.01014362 0.71840993
-0.00646412 -0.00931295 0.71034259
-0.01029838 -0.01015412 0.70122470
-0.01372101 -0.01316560 0.69715762
-0.02459978 -0.00199261 0.69285731
-0.02935441 -0.00717082 0.68720621
-0.03359840 -0.00906883 0.68519670
-0.01724801 -0.00557037 0.68080432
-0.02216436 -0.00633359 0.67463176
-0.02247655 -0.02040910 0.66720077
-0.01866609 -0.01284090 0.65659089
-0.02148749 -0.01048197 0.65530249
-0.02516348 -0.01399132 0.63825672
-0.03175191 -0.00999407 0.64069974
-0.02562575 -0.01194323 0.63523039
-0.03754826 -0.01087887 0.63507054
-0.00293393 0.00038882 0.63084126
-0.01464035 -0.01519086 0.62144958
-0.03678572 -0.02026990 0.61295663
-0.00705398 -0.00707258 0.60727236
-0.00894713 -0.01064764 0.61017597
-0.01259451 -0.00528309 0.61538844
-0.03285745 0.00606037 0.62780934
-0.02451196 -0.01018611 0.63088940
-0.01741294 -0.02283666 0.63135342
0.00440742 -0.01161573 0.62207989
0.00134501 -0.00692568 0.61936338
-0.02425050 -0.00146436 0.61992381
-0.02269319 -0.00391458 0.62425220
-0.03400399 -0.01546459 0.62704006
-0.00132987 -0.01072562 0.63952392
-0.03682698 -0.01794290 0.64135281
-0.04757207 0.00868415 0.64438008
-0.01285939 -0.01768287 0.64790267
0.05924576 -0.00361548 0.64386916
-0.02769003 -0.01710744 0.64608219
-0.01503870 -0.01035555 0.64856393
-0.01125212 -0.01258533 0.65555573
0.02599968 0.00534628 0.66653574
-0.03716653 -0.00852018 0.67528090
-0.01046719 -0.00562903 0.67414351
-0.02840768 -0.01444590 0.67362148
-0.01819367 -0.00917178 0.68694883
-0.02409381 -0.00629465 0.68908775
-0.01634883 -0.00859382 0.70466219
-0.01304183 -0.00978575 0.71448771
0.01433363 -0.01428181 0.70929160
0.02486374 -0.02325867 0.71897489
0.00341006 -0.00762653 0.73075118
0.00813424 -0.00326768 0.74574668
0.00834954 -0.00913921 0.74763971
0.00564705 -0.02287911 0.75067159
0.00621096 -0.01283167 0.75079873
0.00201963 -0.01323832 0.75300060
-0.00010542 -0.01047184 0.75169723
0.00333576 -0.01061860 0.74734104
-0.01097363 -0.01283614 0.74752920
-0.00421588 -0.00719785 0.74419126
-0.00252462 -0.01129424 0.74535176
-0.00833824 -0.02362809 0.74981038
-0.00336432 -0.01293930 0.74779018
-0.00364134 -0.01094902 0.74785542
0.01040167 -0.00940359 0.74792689
0.00967630 -0.00482936 0.74369810
0.00712246 -0.01557413 0.74500532
0.00812609 -0.01475998 0.73822249
0.00817044 -0.01192051 0.74303511
0.01422874 -0.01192706 0.74320921
0.03107670 -0.00915841 0.74723381
0.01008259 -0.02046309 0.74716001
0.01196221 -0.01369484 0.74209865
-0.02754188 -0.01472476 0.74356350
-0.00194665 -0.01503505 0.74367689
0.00281004 -0.01975675 0.75213297
-0.00613816 -0.02156025 0.74873251
-0.02042969 -0.01117440 0.75452480
-0.02231929 -0.00227465 0.75915723
-0.01642838 -0.01631614 0.76077120
-0.00423004 -0.01628963 0.76310165
-0.00401935 -0.01760775 0.76630798
-0.01113275 -0.00947648 0.77476040
-0.01716132 -0.01677561 0.77582128
0.00205842 -0.01139364 0.78398994
-0.02413284 -0.00988374 0.78179974
-0.01552425 -0.01552934 0.78614294
-0.01332859 -0.01796543 0.78751826
-0.00468652 -0.00830184 0.78906544
-0.03627242 -0.00433998 0.79106530
0.00212792 -0.00665857 0.79710890
-0.00301003 -0.02163461 0.79404992
-0.01938309 -0.01918217 0.79979712
-0.02311506 -0.01229236 0.80119554
-0.01827331 -0.02091923 0.79924022
-0.00747565 -0.01750674 0.79419725
-0.01184854 -0.01824456 0.78876481
-0.01090362 -0.01364141 0.79044427
-0.02153089 -0.00864341 0.79511537
-0.01983394 -0.01925515 0.79057221
-0.00552765 -0.02080142 0.77970509
-0.00643415 -0.01723458 0.77974309
-0.00176598 -0.00249372 0.78453775
-0.02343636 -0.00109976 0.79425309
-0.02004231 -0.00959776 0.80013807
-0.01957111 -0.00662524 0.80351924
-0.00798212 -0.02087626 0.80425354
-0.00910224 -0.02343326 0.80033725
-0.01143533 -0.01820377 0.78995958
-0.01455600 -0.01900781 0.79070379
-0.01242442 -0.00835219 0.79259892
-0.00318365 -0.01460418 0.79310638
-0.00788891 -0.00438292 0.79190346
-0.02212544 -0.00632648 0.79789637
-0.00416180 -0.00956583 0.80513566
-0.00332418 -0.01543546 0.80669840
-0.01137643 -0.01741481 0.81064166
-0.00718624 -0.01249469 0.81193332
-0.00626980 -0.01651107 0.81733486
-0.01119223 -0.02880920 0.81155956
-0.04955531 -0.04057738 0.79623805
-0.00446008 -0.02508216 0.79775599
0.00029053 0.01038354 0.79592645
0.01356151 -0.00008676 0.81136511
-0.00372442 -0.01967083 0.81643627
-0.02497825 -0.02562587 0.81104779
-0.00239007 -0.01574502 0.81117140
-0.00510963 -0.02616706 0.81728602
-0.02963370 -0.01160426 0.82076478
-0.00648914 -0.02566947 0.81683741
-0.00799695 -0.02049785 0.81618226
-0.01748420 -0.02307443 0.81361818
-0.00340292 -0.01405538 0.81351580
-0.00541771 -0.00273835 0.81674855
-0.00441639 -0.01814728 0.81758581
-0.01455531 -0.02132124 0.81917180
-0.00871106 -0.02055292 0.81701204
0.00986857 -0.01336008 0.81466845
-0.05637948 -0.03013706 0.81167904
-0.02267668 -0.01549811 0.81067026
0.01086022 -0.01259123 0.81675622
-0.01192885 -0.01270798 0.81793409
0.01496661 -0.02935950 0.81889119
-0.00931915 -0.02056501 0.81454140
-0.01645517 -0.01282925 0.82158234
-0.01495006 -0.01483906 0.82500754
-0.01093518 -0.02065618 0.82322298
-0.08397511 -0.00162043 0.81697373
-0.02203443 -0.02159756 0.81561992
-0.02599073 -0.00553016 0.81521255
-0.02657537 -0.01400224 0.81955400
-0.00554580 -0.02746300 0.81796862
-0.00748255 -0.02497631 0.81445250
0.00515701 -0.01015376 0.81190356
0.00239314 -0.00903754 0.81245217
0.01610571 -0.01204690 0.81991455
0.01047872 -0.02245592 0.81593709
0.02660713 -0.02063653 0.81557743
0.02128263 -0.01112986 0.81209587
0.00680833 -0.01715262 0.81124578
0.01117559 -0.00662790 0.81876612
-0.02692625 -0.00674286 0.81788993
-0.00029359 -0.00978895 0.82467145
-0.00202738 -0.01675796 0.82636859
0.00296576 -0.01923841 0.82894402
-0.00645834 -0.01452457 0.82339690
-0.01401302 -0.01900675 0.81967807
-0.00485612 -0.01707624 0.81552045
0.00722885 -0.02331041 0.82343613
0.00288410 -0.01560297 0.83324578
-0.01764644 -0.00911781 0.84271220
0.00371229 -0.01571677 0.84129144
-0.00624624 -0.01227588 0.84903533
-0.00662699 -0.01135595 0.85455468
0.00089301 -0.00976929 0.85806671
0.00148268 -0.03662547 0.86019529
-0.00997265 -0.01187070 0.86493181
-0.00134372 -0.02086935 0.86910958
-0.00040592 -0.00739575 0.86445937
-0.00049360 -0.01090228 0.87085599
-0.00779510 -0.01545920 0.87044743
-0.03037776 -0.01117700 0.87815439
-0.04322346 -0.00221316 0.88564399
-0.00681090 -0.01471516 0.89206979
-0.01698962 -0.00667979 0.90151795
-0.02142309 -0.00703921 0.90907673
-0.02112124 -0.01457070 0.90616170
-0.01313768 -0.02226436 0.90225152
-0.00453468 -0.01580831 0.89596321
-0.02051476 -0.01014363 0.88959946
-0.00735950 -0.01144333 0.89259553
-0.00574696 -0.00619143 0.89586062
-0.00352121 -0.01239250 0.90557640
0.00038629 -0.01111192 0.91854868
0.01308210 -0.01089429 0.92451818
-0.02297315 -0.01350712 0.92560890
-0.01406035 -0.01879043 0.92518159
-0.02118433 -0.01765796 0.98427042
-0.01089665 -0.01000713 1.00825247
-0.00956660 -0.01689058 1.01011879
0.00120380 -0.01979756 0.98647681
-0.03965714 0.00621015 0.97984598
-0.04181945 -0.01207726 0.98079911
-0.01171939 0.00714546 0.97951614
-0.01840814 -0.01964869 0.98536783
-0.01396957 -0.01951741 0.98437292
-0.00052245 -0.00718796 0.98201208
-0.01042994 -0.00980865 0.96391383
-0.00768196 -0.02534096 0.97567659
-0.02548298 -0.01062223 0.96846591
-0.00679205 -0.01426885 0.97358644
-0.01924954 -0.01736010 0.96458794
-0.01509809 -0.02507079 0.96871206
0.01342387 -0.02291230 0.96249851
0.01169383 -0.01443181 0.96188167
-0.00835355 -0.02170385 0.96057122
0.00163869 -0.02395128 0.95090937
-0.01784867 -0.01580384 0.95725668
-0.00805941 -0.01847463 0.95122259
-0.00581176 -0.02022526 0.95161657
-0.00175373 -0.01324862 0.94515273
-0.00400501 -0.00966456 0.94803308
-0.01190442 -0.00484683 0.95071247
-0.00608923 -0.01736182 0.94969438
0.00461272 -0.01708516 0.94792942
-0.02308042 -0.00251840 0.94830388
-0.01051172 -0.02396919 0.94083959
0.00132754 -0.01771337 0.94079709
0.00484858 -0.00798206 0.93417345
0.03331658 -0.00685812 0.93938658
-0.00313430 -0.01594252 0.94550528
-0.01560089 -0.02174270 0.94995299
-0.01534497 -0.01742240 0.95414211
0.02584576 -0.01488422 0.95123263
-0.00112258 -0.01314204 0.95092705
0.03759308 -0.01985853 0.95148746
-0.00068885 -0.01400605 0.95827744
0.00050814 -0.02106059 0.96302803
0.01452727 -0.01563916 0.96538440
-0.02219941 -0.01994043 0.96904539
-0.00933890 -0.01281842 0.97845170
-0.00255189 -0.01320808 0.98010285
-0.00824646 -0.02176109 0.97031616
-0.01051742 -0.00259891 0.96930839
-0.01098857 -0.00364796 0.97359396
-0.01308628 -0.01620357 0.98169283
0.00447417 -0.01189936 0.98845439
-0.05674482 -0.00642427 0.98783193
-0.00779046 -0.02374026 0.99300183
-0.02389556 -0.01864020 0.99494092
-0.02010481 -0.01106248 1.00004488
0.00894790 -0.01254052 0.99897898
-0.01594864 -0.01154941 1.00342199
0.02297007 -0.01783471 1.00534821
-0.00836279 -0.01525555 1.00943545
0.02234217 -0.02733633 1.00803007
-0.02516633 -0.00432637 1.01656443
-0.00733398 -0.00467714 1.01340038
-0.00642643 -0.02342088 1.01358660
-0.00233943 -0.02087126 1.01518909
0.02780714 -0.02138243 1.00917448
-0.00873654 -0.01465152 1.00965401
-0.02372632 -0.00885226 1.01107751
0.00694067 -0.01415593 1.01693768
-0.03618184 -0.01696757 1.01867765
0.00098065 -0.01988419 1.02027602
-0.01131095 -0.02665157 1.01182018
-0.01245424 -0.02280217 1.00603313
0.01403838 -0.00119299 1.00690695
0.00317585 -0.01698585 1.00873959
-0.01004349 -0.01812638 1.01782772
0.00004274 -0.03378296 1.01556966
-0.00386312 -0.01849982 1.01621352
-0.00305697 -0.02228543 1.01713855
0.00469621 -0.02321844 1.01146839
-0.00049686 -0.02573881 1.01344845
-0.00275787 -0.01548929 1.00911231
-0.00225256 -0.01287727 1.01575575
-0.02402118 -0.01366003 1.01650266
-0.00064168 -0.01802771 1.01232333
0.01215427 -0.02049507 1.01368595
-0.01297097 -0.01894640 1.01146413
-0.01003396 -0.01944447 1.01380181
0.00196220 -0.01632627 1.01418537
-0.00694461 -0.00831325 1.01202902
-0.01354195 -0.01886791 1.00950948
0.02671101 -0.01591405 1.00655920
-0.00603373 -0.02614190 1.00169687
0.00045505 -0.02173297 0.99938268
0.02103540 -0.01487277 0.99530604
-0.00517426 -0.01688602 0.99190428
-0.01232384 -0.02192333 0.98221800
-0.00479802 -0.03041516 0.97204016
0.00980117 -0.02095465 0.96156708
0.00516312 -0.02355881 0.95001936
-0.01297820 -0.01215030 0.93721386
-0.00136332 -0.02240089 0.92456620
-0.00926263 -0.02729072 0.91227830
-0.01991167 -0.02257988 0.89404802
-0.00392176 -0.01400205 0.87792147
-0.01284622 -0.01941653 0.85859909
-0.02283640 -0.02452246 0.84081817
-0.00589873 -0.01802035 0.82356946
0.00634362 -0.03045963 0.80594683
0.00018167 -0.01946401 0.79425894
0.00109080 -0.01545934 0.78367368
-0.00843913 -0.02242303 0.77106533
0.00144210 -0.01769226 0.75896034
0.00910831 -0.02067753 0.74576215
-0.00240830 -0.02188929 0.73686692
0.01176363 -0.01112605 0.72361987
-0.00274981 -0.01122401 0.70838746
-0.00131622 -0.02203865 0.70078294
-0.00136192 -0.02139590 0.69940827
0.01396002 -0.01274698 0.70223435
0.02603091 -0.01723865 0.71378555
-0.00708801 -0.01901662 0.71957268
0.01688600 -0.01448649 0.72453278
0.01902269 -0.00715096 0.73030859
0.00521252 -0.02121169 0.72818990
0.00734903 -0.01753752 0.73255548
0.00745398 -0.02574501 0.73194345
0.01080832 -0.01702818 0.73733392
0.01084399 -0.01963195 0.74694116
0.02836331 -0.00853729 0.75557529
0.03221315 -0.01265815 0.77557057
0.00649547 -0.00063022 0.78757700
-0.01196374 -0.01483457 0.78879402
0.02181733 -0.03005195 0.78661629
-0.00552445 -0.01015296 0.79010692
0.02297558 -0.02221469 0.79290853
0.02857847 -0.01752617 0.80472769
0.00947947 -0.00661738 0.80590611
-0.00045391 -0.01965183 0.80864354
0.01694383 -0.02136733 0.79914273
0.00359252 -0.01319176 0.79194626
0.00610457 -0.01391045 0.78916668
0.00656246 -0.01682666 0.78479312
-0.01297962 -0.02041674 0.77663029
0.01384311 -0.02075474 0.77057027
0.01384058 -0.02052226 0.75952476
0.01180103 -0.01913881 0.75479196
0.02501704 -0.03347437 0.74256586
0.02034874 -0.03395108 0.72848652
0.00377605 -0.01791797 0.72017088
-0.00352373 -0.01662172 0.71442013
0.00209102 -0.01760722 0.70852292
0.00855304 -0.01719358 0.71812316
0.01101394 -0.02275972 0.70293570
0.00202030 -0.00700920 0.71127906
0.02554988 -0.01654666 0.71445088
0.03811312 -0.01909189 0.70713870
0.02848707 -0.01248165 0.73034558
0.04386450 -0.00839649 0.72701214
0.01814384 -0.01281795 0.74864736
0.02775823 -0.01093933 0.75519451
0.01641702 -0.01468220 0.75335931
0.01569600 -0.01152688 0.76081844
0.00020925 -0.01314352 0.76368676
-0.00040114 -0.01523632 0.76800574
0.00216213 -0.01569817 0.77408487
-0.01977004 -0.01488464 0.76763761
-0.02129632 -0.03741018 0.75661903
-0.02624954 -0.01701383 0.75310583
-0.00096622 0.00073283 0.75589294
0.00014510 0.00327358 0.77923404
-0.03854827 -0.00190043 0.79277856
-0.00251201 -0.00773570 0.78808735
-0.03284554 -0.04408420 0.76437490
-0.00640876 -0.02328327 0.74159845
-0.01148159 -0.00511571 0.75242354
0.00408535 -0.01694426 0.76539019
-0.03855942 -0.00964472 0.76892655
-0.01351415 -0.02022171 0.75365370
-0.00746029 -0.02508931 0.73133290
0.02029102 -0.01346693 0.71611109
0.01059575 -0.00993468 0.71355560
-0.00099918 -0.01480884 0.71015455
0.00165739 -0.01850104 0.69963044
-0.00280757 -0.01358619 0.68645998
-0.00166898 -0.01612983 0.67661996
-0.02227609 -0.01131359 0.66621018
-0.00596690 -0.01318905 0.66230554
0.00538811 -0.01925072 0.65361124
0.00365545 -0.01933065 0.64939255
0.00148883 -0.01544436 0.63388197
0.02493410 -0.01191125 0.62724126
0.01063581 -0.01704560 0.59878579
0.01371936 -0.00609601 0.57491871
0.02935492 -0.00413091 0.55758039
0.02867079 -0.01152088 0.53275799
-0.00331964 -0.01206114 0.51771800
0.01428975 -0.01995103 0.49095364
0.03034289 -0.01803351 0.45465813
0.05677041 -0.02577118 0.42602568
0.04869397 -0.00983420 0.40281696
0.02090488 -0.01246636 0.37760300
0.00194999 0.00339971 0.36732345
-0.00867750 -0.00587678 0.35159103
0.02354686 -0.00501166 0.33607337
0.03802385 -0.00674425 0.31979037
0.00059899 -0.00295757 0.30477406
0.00326439 -0.00133325 0.28665631
-0.00305109 -0.00887400 0.26526281
-0.00044076 -0.00051147 0.24726827
0.00932503 -0.02130083 0.22444461
0.01261372 -0.00076212 0.20150972
-0.00165899 -0.00425881 0.17724785
0.00984732 -0.01283359 0.15874085
0.00340022 -0.00840250 0.15112118
-0.00541119 -0.00363629 0.15040395
0.00260522 0.01102657 0.15229668
-0.00324098 0.02063222 0.15594226
0.06065919 0.01330417 0.13998367
-0.00983139 -0.00251860 0.14749857
-0.00896329 -0.01387271 0.14602353
-0.00290045 0.00043599 0.14715173
-0.01777570 0.00354156 0.14880172
0.07872301 -0.02047939 0.14079522
-0.01642838 0.00002182 0.17663298
-0.02564415 0.01189000 0.19381566
-0.03295542 0.00520675 0.21234345
-0.02817930 -0.00605470 0.22448156
-0.01950053 -0.00853123 0.23361322
-0.00619634 -0.02711803 0.24638192
-0.01220312 -0.00222301 0.25148911
0.02488429 0.00342334 0.26323510
-0.00763382 0.00043837 0.27099232
-0.00772393 -0.00532096 0.27200159
-0.00063976 -0.01723562 0.28969092
-0.01763014 -0.00118705 0.30110265
-0.01344088 -0.01253229 0.30137405
-0.03232863 -0.00211272 0.32553011
-0.05500123 -0.00478087 0.33428129
-0.02977168 -0.00403896 0.33541985
-0.02885186 -0.00438240 0.36517391
-0.01224500 -0.00756614 0.36259088
-0.03138859 -0.00456419 0.39274080
-0.03662633 0.00434359 0.40744328
-0.03447735 -0.00453284 0.40829227
-0.01424363 -0.00486926 0.44082507
-0.02790733 0.00115058 0.45851142
-0.03263860 -0.00331589 0.46789797
-0.02406996 -0.00948142 0.49595286
-0.02078046 0.00042203 0.50622947
-0.02836384 -0.00318490 0.53227887
-0.00683874 0.01987744 0.55159452
-0.01573577 -0.01418735 0.55741014
-0.01481773 -0.01631407 0.57494532
-0.00520883 -0.02502774 0.59387734
-0.03741110 -0.00642019 0.60236651
-0.02807371 0.00279494 0.62706595
-0.01938373 -0.00300836 0.63860749
0.00512679 -0.01187188 0.67048437
-0.03257395 -0.00419798 0.68637119
-0.01545468 -0.00254127 0.70396468
-0.02090000 -0.00989857 0.71758509
-0.02406627 -0.00377476 0.73106674
-0.01178427 -0.00746524 0.74584134
-0.01976269 -0.00342546 0.76110078
-0.00417612 -0.00665752 0.77486957
-0.00588357 -0.00424407 0.79049902
-0.02116354 -0.01237087 0.80399922
0.00045179 -0.00439981 0.82032089
-0.00613978 -0.01094921 0.83264229
0.00629974 0.00185150 0.84526398
0.00753362 -0.00701045 0.85481887
-0.00446685 -0.00686470 0.86236798
0.00231823 -0.00223487 0.87881250
-0.01977683 -0.00505213 0.88483605
0.00040179 -0.00586196 0.89843300
-0.00166996 -0.01118283 0.90973380
-0.02994048 -0.01089029 0.92450455
-0.01893435 -0.00761819 0.93859559
-0.00660673 -0.00998929 0.94825015
-0.00088542 0.00031518 0.95872029
0.00011646 -0.00779819 0.96769750
-0.00882349 -0.00054833 0.98180781
-0.00851105 -0.01450486 0.99236191
-0.00446949 -0.01128273 1.00566726
0.00283835 -0.01777838 1.01523532
0.01020835 -0.00591637 1.02510851
-0.02197625 -0.01263793 1.03929218
-0.01726212 -0.00732516 1.04889411
-0.00310721 -0.02113050 1.05210749
-0.01029692 -0.00661967 1.04763992
-0.02237638 -0.02000672 1.05759415
0.00011455 -0.01476878 1.06273932
-0.02613985 0.00443651 1.07518314
-0.03543649 -0.00128589 1.07528358
0.00108691 -0.01539841 1.08134076
0.01959079 -0.01753859 1.08118538
0.01273729 -0.01193566 1.08012715
-0.01357069 -0.02646276 1.09330727
-0.00619564 -0.01815175 1.09186179
0.03258284 -0.02878386 1.08629263
0.02252510 -0.00153602 1.09299339
0.02309837 -0.01396089 1.09171783
0.03565598 -0.01462133 1.11013604
0.02364866 -0.01800651 1.11068565
0.02084275 -0.01656623 1.09148015
0.00528159 -0.02178583 1.10718737
0.02458890 -0.01532774 1.09001562
0.01387615 -0.00772595 1.10840812
0.01126964 -0.02568951 1.10921181
0.03679959 -0.02440998 1.08553246
0.01554489 -0.02006344 1.11270128
0.02573333 -0.02352406 1.09182094
0.05296201 -0.01315845 1.11183866
0.02480538 -0.01128303 1.11531466
0.02589211 -0.00346573 1.11027655
0.03504067 -0.02370537 1.12899434
0.01970355 -0.01248882 1.12665734
-0.00372105 -0.01327909 1.11975418
0.02117590 -0.01077075 1.13576803
0.01898808 -0.01204296 1.13275367
0.01605162 -0.00908976 1.14136083
0.02402487 -0.01234160 1.14153778
0.01428999 -0.03919541 1.14559702
-0.00747492 -0.01564275 1.14669000
0.03407241 -0.02080732 1.15094613
-0.00255052 -0.01258267 1.15770572
0.01202446 0.00212544 1.16954775
0.00327118 -0.00404371 1.18066596
-0.00185766 -0.00782605 1.19344136
0.00280574 -0.00961393 1.20005086
-0.01250236 0.00035149 1.20523166
0.01133093 -0.00573385 1.20657593
-0.00626349 -0.01337919 1.22106539
-0.01345289 -0.01479477 1.22848964
0.02173025 0.00378688 1.24054472
0.01785625 -0.02519503 1.24696110
-0.01783099 -0.01297572 1.25085361
-0.00739800 -0.00663101 1.26219704
0.00863785 -0.01445842 1.27290124
-0.00459278 -0.02981683 1.27321566
-0.02936806 -0.01376333 1.28509633
-0.00355304 -0.01190822 1.29217739
0.00213885 -0.00917863 1.30125705
-0.01068988 -0.00754601 1.30842161
0.00509638 -0.01464991 1.33547549
-0.01797750 -0.00807188 1.34328976
-0.00096725 -0.01399190 1.35094866
-0.00976374 -0.01729909 1.35320883
-0.01548269 -0.01631522 1.36363261
-0.00325124 -0.01374799 1.36969720
0.00528978 -0.00932059 1.37648807
-0.02487912 -0.01636045 1.38162657
-0.00882659 0.00000689 1.39016875
-0.00269275 -0.02198985 1.39605727
-0.04216373 -0.01126968 1.40382564
0.00832548 -0.02365898 1.41199059
0.01202209 -0.01763056 1.41601426
-0.01262153 -0.00452479 1.42925340
0.00559126 -0.02201725 1.43125986
0.01338208 -0.02301833 1.44409150
-0.01145559 -0.01132069 1.44870865
-0.01210418 0.01988821 1.45737091
0.00842840 -0.00691390 1.46226942
-0.00178117 -0.00968454 1.47500984
-0.00224111 -0.00099242 1.47627272
-0.00570734 -0.00165126 1.48597884
0.00920448 -0.00114484 1.49175468
0.04331660 -0.02535233 1.50570166
-0.02763073 -0.00743000 1.50133951
-0.01315223 -0.01241128 1.49789892
-0.02110218 -0.01124858 1.50331275
-0.01215624 -0.00716010 1.50498974
-0.00785286 -0.02368077 1.51128937
-0.00468259 -0.03114280 1.51653026
0.00351474 -0.01049745 1.51593671
-0.00944728 -0.02794941 1.51776059
0.00563103 -0.02103531 1.51949996
0.00097746 -0.02957225 1.51794861
-0.00726315 -0.01759054 1.52546112
0.01035058 -0.02064269 1.51951243
-0.00972813 -0.00744159 1.51837893
-0.01380976 -0.00241102 1.51619135
0.00310970 -0.03629050 1.51768683
-0.02014527 -0.02520625 1.51561028
-0.03376001 -0.02583506 1.51121932
-0.00497304 -0.01279440 1.50659590
-0.02219392 -0.02815806 1.50810231
0.00519518 -0.01762771 1.50820333
-0.00700469 -0.01648068 1.50647413
0.03721919 -0.00295114 1.50208037
0.00783969 -0.02588264 1.49840449
-0.01161658 -0.01735290 1.50632581
-0.01728345 -0.01993344 1.50462610
-0.03707392 -0.01826790 1.50247030
-0.01091609 -0.03112479 1.50282362
-0.00650731 -0.02292177 1.50317783
-0.00688321 -0.01241661 1.50087633
0.00491396 -0.02113341 1.50341099
0.00626759 -0.02870187 1.49727188
0.01220035 -0.00710881 1.49744280
-0.00112598 -0.01628188 1.49485647
0.00831367 -0.01429180 1.49616535
-0.01632324 -0.02630137 1.48571389
-0.01705968 -0.02966020 1.47498560
-0.00695801 -0.02364714 1.47386476
-0.00283545 -0.01592544 1.46363958
-0.00293617 -0.02547417 1.45425516
0.01772354 -0.02121011 1.44259936
0.00435112 -0.02965521 1.43690380
-0.01326365 -0.02339605 1.42837503
-0.00335667 -0.02469257 1.41780945
-0.00881284 -0.02896330 1.41054171
-0.01330101 -0.02063280 1.39622994
-0.00612891 -0.02520250 1.38016591
0.00176156 -0.02702838 1.35493429
-0.01803512 -0.03970987 1.33514162
0.01624840 -0.03026512 1.30826113
-0.00850456 -0.01753849 1.28093856
0.01123672 -0.02841719 1.24673301
-0.01342194 -0.02708669 1.22495492
-0.00909242 -0.03900384 1.20229571
-0.00312926 -0.01687596 1.16508214
-0.00429025 -0.03014597 1.13151771
0.00719441 -0.01467863 1.09743604
-0.00119423 -0.01464041 1.06368843
0.00198069 -0.02175025 1.02354270
-0.01526807 -0.02534377 0.98896539
-0.01460790 -0.02867794 0.94152312
0.00436230 -0.01949745 0.90114338
-0.02208850 -0.00878694 0.86230110
-0.00547837 -0.02322532 0.81630816
0.00151992 -0.01646042 0.77720310
-0.00607690 -0.01940472 0.73808342
0.01000824 -0.02037692 0.69406924
0.00198143 -0.02222113 0.66811170
0.02570450 -0.01530636 0.64385429
0.06272939 -0.00614242 0.58933005
0.03029821 -0.00711530 0.62563154
0.03309908 -0.01286896 0.55736168
0.06314611 -0.00242389 0.61189632
0.06088992 -0.00242017 0.61360319
0.03423284 0.00160531 0.52477568
0.05586120 -0.00392734 0.59338589
0.04073371 -0.01776626 0.49013288
0.07655419 -0.02591954 0.56668910
0.03474135 -0.01507184 0.47833203
0.06527374 -0.00183860 0.53471720
0.07893102 -0.00385776 0.53220699
0.05894385 -0.00883776 0.47558016
0.03196645 -0.02275232 0.52675540
0.07348208 -0.01144761 0.48773810
0.08489376 -0.02228716 0.51945031
0.06130406 -0.01552719 0.52326318
0.04098840 -0.01304846 0.51535163
0.03159184 -0.00175318 0.52764635
0.08777875 -0.00587890 0.53615575
0.03856633 -0.00298555 0.54520568
0.01651015 -0.01397399 0.55345640
0.05993305 -0.02400341 0.58582499
0.06555978 -0.00115815 0.55499899
0.06540084 -0.00548420 0.61368625
0.11457961 0.02079557 0.55773733
0.05871606 0.01109524 0.58543662
0.05119727 0.00027689 0.66442595
-0.00155831 -0.00862042 0.61723300
0.03933881 -0.00550117 0.63692801
0.09714716 0.01961514 0.69459887
0.06605105 0.00825797 0.66449217
0.01759475 0.01345294 0.68775689
0.02316232 0.00065476 0.73049096
0.06662562 0.01047881 0.72097395
-0.10699537 -0.05449681 0.73251362
0.04296489 0.01096304 0.75694372
0.01601566 -0.00063547 0.75615753
0.02376054 -0.00208158 0.78969846
-0.02779554 -0.01484980 0.78810872
0.02995603 -0.00648105 0.78900072
-0.00060370 -0.00622031 0.81154251
0.03541007 -0.01110726 0.80749553
-0.00009146 -0.03254092 0.81414261
-0.00586929 -0.00704250 0.83125962
0.02526621 -0.00087545 0.81478008
0.00772432 -0.00704709 0.83771569
0.03101995 -0.00368264 0.82222838
0.03303784 -0.01353959 0.83991940
0.04640217 -0.01135132 0.85304462
0.02264019 -0.01086250 0.84642572
0.00999305 -0.01118799 0.85488904
0.00543143 -0.02148425 0.87609156
0.00970161 -0.00436016 0.88448010
-0.02098402 -0.00385051 0.89161979
-0.02831681 -0.00665720 0.89648423
-0.02804066 -0.00592803 0.89583275
-0.01111505 -0.00491149 0.91118406
-0.00437667 -0.01764372 0.91472392
-0.01897036 -0.00914512 0.93322571
-0.01232150 0.00010251 0.94181749
-0.00727418 -0.03400270 0.94785696
0.00844889 -0.01390939 0.95249897
-0.00995408 0.00447590 0.95926588
-0.03651748 -0.00811325 0.97663998
-0.02162683 -0.00740959 0.98673901
0.00986433 -0.00670588 0.99940323
-0.00936654 -0.00661273 1.01107440
-0.01333326 -0.00881390 1.01715012
-0.01628810 -0.01774566 1.01766950
-0.00528824 -0.02258641 1.01362063
-0.01149818 -0.01512262 1.01427819
-0.00580434 -0.01731175 1.01267799
-0.01099739 -0.01640820 1.01596104
-0.01307783 -0.02238447 1.01150088
-0.01895120 -0.01003808 1.00329686
-0.01057599 -0.01472239 1.00468470
-0.01163099 -0.01892546 0.99870191
-0.00851247 -0.01965090 0.98608954
-0.01981712 -0.02209592 0.97954490
-0.00010322 -0.01371956 0.96796708
-0.00192482 -0.01899668 0.97069991
-0.01592675 -0.02328507 0.96457641
-0.00037432 -0.01503743 0.95669447
-0.00062227 -0.01060881 0.94907964
-0.00015047 -0.01343809 0.93593226
-0.01094593 -0.02064732 0.92694706
0.00260847 -0.01820333 0.91553666
0.00152550 -0.02059386 0.91270031
0.00062519 -0.02312749 0.89709060
-0.00174461 -0.01244194 0.88562292
-0.03614586 -0.02862649 0.86541431
-0.00724117 -0.01269019 0.84976057
-0.01967158 -0.02300405 0.83494884
-0.00543259 -0.02010356 0.81331095
-0.01052094 -0.01614649 0.78920409
-0.00885074 -0.01307764 0.76721078
0.00520044 -0.01899388 0.74339242
-0.02321639 -0.01062801 0.71825385
-0.01833607 -0.01420349 0.69327322
-0.01913114 -0.02140465 0.66262981
-0.00107168 -0.01341551 0.63456618
-0.01718858 -0.01554345 0.60358393
-0.00437755 -0.02356106 0.57168121
-0.01439738 -0.00381659 0.53284039
0.00650652 -0.01117519 0.50124342
0.00118311 -0.00889192 0.46978849
-0.00214951 -0.01689775 0.43576693
0.01040943 -0.01359713 0.40984348
0.00031771 0.00172402 0.37394067
0.02117276 -0.00400130 0.34560149
0.00081546 -0.00511337 0.31611102
-0.00420208 0.00635451 0.28815995
0.00088334 -0.00487477 0.26337305
-0.01565881 -0.01816902 0.24405398
0.02724070 0.00114453 0.22178142
0.00330177 -0.00330604 0.21686432
0.00675024 0.00042062 0.21093914
0.02526607 0.00126487 0.20579367
0.02514192 0.00066394 0.20610654
0.00778658 0.00152913 0.20860257
0.03703112 0.00033854 0.20018909
0.03071190 -0.00049647 0.19992843
-0.00461777 -0.00711366 0.20352081
0.00395108 0.00360382 0.20192137
0.01630882 0.00064593 0.20546046
0.01905044 0.00732380 0.19637189
0.08016964 0.02321213 0.17535112
0.04073796 0.00505390 0.18009457
0.05223440 0.01426396 0.17402716
0.14771561 0.02458389 0.10398627
0.01981698 0.00702341 0.17615817
-0.00200074 0.00366947 0.17211640
0.02337014 -0.00489832 0.16257850
0.00996361 -0.00281998 0.15423489
0.03118052 0.00594082 0.14366964
0.03287239 0.00702960 0.13991731
0.00080509 0.00483442 0.14099948
0.03850594 0.00399199 0.13675415
0.02247309 -0.00187026 0.13763499
0.01891193 0.00401726 0.14578863
-0.00965394 -0.00338352 0.14425647
0.01537674 0.01285563 0.13355087
0.00112087 -0.00464299 0.12966023
-0.03683738 -0.03853483 0.11853601
-0.00933466 -0.00342115 0.13063532
0.01619637 0.01350651 0.13279205
0.01833433 0.00437005 0.13890518
0.00418626 0.00424408 0.15020243
0.00177780 -0.00203101 0.15919958
0.00101279 0.00517302 0.17758565
0.00228294 0.01499550 0.20344592
-0.00284469 -0.00487016 0.23223176
0.00769262 -0.00229543 0.26064808
-0.01049429 -0.01033137 0.29013233
0.02335932 0.01808459 0.31835412
0.01130732 0.01252071 0.34614662
-0.00453984 -0.00121227 0.37702638
-0.02274241 -0.01467556 0.39492740
0.00808977 -0.00904417 0.42853751
-0.03451122 0.00266828 0.44802878
-0.01979946 0.00358712 0.47280767
-0.02126734 -0.00682987 0.48853784
0.00027816 -0.00260698 0.51501536
-0.01417927 -0.00542407 0.54295220
-0.00709418 -0.00301003 0.56439603
-0.01068584 -0.00423532 0.57726768
-0.01227736 -0.00694368 0.59906710
-0.00099280 -0.00057345 0.62221316
-0.01994562 -0.00436624 0.63145828
-0.00504510 -0.01333220 0.65622282
-0.01864078 -0.00450110 0.67299087
0.00125010 -0.00617643 0.69239830
-0.03007306 -0.00581646 0.71072409
0.01762645 -0.00973655 0.72907230
-0.02580668 -0.01120793 0.74024696
-0.00338108 -0.01374151 0.75997979
0.00990010 -0.00483244 0.77556460
-0.01442639 0.01560370 0.80017036
-0.01392055 -0.00271428 0.81975562
0.00098967 -0.01494574 0.83149611
-0.00768202 -0.00897221 0.84821712
0.00193145 -0.00376826 0.85814687
-0.02263493 -0.00678974 0.88572202
0.01689307 0.01847661 0.89440506
-0.01089904 -0.00768773 0.90557452
0.00569047 -0.00666370 0.91582246
-0.01120993 0.01039314 0.92261782
0.01810036 -0.01878135 0.92105942
-0.00435116 -0.01492637 0.92018902
-0.01272370 -0.01869924 0.91815207
-0.01341500 -0.01151384 0.91449932
-0.01270431 -0.01198188 0.91916325
-0.00704173 -0.01413318 0.91775567
-0.00597162 -0.01671073 0.91837585
-0.00527507 -0.01182319 0.91922458
0.00277033 -0.01068578 0.92760776
-0.00772792 -0.02431908 0.93348087
-0.01738453 -0.00986875 0.93407610
-0.00347600 -0.00902022 0.93471012
-0.01080527 -0.01643140 0.93974303
-0.01894725 -0.01670021 0.94144852
-0.01439688 -0.00463540 0.94675402
-0.01527262 -0.01903380 0.94956106
0.02162105 -0.00271605 0.94721372
-0.00424914 -0.01164089 0.95178082
-0.01032876 -0.01113057 0.95720235
-0.00242839 -0.00331245 0.95753498
-0.01125460 -0.00837932 0.96618409
-0.02215893 -0.02042143 0.96656671
-0.00797213 -0.00785093 0.96877438
-0.01514062 -0.01576983 0.97178817
-0.02194564 -0.00965326 0.97827066
0.00346556 -0.00977839 0.98120259
-0.02375117 -0.01907339 0.97562333
0.01243394 -0.01516451 0.97532363
-0.00068064 -0.01680222 0.97212256
-0.05689652 -0.03021684 0.97472812
0.01713022 -0.01311548 0.97215279
-0.04652739 -0.01834631 0.97208147
-0.05232145 -0.01934364 0.96341609
-0.00623962 -0.01209747 0.96421181
-0.00140238 -0.01657923 0.95944084
0.02226727 -0.01722143 0.95452802
0.03810233 -0.00006666 0.94674631
0.01138007 0.00129760 0.94270125
-0.03962651 -0.02227803 0.94128407
-0.00192110 -0.01159371 0.94105399
-0.00246004 -0.03010273 0.93868076
-0.01263747 -0.03165671 0.92903436
-0.02161566 -0.01067957 0.91658535
0.02528096 -0.00655977 0.91813126
0.00484720 -0.01918679 0.91421837
0.00576761 -0.01217426 0.91055534
0.01670633 -0.01620971 0.90090952
-0.00450432 -0.01130721 0.88806832
0.00566464 -0.02185009 0.88209043
-0.00621086 -0.02089676 0.86648097
-0.00705527 -0.02891534 0.85473947
-0.00758123 -0.01704795 0.82646739
-0.00196847 -0.01444008 0.80676359
-0.01305042 -0.01659491 0.79110160
-0.00849546 -0.01029968 0.77422994
-0.00648682 -0.01314009 0.75304961
-0.00955153 -0.01965461 0.71656018
-0.00242692 -0.01907794 0.68791203
-0.00393915 -0.00662559 0.65503832
0.00269231 -0.00894844 0.62645184
-0.00253835 -0.01117540 0.60592097
-0.01427577 -0.01623578 0.58115653
-0.00718041 -0.02765351 0.55745773
-0.01638809 -0.02411421 0.53519652
-0.03767382 -0.01975596 0.51585505
-0.02510686 -0.00933820 0.50697297
-0.00574418 -0.00153380 0.49712147
0.01123053 -0.00006400 0.48705632
0.01201422 -0.01957157 0.47762083
-0.00504288 -0.01029346 0.46393184
-0.02078336 -0.00963743 0.45210582
0.00433184 -0.00151135 0.44357435
0.02997911 -0.00405592 0.43339930
0.01814181 -0.00121032 0.42430009
0.03043488 -0.00365583 0.41485876
0.00000916 -0.00047307 0.40217911
-0.01065145 -0.00738780 0.38709374
-0.00711120 -0.00080504 0.37416477
0.00381916 -0.01324767 0.35914755
-0.00291210 -0.01822147 0.34899865
-0.00045013 -0.01114398 0.33440766
-0.01264012 0.01553591 0.32297770
-0.00915894 -0.00859309 0.31256892
0.00055342 0.00633064 0.30559182
-0.00551763 0.00083512 0.29390859
-0.01265600 -0.00744127 0.27875616
-0.01587190 0.01422894 0.26373667
-0.00055668 0.01049217 0.25018254
-0.00747344 -0.00749490 0.23083108
0.19651251 0.03385757 0.09047678
0.00731480 -0.00702935 0.20575623
-0.00681328 0.00482129 0.19627628
0.00796524 -0.00566225 0.18056607
0.00431118 -0.00614292 0.17053504
-0.00686804 0.00454658 0.15897697
0.00586827 0.00691692 0.14927168
0.00972032 0.00294981 0.14171398
0.00358308 -0.00769654 0.13124345
-0.00306273 -0.00198982 0.12459420
-0.00518690 -0.00246900 0.11640702
-0.00325192 -0.01177494 0.10539171
-0.00041812 -0.00268004 0.10024353
-0.00554509 0.00232603 0.09498235
0.07063452 -0.02295631 0.05306188
0.00724521 -0.00365942 0.08484451
0.00085415 -0.00220965 0.07690075
0.00337304 -0.00470682 0.07207489
-0.01569198 -0.00309244 0.06726061
-0.00488957 0.00723517 0.06179779
0.01125225 0.00106010 0.05763363
-0.02075832 -0.00329258 0.05160845
0.05151935 -0.00888815 -0.00256645
-0.00368212 0.00290815 -0.04742904
0.02030593 0.00208119 0.03874056
0.01442619 -0.00066197 0.03566736
0.00524228 -0.00050549 0.03558839
-0.00019421 -0.00176419 -0.03081050
0.00473107 0.00849612 0.02473139
0.01788405 -0.00260210 0.01064306
-0.00586374 -0.00032869 -0.01613112
0.00500125 -0.00191047 0.01344686
-0.00132667 0.00084249 -0.01239849
0.00412952 0.00006474 0.01169425
-0.00270619 -0.00111992 -0.01178893
0.00067032 0.00026403 0.02193311
-0.00513001 -0.00149923 -0.02078764
0.00415864 0.00284435 0.03190130
0.01033164 -0.00483245 0.03064224
0.00018995 0.00372952 0.03467417
-0.00262393 0.00628303 0.03245730
-0.00406151 0.00367751 -0.03386404
0.00370947 0.00219879 0.03885633
0.00465690 -0.00116270 0.04302101
-0.00040488 -0.00350098 0.04778726
0.01029817 0.00108429 -0.05018706
0.00517676 -0.00189762 0.05782683
-0.00812889 0.00165160 0.06052376
-0.00388365 -0.00027058 0.06895520
0.01339255 -0.00225133 0.07056404
-0.01463200 0.00701824 0.07595098
-0.01913989 0.00144779 0.07980280
0.00606964 0.00528211 0.08758710
0.00764718 0.00469286 0.09101510
-0.00222642 -0.00215651 0.09543644
-0.01021118 -0.00234458 0.10148022
-0.01105775 -0.00514806 0.10294606
0.00331872 -0.00344144 0.10567881
0.02352697 -0.00372823 0.10481770
0.00257812 -0.00311429 0.11350618
0.00197396 -0.00251384 0.11506498
0.00029571 -0.00136514 0.11687781
-0.01723467 -0.00455028 0.11592032
0.00313814 -0.00582895 0.11623907
0.00321340 -0.00301278 0.11180583
-0.01285113 -0.00264868 0.10541636
0.00955153 0.00296084 0.10134591
-0.00436789 -0.00108466 0.09709777
-0.00497449 -0.00321447 0.09248595
0.02361900 0.00167804 0.08230583
-0.01498181 -0.00125438 0.07870110
-0.00094883 -0.00183862 0.07112579
