0.00000000 0.00000000 0.00000000
0.01316802 0.00495334 0.16247240
0.01958815 0.00132994 0.18843057
0.03697705 0.01087271 0.20473105
0.03553851 0.00592232 0.22047655
0.03699255 0.00540994 0.23024138
0.03567731 0.01793830 0.24104958
0.06947143 0.02118868 0.21902855
0.14257101 0.01134054 0.36435870
0.06230023 0.00076923 0.24028602
0.07865799 0.00979711 0.26983369
0.06160878 0.00458518 0.27721688
0.06393434 0.00348563 0.28805301
0.05463744 -0.00373197 0.27542094
0.05955839 -0.00079603 0.30782045
0.06365682 0.00043948 0.33469770
0.06251381 0.00059596 0.33496980
0.06076673 0.00318554 0.36137340
0.05721479 0.00544792 0.39320019
0.05464697 -0.00040410 0.41352043
0.05462553 0.00271023 0.45620214
0.04818710 -0.00696962 0.44959489
0.04442935 -0.00552178 0.48166627
0.03936183 -0.00504440 0.50341188
0.05162284 0.00407233 0.52611670
0.04604790 0.00230791 0.54742495
0.04152110 0.00413471 0.57332726
0.03096417 0.00292655 0.59465972
0.02177969 0.00101638 0.62451876
0.02008532 0.00127143 0.65927949
0.01437587 -0.00221421 0.67960733
0.01736608 0.00075396 0.70506089
0.01618043 -0.00097775 0.71913715
0.01238646 -0.00364224 0.74809261
0.01162609 -0.00640193 0.76320736
0.00944620 -0.00225206 0.78914850
0.00572731 -0.00058596 0.80716923
0.01184515 -0.00385956 0.80823849
0.01464199 -0.00720908 0.81438043
0.00935337 -0.01311001 0.81416494
0.01415789 -0.01445833 0.82198328
0.01225229 -0.01416235 0.82406560
0.01619978 -0.01401701 0.82315003
0.01871083 -0.01329791 0.83355856
0.02229251 -0.00852794 0.84026276
0.02476556 -0.01287678 0.84031762
0.03222801 -0.01268142 0.84973262
0.03645922 -0.01076418 0.85077808
0.03475506 -0.01419733 0.84473669
0.02860272 -0.01516709 0.85383588
0.02887663 -0.01383561 0.85090442
0.03793063 -0.01301927 0.86140725
0.03950848 -0.01592719 0.84775289
0.04295181 -0.01415156 0.84886100
0.04082016 -0.01176418 0.86240457
0.04606880 -0.00915399 0.85925936
0.04469617 -0.01370089 0.85836390
0.03854411 -0.01545791 0.84571711
0.03340466 -0.01331211 0.83224924
0.02750859 -0.01469182 0.82133213
0.03409828 -0.01654018 0.82165509
0.03547902 -0.01374079 0.83268244
0.03509639 -0.01021792 0.83738744
0.02785191 -0.01546194 0.82145277
0.03634403 -0.01162455 0.83331561
0.02115311 -0.01660367 0.81375761
0.01885349 -0.01340403 0.81282976
0.01505304 -0.01641522 0.79598118
0.00035474 -0.01587161 0.79859367
0.00668821 -0.01029118 0.80061451
0.01435141 -0.00862989 0.80720274
0.01081728 -0.01537420 0.81720247
0.00056439 -0.00579852 0.82865724
-0.00773785 -0.00299559 0.84779476
-0.00836252 -0.00428209 0.86047973
-0.01786928 -0.00767844 0.87051279
-0.01851115 -0.00329168 0.89310257
-0.01959795 -0.00740211 0.89729635
-0.02009631 -0.01167981 0.89793289
-0.01850341 -0.00535774 0.94383349
-0.01607280 -0.00804569 0.95338615
-0.01124565 -0.01071435 0.96598829
-0.00683143 -0.01231906 0.97463958
-0.00679090 -0.01152782 0.99051597
-0.00288861 -0.00982147 1.01384151
-0.00411098 -0.00521694 1.02563632
-0.00244002 -0.01030019 1.03153091
-0.00481215 -0.00839343 1.03854306
-0.00544460 -0.01219379 1.03205472
-0.00547479 -0.01475251 1.02823897
-0.00931716 -0.01690606 1.02808650
-0.00606187 -0.01847914 1.03001689
-0.01008392 -0.01815184 1.02314594
-0.00985102 -0.01677690 1.02368106
-0.00796534 -0.01936493 1.02353425
-0.00245016 -0.01862996 1.02142006
-0.01018735 -0.01599223 1.02499808
-0.00378176 -0.02047778 1.01153159
0.00092946 -0.01876309 1.00773462
0.00161740 -0.02087479 1.00793744
0.00457097 -0.02305493 1.00599856
-0.00844996 -0.02057423 1.00769272
-0.00023934 -0.01979896 1.00080442
0.00408798 -0.01994382 0.98884504
0.00013818 -0.01578297 0.97529995
0.00056730 -0.01562483 0.98003778
0.00012704 -0.01826408 0.97370752
0.00508440 -0.01129767 0.97905495
-0.00003233 -0.01710360 0.98094752
0.00013705 -0.02214313 0.96741883
-0.00073153 -0.01395282 0.95991618
0.00336048 -0.01647882 0.95002116
0.00526404 -0.01174751 0.95579152
0.00443215 -0.01694690 0.95933097
-0.00916497 -0.01115359 0.94485739
-0.01394903 -0.00974129 0.94485806
-0.01420902 -0.01491688 0.94463677
-0.02513646 -0.01917353 0.93407111
-0.02343615 -0.01236841 0.94030573
-0.00078629 -0.01681249 0.94672706
-0.00215076 -0.02044833 0.93836253
-0.02041973 -0.00912564 0.92784961
-0.00703959 -0.01415477 0.93722382
-0.00610132 -0.01823195 0.93571544
-0.02077072 -0.01339265 0.93116840
-0.02621692 -0.00874060 0.92799647
-0.02007404 -0.01321751 0.92980609
-0.01745195 -0.01724552 0.93002449
-0.02024122 -0.01243957 0.92370240
-0.01433640 -0.01698321 0.92318012
-0.01897529 -0.02705381 0.91400601
-0.01913301 -0.01026987 0.91186122
-0.01674839 -0.00897738 0.91059345
-0.02614409 -0.01116421 0.91993359
-0.02082647 -0.01536712 0.91663733
-0.02737153 -0.01772349 0.89447389
-0.03023406 -0.01769262 0.88930107
-0.02164447 -0.01486474 0.89518349
-0.01435262 -0.01871057 0.90876901
-0.01521092 -0.01599501 0.89973282
-0.01082224 -0.01164482 0.89495005
-0.01761038 -0.01311315 0.89409728
-0.00925293 -0.01834385 0.90017732
-0.00840936 -0.01721197 0.90115913
-0.02091537 -0.01498571 0.90651123
-0.02193852 -0.01226703 0.90795768
-0.00858134 -0.01602319 0.89165816
-0.00651524 -0.02556575 0.89186619
-0.01439701 -0.01031702 0.90781100
-0.01536787 -0.02057894 0.90443125
-0.00097349 -0.02192285 0.92505166
-0.01127326 -0.01796171 0.90715092
-0.01437408 -0.01946919 0.88286179
-0.01766067 -0.01219529 0.89003927
-0.01118988 -0.01470629 0.89045384
-0.00855020 -0.01263192 0.88212434
-0.00729450 -0.01772702 0.89454866
-0.01165564 -0.01826260 0.88837825
-0.01506468 -0.02354278 0.88201877
-0.01946430 -0.01505449 0.89021521
-0.01175342 -0.01577494 0.90378074
-0.00791661 -0.01862527 0.89576222
-0.00565616 -0.01241572 0.89315480
-0.00057536 -0.00925486 0.89399918
0.00218571 -0.01165981 0.89902655
-0.00143082 -0.01960902 0.89044763
-0.01397092 -0.01547105 0.89177742
-0.01095446 -0.01396343 0.89092248
-0.01119746 -0.01389155 0.88552963
-0.00743707 -0.01443897 0.89391573
-0.00131463 -0.00912419 0.89276314
-0.00429826 -0.01241629 0.88893383
-0.00294788 -0.01314583 0.88672687
-0.00557212 -0.01813670 0.86415080
-0.00540594 -0.01294780 0.86207278
-0.00915650 -0.00936859 0.86922509
-0.00849824 -0.02032145 0.86582502
0.00315703 -0.01626889 0.86266717
-0.00886103 -0.01678673 0.83500724
-0.01953719 -0.01558690 0.84870532
-0.01354044 -0.01461623 0.85136235
-0.00048351 -0.01380825 0.84441600
-0.00661664 -0.01583463 0.83408235
-0.01216679 -0.01665981 0.82876164
-0.00208775 -0.01421125 0.82613073
0.00903917 -0.00916920 0.84279503
-0.00203776 -0.01578265 0.82692203
-0.00899352 -0.01722381 0.81813571
-0.00204324 -0.01759692 0.81359147
-0.00748134 -0.01518602 0.80683739
-0.01181550 -0.00309497 0.81504019
-0.01466754 -0.01641613 0.80486586
-0.01104700 -0.01680907 0.80298709
-0.01166151 -0.01386021 0.79421828
-0.01940285 -0.01491035 0.79287469
-0.01770844 -0.01192328 0.78748508
-0.02124809 -0.01557520 0.77584264
-0.02544287 -0.01676296 0.77135841
-0.03166466 -0.01325173 0.76581710
-0.02667357 -0.00605044 0.75996864
-0.02108957 -0.00119310 0.76686934
-0.02255196 -0.01074845 0.76693007
-0.02284624 -0.01777983 0.76810075
-0.02294763 -0.01732678 0.75664233
-0.01182178 -0.01124297 0.74898709
-0.01385813 -0.00236787 0.75042960
-0.00992844 -0.00413175 0.75597449
-0.00748602 -0.01606073 0.74908861
0.00323287 -0.00781072 0.75442737
-0.00525511 -0.00798742 0.74104994
0.00149402 -0.01197250 0.74322697
-0.00391736 -0.01576872 0.73859081
0.00438002 -0.00716658 0.74616896
0.00475926 -0.01083614 0.74534003
0.01092497 -0.01543219 0.74201301
0.01145692 -0.01249622 0.73814590
-0.00130910 -0.01176309 0.72869877
0.00622951 -0.01636226 0.72771293
-0.00270750 -0.01196281 0.71554318
0.00679935 -0.00725472 0.71976103
0.00266587 -0.00796235 0.71535837
0.00383321 -0.01291283 0.71784838
-0.01123651 -0.01709279 0.70282039
-0.01334120 -0.01204059 0.69552324
-0.01524833 -0.01004583 0.69011131
-0.01842410 -0.00765768 0.69100245
-0.02883125 -0.01097201 0.68513391
-0.02369689 -0.00900417 0.68487412
-0.01868646 -0.00946910 0.67836688
-0.02272738 -0.01118967 0.67474422
-0.02488422 -0.01485840 0.66953489
-0.02623140 -0.01603014 0.65771989
-0.02282175 -0.00995927 0.65411622
-0.02679697 -0.01172004 0.64462100
-0.03078188 -0.01248470 0.64570736
-0.02684232 -0.01140828 0.64062157
-0.01269698 -0.01272590 0.63675520
-0.00816644 -0.01375368 0.62932286
-0.02136970 -0.02299209 0.61848628
-0.02336993 -0.01452915 0.61118229
-0.01400665 -0.00996190 0.60691552
-0.00776871 0.00077457 0.59838998
-0.01183471 0.00496516 0.61033321
-0.01974494 -0.00339065 0.61959049
-0.01604945 -0.00770683 0.63273848
-0.01085311 -0.01766692 0.63199941
-0.00182516 -0.01589463 0.62499881
0.00166315 -0.00829835 0.62276981
-0.00254761 -0.00075025 0.62523342
-0.01545147 -0.00237321 0.62771553
-0.01167752 -0.01181785 0.63025118
-0.00868919 -0.01298136 0.63494417
-0.00711561 -0.00955047 0.64032818
-0.00996828 -0.00803304 0.63638299
0.00167748 -0.00457477 0.67359669
-0.00919172 -0.00335704 0.65913001
-0.01393312 -0.01506457 0.65740274
-0.01779333 -0.01331403 0.65571319
-0.01752558 -0.00008055 0.67381453
-0.01567139 -0.00044348 0.68554344
-0.01225682 -0.00873675 0.66134254
-0.01990046 -0.01324903 0.68254965
-0.01823980 -0.01191797 0.67746848
-0.02085137 -0.01341426 0.68268899
-0.01786384 -0.01211588 0.68937792
-0.01078609 -0.00943310 0.69943808
-0.00374626 -0.01103957 0.70767990
0.00221964 -0.01450051 0.70771836
-0.00082851 -0.01512098 0.71974824
-0.00013053 -0.00872928 0.73239633
0.00071270 -0.00427703 0.74713440
0.00366053 -0.00883621 0.75062235
0.00220378 -0.01345862 0.74909949
0.00081219 -0.01426100 0.75034343
-0.00114290 -0.01052840 0.74843841
-0.00259912 -0.00829160 0.75108482
-0.00191145 -0.01655103 0.75875591
0.00594271 -0.01674830 0.75642332
-0.00103290 -0.00990382 0.74434163
-0.00259575 -0.00689340 0.75197105
-0.00630304 -0.00814963 0.75580108
-0.00709232 -0.01973763 0.75520526
-0.01108181 -0.01273230 0.76311591
-0.00455376 -0.00887494 0.75076011
0.00215131 -0.01096489 0.75967645
0.00653698 -0.01908844 0.74312228
0.01514425 -0.01891921 0.74051936
0.00893269 -0.01114233 0.73739603
0.01160830 -0.00455221 0.73348418
0.02079290 -0.00655332 0.74381611
0.01914998 -0.01211497 0.74597376
0.00768868 -0.01365877 0.74159972
-0.00633078 -0.01139653 0.74317422
0.00179123 -0.01540155 0.73656829
0.00327801 -0.01088804 0.74673736
-0.00295197 -0.01376144 0.74566149
-0.01192689 -0.01157403 0.75511991
-0.00316549 -0.01737986 0.75477567
-0.00509134 -0.01625290 0.75886125
-0.00281416 -0.01873247 0.76073351
-0.00088671 -0.01814722 0.76548807
-0.00599873 -0.01308442 0.77095881
-0.01377188 -0.01524063 0.77898904
-0.00904976 -0.01456591 0.78122305
-0.01039160 -0.01538033 0.78301954
-0.00947756 -0.02002950 0.77901347
-0.01441535 -0.02429012 0.78077757
-0.01963257 -0.01121790 0.77757915
-0.01663595 -0.00977416 0.78823811
-0.01046127 -0.01791227 0.79426642
-0.01541897 -0.01837833 0.79186730
-0.01350329 -0.01486957 0.79065600
-0.01359839 -0.01408785 0.79221079
-0.01140720 -0.01723562 0.79536835
-0.00507969 -0.01724623 0.79364983
-0.00476099 -0.01499214 0.79348263
-0.01183335 -0.01621562 0.79634817
-0.01429017 -0.01171781 0.79834598
-0.01708419 -0.01655744 0.79786546
-0.00875958 -0.01906018 0.79221235
-0.00327525 -0.01114319 0.79182787
-0.02234953 -0.00505680 0.78514942
-0.01808894 -0.00668523 0.79972850
-0.00384431 -0.00878712 0.81060701
0.00123498 -0.00780210 0.80820613
-0.00717075 -0.01380766 0.80494673
-0.01313967 -0.02097082 0.80136516
-0.00978677 -0.02085590 0.79654412
-0.00948663 -0.00877813 0.79110803
-0.00722546 -0.01439181 0.79690814
-0.01111151 -0.01859844 0.79116922
-0.01179280 -0.01641942 0.78461958
-0.01034250 -0.01129051 0.79765274
-0.00605312 -0.01383138 0.80901231
-0.00615156 -0.01469220 0.80031710
-0.01026618 -0.01870209 0.81677955
-0.00889817 -0.01448851 0.81385133
-0.00634126 -0.01682896 0.81763604
-0.00631807 -0.02303582 0.81295045
-0.02017249 -0.02807399 0.80694930
-0.01219558 -0.02023106 0.80280118
-0.00672997 -0.00690548 0.80682271
-0.00288220 -0.00902663 0.81502538
-0.00730303 -0.01235943 0.82305134
-0.00857944 -0.02152051 0.81620952
-0.00240464 -0.01173589 0.81639155
0.00077233 -0.01221751 0.81933742
-0.00384344 -0.01549305 0.81747988
-0.00696004 -0.01644461 0.82246466
-0.00700479 -0.01746507 0.82054441
-0.00444072 -0.01668903 0.81385583
-0.00446710 -0.01513774 0.81762864
-0.00121915 -0.00839968 0.82469775
-0.00525391 -0.01864881 0.81529655
-0.00376912 -0.01868490 0.82126479
-0.00318459 -0.01666256 0.83014024
-0.00709390 -0.01595472 0.84044059
-0.01286896 -0.01507581 0.82901994
-0.00672027 -0.01324455 0.84470457
0.00011587 -0.01088377 0.83613369
-0.00852415 -0.00841609 0.83736961
-0.01169903 -0.01420251 0.83050474
-0.01820483 -0.00884618 0.83035349
-0.02424473 -0.00962167 0.83868416
-0.02084865 -0.01047925 0.83007341
-0.02456030 -0.01475081 0.83406640
-0.02724898 -0.01696887 0.82777459
-0.02499049 -0.01490289 0.82620473
-0.02002015 -0.01312678 0.82323565
-0.03256043 -0.00940461 0.85491584
-0.01379834 -0.02040084 0.82134303
-0.00947092 -0.01900627 0.81511521
0.00597725 -0.01321966 0.82310866
0.02121058 -0.01465878 0.82399351
0.01583275 -0.01404040 0.82358291
-0.00217914 -0.01621663 0.83016936
0.01567696 -0.01768125 0.81978441
0.01962339 -0.01310651 0.81836635
0.01038650 -0.00784631 0.83251609
-0.00341058 -0.01712885 0.83153476
0.00014390 -0.01032689 0.82470580
0.00044025 -0.01073376 0.82845828
0.00033122 -0.01446693 0.83855776
0.00058900 -0.01942397 0.83033507
-0.00908859 -0.01854708 0.82243634
-0.01217528 -0.02458640 0.82233873
-0.00769309 -0.01758210 0.82429031
-0.00109547 -0.00423106 0.83416582
-0.00433156 -0.00683851 0.84170308
-0.01212905 -0.01424983 0.86155026
-0.00301625 -0.01348728 0.85770131
-0.00304956 -0.00777054 0.86744069
-0.00800075 -0.01418827 0.86251528
-0.00666822 -0.01335246 0.88133751
-0.01427522 -0.01708588 0.85932480
-0.01457575 -0.01621488 0.87295604
-0.02261230 -0.02110058 0.86766195
-0.01725396 -0.01769318 0.86164159
-0.00410682 -0.01422248 0.87033066
-0.00626590 -0.01904849 0.87047602
-0.00656790 -0.01094882 0.88151447
-0.01105930 -0.00712214 0.89121636
-0.01701115 -0.01270084 0.89325499
-0.02140940 -0.01178812 0.89709476
-0.02224460 -0.01160646 0.90393981
-0.01820113 -0.01872059 0.90546423
-0.01747629 -0.02172396 0.90570344
-0.01501415 -0.01610515 0.91115976
-0.00767414 -0.02077776 0.89724862
-0.00861861 -0.01614929 0.90662691
-0.00543684 -0.01294651 0.91382941
-0.00193113 -0.01142699 0.92634463
-0.00887476 -0.01249140 0.93316170
-0.00128674 -0.00588003 0.94051177
-0.01110308 -0.01537599 0.93050021
-0.01440354 -0.01434782 0.93185985
-0.01940500 -0.01784638 0.93237250
-0.02382641 -0.01496932 0.93148950
-0.00902673 -0.01692737 0.93493511
-0.00948650 -0.02038658 0.94612691
-0.00776898 -0.01593733 0.94088290
-0.00280941 -0.01565699 0.93635900
-0.01257582 -0.01422082 0.92929147
-0.01775334 -0.01371110 0.94924174
-0.01324637 -0.02033358 0.95806930
-0.00973030 -0.01622071 0.95421062
-0.01448929 -0.01953022 0.95503888
-0.01219162 -0.01842384 0.94527463
-0.00279483 -0.01287084 0.95597697
-0.00188612 -0.01715513 0.94914824
-0.00324301 -0.01739288 0.95207058
-0.00523959 -0.01371102 0.95068582
-0.00036886 -0.01659298 0.95085447
-0.01001921 -0.01762368 0.96304037
-0.01459225 -0.01903866 0.95296839
-0.01028106 -0.01905197 0.94833371
-0.01245825 -0.01685995 0.94518715
-0.00247193 -0.01675150 0.94815770
-0.01085920 -0.02118281 0.94560482
-0.00793576 -0.01686677 0.94484803
-0.00223229 -0.00989696 0.94183502
-0.01639822 -0.01533513 0.94659452
-0.01714526 -0.01551643 0.94719906
-0.00854122 -0.01193263 0.94215345
-0.00026798 -0.01078837 0.93559898
-0.01081108 -0.02431363 0.94719019
-0.00963124 -0.02050671 0.93853923
-0.00430212 -0.01654612 0.94015833
-0.00220125 -0.01339166 0.93815956
-0.00358566 -0.01920497 0.94393249
-0.00057494 -0.01572497 0.95412338
-0.00055365 -0.01964776 0.95268150
-0.00046231 -0.02074413 0.95623523
-0.01095768 -0.02310843 0.95611004
0.00027801 -0.01818573 0.94862978
0.00416397 -0.01522796 0.95395303
0.00510467 -0.01706319 0.96465699
0.00713431 -0.02044703 0.96192068
0.00392774 -0.01441235 0.97231408
0.00552982 -0.01778457 0.97847680
-0.00108836 -0.01596028 0.98497375
-0.00319156 -0.02351899 0.97409552
0.00078734 -0.02380794 0.97071932
0.00818893 -0.02396145 0.96778495
-0.00084866 -0.01263611 0.99759206
0.00149476 -0.01753166 0.98735149
0.00023051 -0.01789810 0.99008596
-0.00277037 -0.01336067 1.00067147
-0.00194506 -0.01739341 1.00121249
-0.00227162 -0.01805547 1.00153660
-0.00316712 -0.01641787 1.00310040
-0.00224006 -0.01803291 1.00155125
-0.00276462 -0.02125559 1.00778648
-0.00272931 -0.02037240 1.01046248
-0.00231105 -0.01831734 1.01735709
0.00178401 -0.01991694 1.00211507
-0.00164596 -0.01888526 1.01766846
-0.00066396 -0.02030096 1.01782688
-0.00953311 -0.02134385 1.02865422
-0.00600728 -0.02341915 1.01269598
-0.00743231 -0.02150203 1.01668954
-0.00147354 -0.02025401 1.01846259
-0.00022068 -0.02193970 1.01865863
0.01090302 -0.02985496 1.02723160
-0.00218356 -0.02185486 1.02454932
-0.00391557 -0.02678475 1.01674349
-0.00497070 -0.02526559 1.01199441
-0.00196878 -0.01662543 1.01694132
0.00132936 -0.01468464 1.01637016
0.00094007 -0.01911836 1.01457557
-0.00404159 -0.01643555 1.02398266
-0.00145007 -0.01822510 1.02173859
0.00322748 -0.01941864 1.01346271
-0.00448583 -0.02201017 1.01822311
-0.00600919 -0.02112316 1.01642411
-0.00210994 -0.01602617 1.01407540
-0.00646311 -0.01814822 1.01714741
-0.00054597 -0.01752229 1.01526654
-0.00227422 -0.02135417 1.01033189
-0.00422988 -0.02256143 1.00484667
-0.00218689 -0.01708081 1.01190258
-0.00416301 -0.01721600 1.01546863
-0.00681188 -0.01728331 1.01413069
-0.00158298 -0.01608979 1.01296520
0.00214458 -0.02115897 1.01144166
0.00078859 -0.01973929 1.00315124
-0.00196429 -0.02021497 1.01204697
0.00680373 -0.02279907 0.99700967
-0.00379743 -0.02070047 1.00179285
0.00048399 -0.01822895 0.98431183
-0.00457802 -0.01836104 0.98668263
-0.00585088 -0.02194910 0.97871015
-0.00771216 -0.02153660 0.96713908
-0.00075068 -0.02285602 0.94384638
-0.00948154 -0.02021584 0.94440259
-0.00495170 -0.01936549 0.92058917
-0.00399370 -0.01988077 0.90094842
-0.02132733 -0.02326875 0.90410496
-0.01790249 -0.02305448 0.87984731
-0.01653700 -0.02041127 0.86095924
-0.01904713 -0.02065096 0.84484225
-0.01430912 -0.02167760 0.82740492
-0.01028426 -0.02103377 0.80911593
-0.00451390 -0.01789807 0.79622895
-0.00105658 -0.01910625 0.78669842
-0.00420986 -0.01652041 0.77211663
-0.00167714 -0.01842837 0.76065734
0.00045473 -0.01234732 0.74946872
-0.00137089 -0.01195254 0.73694716
-0.00485717 -0.01777026 0.73264343
-0.00327222 -0.02073551 0.71859532
-0.00390104 -0.01993344 0.70908069
0.00137155 -0.01469103 0.70297922
0.00570310 -0.01032013 0.71117785
0.00914466 -0.00531221 0.71659279
0.00306757 -0.01016895 0.72452712
0.00877382 -0.01484184 0.72934307
0.01216945 -0.01486552 0.73772696
0.00994385 -0.01659547 0.73235852
0.01159886 -0.01600854 0.73389193
0.01456222 -0.01780823 0.73731513
0.00972615 -0.01420243 0.75249920
0.01126386 -0.01366906 0.75321851
0.01405646 -0.00691613 0.76302831
0.01176554 -0.00728700 0.77975020
0.00249558 -0.01043669 0.78844429
-0.00088252 -0.01813503 0.78975744
0.00565931 -0.02245468 0.78252944
-0.00130242 -0.01630064 0.78392836
0.00449088 -0.01445623 0.79590643
0.00982129 -0.01234081 0.80692298
0.01037790 -0.01669592 0.80620420
0.01254227 -0.01936760 0.80767000
0.01116671 -0.02039204 0.80333045
0.00867821 -0.02167442 0.79248766
0.00770872 -0.01814815 0.78422389
0.00442642 -0.01537376 0.78286770
0.00378027 -0.01727398 0.77878337
0.00999450 -0.01717691 0.76651308
0.01446598 -0.01809220 0.75952880
0.01105061 -0.01762769 0.75035377
0.01103556 -0.01656634 0.74777452
0.01500503 -0.01702469 0.73147717
0.01297308 -0.02189189 0.71504970
0.00449968 -0.01597579 0.70725985
0.00497646 -0.00936018 0.70921390
0.01466015 -0.01815451 0.70361850
0.02528797 -0.01655932 0.70450787
0.02773589 -0.01716805 0.70336327
0.02960490 -0.01724071 0.70580265
0.03375332 -0.01747359 0.71137518
0.03583006 -0.01421047 0.72076995
0.02870927 -0.00727359 0.73278268
0.02387337 -0.00602856 0.74905219
0.01605271 -0.00748837 0.75511348
0.01965756 -0.01177228 0.75919256
0.01160958 -0.01514661 0.76069142
0.00334921 -0.01776257 0.76283247
-0.00196479 -0.01446799 0.77138911
0.00165449 -0.01017007 0.76898117
0.00093767 -0.01766333 0.77069814
-0.01535679 -0.03356587 0.75621800
-0.00954234 -0.02254281 0.75317100
0.00424580 -0.00558138 0.76010699
-0.00942444 -0.00016432 0.77584097
-0.01853721 -0.00853457 0.79244999
-0.01154436 -0.02090036 0.79279868
-0.01409637 -0.03668876 0.76417275
-0.01278432 -0.02480877 0.75593496
-0.01123698 -0.00378428 0.74679277
-0.01250852 0.00422821 0.75552164
-0.01803614 -0.01201462 0.75805630
-0.01245375 -0.02269660 0.74875462
-0.00331716 -0.02456010 0.72851918
-0.00394657 -0.01865992 0.71768342
-0.00090837 -0.01621871 0.71230579
-0.00340973 -0.01682100 0.70535258
0.00166653 -0.01999298 0.69304218
-0.01321457 -0.01607483 0.69106805
-0.00423280 -0.01323942 0.67437239
-0.00589108 -0.01139570 0.66276064
-0.00304043 -0.01885028 0.66017509
0.00342811 -0.01448287 0.66101686
0.00645472 -0.00985579 0.65974959
0.01229537 -0.00992110 0.65261091
0.01946949 -0.01308440 0.63492881
0.02077550 -0.01277112 0.61043694
0.01832917 -0.01243554 0.58872338
0.01743835 -0.00936479 0.56787695
0.00560578 -0.00564140 0.55479735
0.00778467 -0.00884864 0.52767669
0.01588385 -0.01297265 0.50088681
0.02451194 -0.01817700 0.47100606
0.02544849 -0.01447579 0.44173641
0.02381469 -0.01018520 0.41377089
0.01577849 -0.00622063 0.38646598
0.00048882 0.00144391 0.36997525
0.00868662 -0.00407924 0.35342186
0.01460987 -0.00675291 0.33322979
0.02114090 -0.00691950 0.32373570
0.01907909 -0.00957347 0.30212455
-0.00021718 -0.00711111 0.28475309
-0.00526041 -0.00928071 0.26522203
-0.00773477 -0.00588160 0.24630299
-0.00291723 -0.00404555 0.22364000
0.01136937 -0.00583958 0.20219449
0.00913374 -0.00638414 0.17896481
0.00987627 -0.00717843 0.16093905
-0.00082291 -0.00259138 0.15147810
-0.00069028 -0.00282176 0.15471937
-0.00162032 -0.00115740 0.15490041
0.01064878 0.00649820 0.16079319
0.00852745 -0.00068366 0.15490835
-0.00119329 -0.00170563 0.15129826
-0.01171782 -0.00527971 0.14494590
-0.01260117 -0.00411242 0.14926188
-0.01183165 0.00034364 0.15139681
-0.00859858 -0.00044218 0.16225825
-0.00306367 0.00549396 0.18398801
-0.01837003 0.00648936 0.19528386
-0.02332706 0.00458077 0.21371717
-0.02530599 -0.00199590 0.21932045
-0.00716344 -0.00592873 0.24090485
-0.00219619 -0.00881334 0.24767689
-0.00838328 -0.00314994 0.25512401
-0.01435948 -0.00256178 0.25558266
-0.01266292 -0.00012537 0.26575000
-0.02193561 -0.00833653 0.26745032
-0.02345832 -0.00964990 0.27534289
-0.02520890 -0.00491542 0.29005280
-0.03004243 -0.00182368 0.30097641
-0.03831202 0.00024572 0.31482779
-0.03887390 0.00197267 0.32744646
-0.02985992 -0.00348512 0.33796517
-0.02468090 -0.00482946 0.34804161
-0.02397019 -0.00869070 0.35940912
-0.02861854 0.00059842 0.37801849
-0.03225912 -0.00304647 0.39398046
-0.03247556 -0.00134114 0.40610604
-0.03142810 -0.00046639 0.42176531
-0.02582946 -0.00297784 0.44865880
-0.03039100 -0.00081887 0.45970047
-0.03079253 -0.00265593 0.47750253
-0.02148355 -0.00090596 0.50494180
-0.02438590 0.00287034 0.52102124
-0.02763866 -0.00155279 0.53134285
-0.01836569 -0.00313940 0.55840066
-0.02512532 -0.00078443 0.56780567
-0.01633087 -0.00528016 0.59242619
-0.02752590 -0.00858833 0.59842861
-0.01603016 -0.01189889 0.62886829
-0.01789450 -0.00632289 0.63995482
-0.01789979 -0.00362526 0.65614365
-0.01263627 -0.00239066 0.67938349
-0.00967560 -0.00769613 0.69675047
-0.00550050 -0.00690152 0.71317379
-0.00555847 -0.00665403 0.73106494
0.00307453 -0.00740780 0.75171211
0.00226373 -0.00887877 0.76325523
0.00233976 -0.01293784 0.78820414
0.00626615 -0.00412447 0.79746072
0.01241378 -0.00840869 0.81231794
-0.00199710 -0.00744012 0.82195281
0.00376200 -0.00438962 0.83324205
0.00185531 -0.00473305 0.84737869
0.00475563 -0.01068449 0.85813054
0.00939178 -0.00862905 0.87480985
0.00588222 -0.01024424 0.88356809
0.00471226 -0.02513746 0.89575435
0.00808951 -0.00940029 0.90799889
0.01005345 -0.00011062 0.91872289
-0.00096243 -0.00123345 0.92847698
-0.00259949 -0.00894451 0.94930988
-0.00380569 -0.01156983 0.94736413
-0.00707074 -0.00560235 0.97086442
0.00491657 -0.00899535 0.97002144
-0.00225555 -0.00978368 0.97925376
-0.00386064 -0.00341167 0.99150552
-0.00475651 -0.01005261 1.00497649
0.00686209 -0.01004266 1.01568264
-0.00067835 -0.00995371 1.01961417
-0.00972259 -0.01605600 1.02886378
-0.00707106 -0.00500579 1.04189355
0.00545836 -0.00590760 1.07011046
-0.01137661 -0.01141433 1.05999712
-0.01024002 -0.01423396 1.06934477
-0.00457820 -0.01030398 1.06815068
-0.00856733 -0.02328975 1.07734206
-0.00152036 -0.01166473 1.08517053
-0.00207415 -0.01402680 1.07509324
0.00284973 -0.01395567 1.08026579
0.00806129 -0.01445533 1.08883435
0.00888883 -0.00988554 1.10853610
0.00925479 -0.01410890 1.09957530
0.01183536 -0.01389078 1.09971204
0.01156483 -0.01393957 1.09899781
0.01867833 -0.00603076 1.12160125
0.01320841 -0.01257734 1.12170349
0.02100838 -0.01588243 1.11872354
0.02675805 -0.01511963 1.11354004
0.01939070 -0.02274167 1.08895090
0.01560378 -0.00975291 1.13066657
0.01551993 -0.01427066 1.11249601
0.02739748 -0.01310295 1.12729037
0.01759725 -0.01786812 1.11355035
0.02564217 -0.01316152 1.11205711
0.02854393 -0.01517830 1.10796744
0.03052479 -0.01478057 1.10625038
0.02466568 -0.00403865 1.12941028
0.02265630 -0.01228841 1.13253747
0.02242354 -0.01069033 1.13165824
0.01946926 -0.01128270 1.13339900
0.02196776 -0.01096007 1.14251228
0.02216790 -0.01211665 1.14201836
0.02112252 -0.01388641 1.14066485
0.01673292 -0.01083665 1.13394534
0.00820289 -0.00954642 1.14494899
0.00247551 -0.00655865 1.15726545
-0.00158342 -0.01039089 1.14668041
0.00238037 -0.00938290 1.15575430
0.00438370 -0.01030224 1.16267475
0.00408616 -0.00329692 1.17282300
0.00444684 -0.00609352 1.18028628
0.00111591 -0.00681496 1.18662455
-0.00438470 -0.00481681 1.19211051
-0.00869542 -0.01393410 1.20157874
0.00547768 -0.00169177 1.22568588
-0.00149319 -0.00954041 1.22374580
0.00012648 -0.00676941 1.23339920
-0.00394918 -0.00863083 1.24870773
-0.00171731 -0.01447359 1.25900635
-0.00268110 -0.00775863 1.25784119
-0.00390041 -0.00935308 1.27375831
0.00185697 -0.01518829 1.28668436
-0.00942680 -0.01014763 1.29124882
0.00390557 -0.00857496 1.29642846
0.00009749 -0.01015818 1.30196029
0.01071873 -0.00325528 1.31601055
0.01051972 0.00110417 1.31804229
-0.00055096 -0.00672972 1.32087399
0.00031113 -0.00659249 1.32990865
-0.00452640 -0.00726278 1.33450052
-0.00462026 -0.01163745 1.34707209
-0.00043930 -0.00939421 1.35297346
0.00110186 -0.01003664 1.36269788
0.00055215 -0.00956269 1.36658981
-0.00081860 -0.01441220 1.37496985
-0.00534635 -0.01505796 1.36852787
0.00289970 -0.01652062 1.39265465
0.00044969 -0.01882751 1.40976676
-0.01580505 -0.01278254 1.42762658
0.00837971 -0.00930555 1.39955129
-0.00244884 -0.00583175 1.43245387
-0.00515724 -0.00606444 1.44383155
-0.00298846 -0.01191609 1.43742673
-0.00524115 -0.01036013 1.44703530
0.00280057 -0.00745838 1.46727237
-0.00930352 -0.00967074 1.45266965
-0.00548668 -0.01305481 1.45577918
0.00179294 -0.00526880 1.48350746
-0.00166298 -0.01148920 1.49146799
0.00297149 -0.02284252 1.49369580
0.00470792 -0.02183404 1.49759348
-0.00748858 -0.01656770 1.50661208
-0.01080570 -0.01557877 1.51405910
-0.00272883 -0.01661276 1.50458265
-0.00666239 -0.01788922 1.51190447
-0.00837656 -0.01956923 1.50873870
-0.00260466 -0.01794888 1.50748403
0.00809956 -0.01795614 1.49223442
0.00242329 -0.01608669 1.50579142
0.00216460 -0.01643166 1.50672079
0.00631955 -0.02435302 1.49901938
0.00290970 -0.01703351 1.52330702
-0.01828121 -0.01552037 1.50599734
-0.01199080 -0.01575034 1.52890444
-0.00552277 -0.01431732 1.51917555
0.00077705 -0.01403234 1.52039358
-0.00423630 -0.01432044 1.51233015
-0.00232316 -0.01551556 1.50840005
-0.00405423 -0.02104650 1.50775601
-0.00459908 -0.02067136 1.51218939
-0.00888361 -0.02239286 1.50728929
0.00849833 -0.01938734 1.51380321
0.00171593 -0.02187549 1.49505175
-0.00351297 -0.01760342 1.49536796
-0.01709550 -0.00176074 1.51820336
-0.00106049 -0.00898463 1.51142596
0.00128962 -0.00732721 1.51076274
-0.00412523 -0.01503756 1.51285422
-0.00973730 -0.01533164 1.51070832
-0.01233416 -0.01145164 1.51309342
-0.00934214 -0.01349114 1.51524921
0.00169656 -0.02068077 1.50647470
0.00126244 -0.02353545 1.49715543
-0.00114497 -0.01875330 1.48595312
-0.01081488 -0.01468807 1.51019755
-0.01446003 -0.02728470 1.48347672
-0.00723451 -0.02132042 1.48269851
-0.00964665 -0.02001735 1.47035130
-0.01312807 -0.02372599 1.45230157
-0.01198545 -0.01894016 1.46240982
-0.00565270 -0.02062069 1.45664158
-0.00001705 -0.01761963 1.44183931
-0.00638393 -0.02361985 1.43618214
-0.00565333 -0.02229998 1.41283901
-0.00668653 -0.02235842 1.40824087
-0.01195767 -0.02977149 1.40300482
-0.01145480 -0.02543250 1.39593396
-0.00570839 -0.02325459 1.37897978
-0.00303845 -0.02443573 1.35322155
-0.00291624 -0.02487959 1.32590733
-0.01001400 -0.03324310 1.30228271
-0.00356263 -0.02926337 1.27063822
-0.00107903 -0.02776111 1.23993081
-0.00456529 -0.02695395 1.21174099
-0.00358395 -0.02706887 1.17522128
-0.01214527 -0.02816204 1.15154441
-0.01066615 -0.01953673 1.10929611
-0.01349742 -0.02327823 1.08361535
-0.00912287 -0.02482950 1.03739548
-0.00812542 -0.02843221 0.98405506
-0.00453174 -0.03096579 0.94801439
-0.00457920 -0.02584154 0.89955743
-0.00202056 -0.01848023 0.86253684
-0.00185990 -0.01882893 0.82436239
-0.00258832 -0.01974790 0.78109780
0.00039922 -0.01948659 0.74922802
0.00902179 -0.01882304 0.70931811
0.01570449 -0.01510297 0.67642060
0.02664254 -0.01045954 0.65421224
0.04257071 -0.00537921 0.63855657
0.04827560 -0.00959482 0.62347780
0.05804000 -0.00339819 0.61474100
0.04614947 -0.00956161 0.58474953
0.05617237 -0.00326182 0.58723498
0.05319675 -0.00977085 0.57511611
0.05809069 -0.00681382 0.56155455
0.06004210 -0.00661638 0.55648171
0.05937934 -0.00522706 0.53410129
0.06312404 0.00269863 0.52411477
0.07041690 -0.00531538 0.50820346
0.07196561 -0.00599719 0.50921762
0.06092985 0.00020048 0.51338819
0.07025463 0.00448753 0.51543547
0.07054763 0.00568611 0.53688866
0.07742935 -0.01180838 0.51115579
0.08135809 -0.01032696 0.51007083
0.08405327 -0.00787329 0.51757417
0.07139024 -0.00236867 0.51294343
0.07121024 -0.00350371 0.52541674
0.06450279 -0.00211277 0.54233903
0.06969221 -0.00572091 0.55588524
0.06609233 -0.01837765 0.56074010
0.05669682 -0.04587954 0.57693686
0.07612656 0.01192223 0.57538888
0.05882534 -0.00767164 0.56669806
0.06579890 0.00138917 0.59458721
0.03719755 0.01743782 0.61904802
0.06694189 -0.00122196 0.62774243
0.06480525 -0.01177891 0.64291358
0.06331145 0.00172064 0.66961787
0.03134685 -0.01022319 0.68347735
0.03118427 0.00620625 0.69785360
0.01639671 -0.02515268 0.72066984
0.00678087 -0.05145758 0.74023389
-0.00792007 -0.05204353 0.74733367
-0.02121009 -0.04038700 0.75978107
-0.01944872 -0.00228842 0.77024141
0.00885255 -0.02200822 0.78359895
0.01641319 -0.01574115 0.79269761
-0.01608000 0.00596972 0.81294304
0.01290971 -0.00571232 0.81014522
-0.01014626 -0.01205496 0.82072962
0.00246458 -0.00764099 0.82569229
-0.00852068 0.00611401 0.83187735
-0.03353630 -0.00146048 0.82342964
0.02929888 -0.01475994 0.82453356
-0.01218932 -0.00969407 0.83636346
0.03260739 -0.01125094 0.82996339
0.03300031 -0.01120580 0.83242521
0.02423109 -0.01022562 0.84107594
0.00825811 -0.01135054 0.84621569
-0.00002220 -0.00883814 0.85500063
-0.00575984 -0.00824539 0.86647959
-0.01309741 -0.01097022 0.87856405
-0.01816458 -0.01417908 0.88461078
-0.01940224 -0.01294411 0.88656614
-0.01568508 -0.01480548 0.89883371
-0.01937500 -0.00881349 0.90643849
-0.01097140 -0.00747044 0.92928769
-0.01676669 -0.01000518 0.94123064
-0.01966069 -0.01452487 0.94330943
-0.01934798 -0.01235521 0.95238535
-0.01831472 -0.00881470 0.95779231
-0.02077743 -0.00848157 0.96882873
-0.01637179 -0.01112666 0.98745358
-0.00874473 -0.00524744 1.00556043
-0.00650205 -0.00850640 1.00843650
-0.00901162 -0.01359445 1.01285270
-0.01024908 -0.01259949 1.00697018
-0.01025977 -0.01763074 1.00432881
-0.01290422 -0.01521282 1.00564210
-0.01987797 -0.01462203 0.99501722
0.00638207 -0.02092551 1.01562499
0.00873123 -0.01697160 1.02113576
0.01041156 -0.01330432 1.01593277
0.00216339 -0.01420348 1.00814407
-0.00793956 -0.01716933 0.99804160
-0.00740304 -0.02009598 0.98801603
-0.00513224 -0.01671580 0.97375606
-0.00557270 -0.01327880 0.97136980
-0.00203303 -0.01775834 0.96752268
-0.00671289 -0.01913056 0.95487439
-0.00252469 -0.01723365 0.95408766
0.00044843 -0.01408909 0.93500681
-0.00229436 -0.01377785 0.93454303
0.00118045 -0.01677781 0.92825637
-0.00430978 -0.01237843 0.91397383
-0.00901656 -0.01337955 0.90340983
-0.00345981 -0.01725752 0.89475450
-0.00812693 -0.02318944 0.87305984
-0.00471134 -0.01824959 0.85776616
0.00737587 -0.01368854 0.85007309
-0.00458854 -0.01334340 0.82367501
-0.02131442 -0.01374033 0.81932596
-0.01673811 -0.01318687 0.79188402
-0.01133006 -0.01354280 0.75808725
-0.00361526 -0.01120042 0.73703735
-0.00410697 -0.01350918 0.70463078
-0.01235018 -0.01573173 0.68872051
-0.00917555 -0.01550229 0.65305477
-0.00481387 -0.01043534 0.62405982
-0.00648422 -0.01132998 0.59695160
-0.00377430 -0.01412928 0.56566820
-0.00196169 -0.01175453 0.52897583
0.00010788 -0.00818472 0.49986993
-0.00154534 -0.00835906 0.46557090
-0.00924074 -0.00366676 0.43517074
-0.01006715 -0.00592632 0.40566311
-0.00136260 -0.00652810 0.38503789
0.00833459 -0.00613306 0.35285902
-0.00021080 -0.00034250 0.32621894
-0.00905664 -0.00652302 0.30046972
-0.00490303 -0.00512376 0.27753311
-0.00005470 -0.00558618 0.25655490
-0.00248861 -0.00256109 0.23582615
0.00197320 0.00954432 0.22080052
-0.00129060 0.00272186 0.21455408
0.00267247 0.00096327 0.21450757
-0.00014629 -0.00089680 0.21337001
0.00026283 0.00321450 0.21269505
-0.00412091 0.00204580 0.21283484
-0.00291136 0.00308641 0.21197777
-0.00231983 0.00338387 0.21050394
-0.00260652 0.00189652 0.21007763
-0.00275971 -0.00147488 0.20966400
-0.00077184 0.00058942 0.20916329
0.00041965 -0.00008429 0.20445661
-0.00311811 0.00595364 0.20197929
-0.00484317 0.00352177 0.19401403
-0.00023916 0.00477600 0.19086260
0.00247969 0.00663249 0.18949787
0.00216492 0.00488024 0.18286302
-0.00100960 0.00601389 0.16689754
0.00128184 0.00169608 0.15810425
-0.00491136 0.00216902 0.15327010
0.00118868 0.00148564 0.14746926
0.00385654 0.00312424 0.14642525
0.00269531 0.00345529 0.14651329
-0.00085685 0.00210127 0.14048567
-0.01456745 0.00274096 0.13805008
-0.00647323 0.00571727 0.14287279
-0.00868067 -0.00024569 0.12814332
-0.00597481 0.00129463 0.12631969
-0.00113777 -0.00258550 0.13009278
-0.00817078 0.00333481 0.12661099
-0.01295002 0.00490128 0.12638050
-0.00627875 0.00163248 0.13329382
-0.00849674 0.00271928 0.14235778
-0.01148730 0.00235180 0.15198261
-0.01024604 0.00248986 0.17203071
-0.00322758 0.00563706 0.20736841
-0.00565929 0.00394029 0.23206108
-0.00831193 0.00153704 0.25824623
-0.00635710 0.00382826 0.28848767
-0.00751626 0.00531752 0.31566847
-0.01190736 0.00719538 0.34212137
-0.01906433 -0.00094047 0.36735687
-0.00854215 -0.00537306 0.39006182
-0.00760562 -0.00160066 0.42152639
-0.01337668 -0.00329951 0.44064953
-0.01767666 -0.00290998 0.46602338
-0.02005872 -0.00001346 0.48310756
-0.01639191 -0.00036034 0.50574344
-0.01510835 0.00278377 0.52490233
-0.00561150 -0.00430537 0.55370722
-0.01416775 0.00117938 0.56849159
-0.01781101 -0.00301482 0.59260440
-0.01036445 -0.00284187 0.61300283
-0.00971853 -0.00441822 0.62585698
-0.01280032 -0.00724991 0.64500718
-0.01551273 -0.00332355 0.66496865
-0.00471853 -0.00243927 0.68427750
-0.00718099 -0.00615765 0.70401972
-0.00209437 -0.00739225 0.72302553
-0.01775015 -0.00662663 0.73177108
-0.02049784 -0.00691339 0.75036636
-0.00746437 -0.00167801 0.76553503
0.00278335 0.00072966 0.79306937
-0.01377726 -0.00372361 0.80263342
-0.01432853 -0.00404478 0.82634276
-0.00817986 -0.00174092 0.84628036
-0.00881936 -0.00301187 0.85489102
-0.00574478 -0.00632652 0.87876762
-0.00376678 -0.00174869 0.89236423
-0.00741004 -0.00561479 0.91241083
-0.00756855 -0.00793287 0.91606295
-0.00580266 -0.01096285 0.92047876
-0.00799936 -0.01372999 0.92847580
-0.01167490 -0.01725774 0.91546023
-0.01001142 -0.01159121 0.93116877
-0.01169140 -0.01574003 0.91741528
-0.01306893 -0.01068167 0.92839742
-0.01055129 -0.01175620 0.91881919
-0.01063052 -0.01365658 0.92261373
-0.00316419 -0.00868253 0.92395205
0.00151651 -0.00446005 0.93172078
-0.01201387 -0.01600360 0.94658071
-0.01204563 -0.01385504 0.93576921
-0.01338419 -0.00898408 0.95525882
0.01302143 -0.00171746 0.98798763
0.00485094 -0.00854990 0.96742414
0.00757927 -0.00675450 0.95861902
0.01886349 -0.00586676 0.97303840
0.02001771 -0.00622255 0.96986094
0.01550467 -0.00629388 0.97291724
0.01522427 -0.00583742 0.98006962
0.00909603 -0.00712313 0.97028339
-0.00164510 -0.00906796 0.96909641
-0.00371755 -0.01424976 0.97122827
-0.01355637 -0.01474991 0.96025460
-0.00838514 -0.01110531 0.96755260
-0.00146441 -0.01025494 0.97893770
-0.00309336 -0.01297370 0.97936044
-0.00870643 -0.01182933 0.97726383
0.00105618 -0.00258963 0.98706269
-0.00448433 -0.00563618 0.97774283
-0.00400899 -0.00875274 0.99229414
0.00119004 -0.00259227 0.99586464
-0.00808847 -0.01469351 0.97872449
-0.00688319 -0.01175693 0.97305571
-0.00761011 -0.01260180 0.96420471
-0.00478470 -0.01246628 0.95802182
-0.00657575 -0.01709925 0.95265735
-0.00581800 -0.01536717 0.94888177
-0.01179374 -0.01613189 0.94392098
-0.02285125 -0.00471785 0.93413636
-0.01889618 -0.01068081 0.93509785
-0.01477819 -0.01891713 0.92893260
-0.02499833 -0.01873367 0.91015700
-0.01536480 -0.01527010 0.91625881
-0.01185042 -0.01338126 0.90915382
-0.00300488 -0.01207759 0.90242344
0.00217737 -0.01494536 0.89822665
-0.00347717 -0.01332003 0.89398427
-0.00124142 -0.01352912 0.89601906
0.00050224 -0.01248451 0.88435559
-0.00329703 -0.01567918 0.87262231
-0.01095788 -0.02174589 0.84316153
-0.00830088 -0.01703475 0.82869469
-0.00900001 -0.01351649 0.80942885
-0.01304789 -0.01255271 0.78704570
0.00311825 -0.01347442 0.77395119
0.00280034 -0.01615151 0.74714865
-0.00084052 -0.01692067 0.71609843
-0.00564174 -0.01898880 0.68230957
0.00055574 -0.01919110 0.64815785
0.00137057 -0.00884366 0.63582660
-0.00536142 -0.00991661 0.61201912
-0.00441905 -0.00520605 0.58777952
-0.00032036 -0.01022565 0.56157207
-0.00191837 -0.01395604 0.53926582
-0.00839437 -0.00520651 0.52547777
-0.00646333 -0.00179731 0.51669039
0.00241930 0.00258238 0.51158730
0.00522187 -0.00075828 0.49558676
0.00577207 -0.00594260 0.48499204
-0.00003610 -0.00374613 0.47655410
0.00090286 -0.00078736 0.46262833
0.00470289 -0.00460866 0.44583565
0.01252075 -0.00104816 0.44212831
0.00769858 -0.00525359 0.42855537
0.00806666 -0.00458484 0.41854804
0.00361706 -0.00688115 0.40318036
0.00622634 -0.00280381 0.39463954
0.01153311 -0.00101950 0.38585035
0.00737306 -0.00469477 0.37238241
0.00300538 -0.00557941 0.35969445
0.00503003 -0.00655478 0.34815958
0.01043878 -0.00754777 0.33226983
0.00943720 -0.00626868 0.32113783
0.00513556 -0.00076265 0.31480456
-0.01083085 0.00198749 0.29071182
-0.01413411 -0.00054725 0.27613905
-0.00916666 -0.00152132 0.26479072
-0.01176532 -0.00523568 0.24748261
-0.00722782 -0.00576672 0.22977668
-0.00795096 -0.00323520 0.21002007
-0.00907106 -0.00624319 0.19520705
-0.00884528 -0.00728993 0.18440991
-0.01015343 -0.00587388 0.17324926
-0.00991601 -0.00333692 0.16428520
-0.00649921 0.00017021 0.15272152
0.00064959 0.00042351 0.14744217
-0.00415437 -0.00090076 0.13594392
-0.00529078 -0.00226932 0.12780490
-0.00297833 -0.00119866 0.12117285
-0.00533997 -0.00132639 0.11072164
-0.00423765 0.00024588 0.10537160
-0.00790229 0.00098321 0.09808893
-0.00900757 0.00174829 0.09323230
-0.00751428 0.00084574 0.08648961
0.00045380 -0.00018462 0.08484703
-0.00290281 0.00112368 0.07757309
-0.00978536 0.00040266 0.06650269
-0.01179745 0.00145632 0.05971951
0.00208363 0.00280514 0.06845251
0.00241001 0.00163443 0.06892682
0.00488074 0.00168750 0.06928580
-0.00511375 0.00186542 0.04991209
-0.00797577 0.00040158 0.04285361
-0.00440469 -0.00064470 0.04619546
0.00046638 -0.00028194 0.04552115
-0.00125390 0.00077362 0.03908372
0.00188648 0.00151902 0.03914586
-0.00249038 0.00206417 0.02907755
-0.00257171 0.00370985 0.02144885
-0.00064335 0.00106482 0.02346164
-0.00233118 0.00167402 0.01692924
-0.00048579 0.00175561 0.01485192
-0.00536632 0.00021589 0.00893318
-0.00517694 0.00320786 0.00946778
0.00650952 0.00087581 0.02920985
-0.00313992 0.00250211 0.01542075
-0.00405848 0.00223160 0.01912201
-0.00528025 0.00232095 0.02025105
-0.00195301 0.00278653 0.02655664
-0.00873644 0.00162304 0.02270894
-0.00755221 0.00039445 0.02844989
0.00476249 0.00384200 0.04602092
0.00009693 0.00227696 0.04301579
0.00179353 0.00219871 0.05005727
-0.00309222 0.00295613 0.05099155
-0.00155910 0.00017624 0.05520068
0.01039795 0.00485324 0.07668024
-0.00201532 0.00142478 0.06476260
-0.00000344 0.00371660 0.07049037
0.00134812 0.00265596 0.08297400
-0.00734597 -0.00112752 0.07491809
-0.00523040 0.00066626 0.08305583
-0.00209674 -0.00054451 0.09254358
-0.00030082 0.00255785 0.09795104
-0.00632225 0.00469643 0.10529283
-0.00544526 0.00391937 0.09858116
-0.00607781 0.00133258 0.10267810
0.00144766 0.00501693 0.11160682
0.00091672 0.00544101 0.11440896
-0.00162493 0.00095953 0.11677576
-0.00295080 -0.00224751 0.11200288
0.00173607 -0.00233241 0.12226281
0.00178429 -0.00300237 0.11837634
-0.00512692 -0.00746893 0.11622847
0.00045750 -0.00426350 0.10854972
0.00462701 -0.00588888 0.10797089
0.00356026 0.00344247 0.10679625
0.01220313 0.01598591 0.10499968
0.00245885 0.00044963 0.09082514
0.01732589 0.01519506 0.09342396
-0.00351625 0.00190908 0.07025799
