-0.05740483 -0.02390253 0.99806481
-0.06189030 -0.00998264 0.99803303
-0.06248059 -0.01497204 0.99793387
-0.02375869 0.02665030 0.99936244
-0.05188865 0.00237945 0.99865004
-0.06649306 -0.00148638 0.99778578
-0.04915517 -0.04773696 0.99764971
-0.06348864 -0.03289770 0.99744019
-0.09192061 -0.02590119 0.99542942
0.13612980 0.02207238 0.99044510
-0.02998469 0.00163540 0.99954902
-0.00120004 -0.10511757 0.99445908
-0.01818055 -0.02720433 0.99946455
-0.18276071 -0.05274034 0.98174181
-0.00255252 -0.00183083 0.99999507
-0.08564418 -0.05576082 0.99476420
0.01187277 -0.04468825 0.99893043
-0.03757923 -0.02885000 0.99887711
-0.02221012 -0.02104529 0.99953179
-0.05738050 -0.00420081 0.99834354
-0.01810144 -0.04910254 0.99862970
-0.13931856 0.00009472 0.99024761
0.00090500 -0.00808039 0.99996694
0.02564132 -0.01328983 0.99958286
-0.04877312 -0.00360410 0.99880338
-0.05059167 0.01450648 0.99861406
-0.01683968 -0.01842703 0.99968839
-0.06267744 -0.00924528 0.99799101
-0.05700671 -0.00135146 0.99837288
-0.03380555 -0.01165232 0.99936050
-0.08109535 -0.01484213 0.99659583
0.03410553 -0.03534558 0.99879302
0.00220231 -0.01611645 0.99986770
-0.04921259 -0.00867130 0.99875068
-0.02794478 -0.00279786 0.99960555
0.00002492 0.00936020 0.99995619
-0.02596387 -0.00039576 0.99966280
-0.03153637 -0.00589505 0.99948522
-0.10008264 -0.02611448 0.99463636
-0.01350320 0.00032225 0.99990878
-0.04587437 -0.01158974 0.99887998
0.06009204 0.03308542 0.99764438
0.02998867 0.03712056 0.99886072
-0.02158200 0.00813770 0.99973396
-0.01919768 0.01426613 0.99971392
0.00913819 -0.00662527 0.99993630
-0.01203557 -0.00222024 0.99992510
-0.02677766 0.01536016 0.99952340
-0.02321569 0.00624056 0.99971100
0.00461443 0.00555918 0.99997390
-0.03501202 -0.00377868 0.99937975
-0.00639262 0.00067145 0.99997934
-0.02356296 -0.00572537 0.99970596
-0.01777902 -0.00586866 0.99982472
-0.00951042 -0.00397234 0.99994688
-0.00258562 -0.01414400 0.99989663
0.00900638 -0.01279817 0.99987754
-0.00930108 -0.00618696 0.99993760
-0.00731401 -0.00562886 0.99995741
-0.03837009 0.00319971 0.99925847
-0.00433588 -0.00379676 0.99998339
-0.04299666 0.01207185 0.99900228
-0.02392251 -0.02065474 0.99950042
-0.05190153 -0.01776715 0.99849415
0.02318157 -0.02229325 0.99948268
0.00282147 -0.01717576 0.99984850
-0.01170706 -0.01592122 0.99980471
-0.01910281 0.00560038 0.99980184
-0.02399561 -0.00865599 0.99967459
0.01631865 -0.02547754 0.99954219
-0.01169761 -0.01412474 0.99983181
-0.00716238 -0.01955095 0.99978321
-0.00291505 -0.01998011 0.99979613
-0.02070947 -0.00906979 0.99974440
-0.00674716 -0.02342499 0.99970283
-0.02708517 -0.00646288 0.99961224
-0.00138517 -0.02112998 0.99977578
-0.00879895 -0.02954363 0.99952476
-0.03306695 -0.01353224 0.99936152
-0.00126463 -0.02700344 0.99963454
-0.04264320 -0.01772545 0.99893311
-0.01515329 -0.02675936 0.99952705
-0.00495470 -0.02002782 0.99978715
-0.02669160 -0.01967436 0.99945009
-0.00909397 -0.02856068 0.99955069
-0.01746132 -0.02638916 0.99949923
-0.00593470 -0.01969008 0.99978852
-0.01470403 -0.02137841 0.99966332
0.00211540 -0.01324733 0.99991001
0.00771509 -0.01730095 0.99982056
0.00092839 0.00775521 0.99996950
0.01291906 -0.00852837 0.99988018
-0.00161705 -0.00631877 0.99997873
-0.03898677 -0.04204028 0.99835497
-0.02308904 -0.02494577 0.99942214
-0.06631392 -0.01298207 0.99771435
-0.12146979 0.01407273 0.99249536
0.13882638 -0.04185243 0.98943196
0.02864467 -0.00431748 0.99958033
-0.01772346 -0.00381714 0.99983564
-0.02182947 -0.00283421 0.99975769
-0.07890267 0.01610339 0.99675225
0.05654524 -0.00080594 0.99839971
-0.00399207 0.01195837 0.99992053
0.00617195 -0.01064421 0.99992430
-0.00090868 -0.01289447 0.99991645
0.00631983 -0.00153086 0.99997886
0.00368786 -0.01100880 0.99993260
-0.03194719 -0.02185445 0.99925060
0.01745020 -0.01839884 0.99967843
0.03184912 0.00474893 0.99948141
0.00069236 -0.00484150 0.99998804
0.00334981 -0.01605905 0.99986543
0.01527580 -0.02221728 0.99963646
-0.00882166 -0.00032873 0.99996103
-0.04236583 -0.00288671 0.99909799
-0.03177222 -0.00921876 0.99945262
-0.01583931 -0.01033482 0.99982114
0.03624937 -0.03062171 0.99887351
-0.00045773 -0.01042633 0.99994554
-0.05556424 -0.01569299 0.99833178
-0.03472255 0.00894777 0.99935693
-0.03383555 -0.01175141 0.99935832
-0.02940185 -0.01255456 0.99948883
-0.02280034 -0.02120330 0.99951516
-0.05182798 -0.01133282 0.99859172
-0.03310129 -0.00824964 0.99941795
-0.01590858 0.00273874 0.99986970
-0.03712228 -0.01555613 0.99918964
-0.04993807 -0.02682979 0.99839188
-0.08127297 -0.05584528 0.99512613
-0.04455776 -0.01479195 0.99889729
-0.02594187 -0.02185057 0.99942462
-0.04067924 -0.01398557 0.99907437
0.01812864 -0.00095806 0.99983520
-0.05479397 -0.00425244 0.99848863
-0.03625768 -0.00567917 0.99932634
-0.04353012 0.00649308 0.99903101
0.00052153 -0.02054885 0.99978871
-0.00130617 -0.01279178 0.99991733
-0.01156140 -0.04213909 0.99904486
-0.00058655 -0.00230187 0.99999718
0.01849619 -0.01494110 0.99971729
0.01985955 -0.00801356 0.99977066
0.01861919 -0.00666671 0.99980442
0.01512669 0.01043281 0.99983116
0.01918236 -0.01572299 0.99969236
0.00969471 -0.00995776 0.99990342
0.02508731 -0.00489714 0.99967327
0.00152382 -0.01809143 0.99983518
-0.01360453 0.00826618 0.99987329
0.02888805 -0.03030829 0.99912306
0.00778343 -0.00181482 0.99996806
0.01301624 -0.01020845 0.99986317
0.00683299 -0.00700949 0.99995209
0.01357287 -0.02068203 0.99969397
-0.01465804 -0.01442328 0.99978853
-0.00183800 -0.01262114 0.99991866
0.01899280 -0.01885973 0.99964173
-0.00465079 -0.01134571 0.99992482
-0.00948499 -0.01609397 0.99982549
0.00921548 -0.01244307 0.99988012
0.00946720 -0.02043232 0.99974641
0.02341433 -0.01968247 0.99953208
-0.00796388 -0.01451765 0.99986290
0.02942732 -0.02907124 0.99914408
0.00551837 -0.01600380 0.99985670
-0.01123929 -0.01744064 0.99978473
0.01955712 -0.02333925 0.99953629
-0.00413164 -0.00846079 0.99995567
-0.01590887 -0.01460598 0.99976676
-0.00365946 -0.00857913 0.99995650
-0.01044732 -0.02261890 0.99968957
0.00823281 -0.01861986 0.99979274
-0.00773955 -0.01561560 0.99984811
-0.00951385 -0.02589449 0.99961941
0.02028206 -0.01496665 0.99968227
-0.02693213 -0.02153911 0.99940519
-0.01010522 -0.02700176 0.99958431
-0.02397681 -0.03112810 0.99922778
-0.00656445 -0.01689694 0.99983569
-0.01603937 -0.02673668 0.99951383
-0.00790803 -0.01667303 0.99982972
0.00118369 -0.00905680 0.99995829
-0.02255555 -0.01724658 0.99959682
0.00073574 -0.00187310 0.99999798
0.00197198 -0.01594695 0.99987089
-0.00815808 -0.02067444 0.99975298
0.00299369 -0.02604713 0.99965623
-0.00886422 -0.01235903 0.99988433
0.00770085 -0.00427301 0.99996122
-0.03728149 -0.00531726 0.99929066
0.00802828 -0.01850197 0.99979659
-0.01792601 -0.02428180 0.99954442
-0.00510585 -0.01596923 0.99985945
-0.01201306 -0.01864103 0.99975407
-0.01870824 -0.01422969 0.99972372
-0.00910331 -0.00961674 0.99991232
-0.02083533 -0.02155075 0.99955063
-0.01260264 -0.02525325 0.99960164
-0.02797005 -0.02393187 0.99932224
0.00022929 -0.01274839 0.99991871
-0.00558024 -0.00796694 0.99995269
-0.00179891 -0.01295805 0.99991442
-0.00181389 -0.01929352 0.99981222
0.00854963 -0.02501014 0.99965064
-0.00434210 -0.01547605 0.99987081
-0.00877501 -0.02176202 0.99972467
-0.02640262 -0.00928852 0.99960824
-0.00585213 -0.02077311 0.99976709
-0.00692610 -0.00038845 0.99997594
-0.01196354 -0.02794676 0.99953782
-0.00459859 -0.02075005 0.99977412
-0.00777658 -0.03406728 0.99938929
0.00455520 -0.02150438 0.99975838
0.00100739 -0.01471890 0.99989116
-0.00953181 -0.01773250 0.99979733
0.00373399 -0.01433019 0.99989035
-0.00696910 -0.00766521 0.99994634
-0.00960045 -0.01227485 0.99987857
0.00268978 -0.01801702 0.99983406
0.01259720 -0.02245779 0.99966842
0.00599740 -0.01188822 0.99991135
-0.00701574 -0.02655683 0.99962269
0.01226388 -0.01442643 0.99982072
-0.00382602 -0.02909949 0.99956920
-0.01646578 -0.02246934 0.99961193
-0.01392681 -0.00730840 0.99987631
-0.00111661 -0.01713289 0.99985260
-0.02383181 -0.00809697 0.99968319
-0.00954904 -0.01351984 0.99986301
0.00609627 -0.02063594 0.99976847
-0.01502718 -0.01742420 0.99973526
-0.01184227 -0.01248778 0.99985190
-0.00151393 -0.01707498 0.99985307
0.00551947 -0.01404358 0.99988615
0.01062825 -0.01192501 0.99987241
0.00955125 -0.01826965 0.99978747
0.00282451 -0.03613495 0.99934293
-0.00758589 -0.02097392 0.99975124
0.00952969 -0.02253465 0.99970064
0.00912273 -0.02401548 0.99966996
0.01152826 -0.01519575 0.99981808
-0.00730084 -0.02324880 0.99970305
-0.00094412 -0.02083562 0.99978247
0.00699549 -0.03404214 0.99939592
-0.02936773 -0.00494539 0.99955644
-0.00599306 -0.02447376 0.99968251
-0.00919634 -0.01461932 0.99985084
-0.00046204 -0.02527145 0.99968052
-0.02565037 -0.01498832 0.99955861
-0.03014744 -0.02128550 0.99931880
-0.00622128 -0.01064711 0.99992396
0.00117782 -0.03001077 0.99954888
-0.00587072 -0.02287989 0.99972098
-0.01025535 -0.02362235 0.99966835
-0.00229964 -0.01932632 0.99981058
0.01663504 -0.01333410 0.99977271
-0.00536340 -0.02234232 0.99973599
0.00063023 -0.01703455 0.99985470
-0.00057872 -0.02154948 0.99976762
0.00113527 -0.02164393 0.99976510
0.00170730 -0.01738821 0.99984736
0.00349666 -0.01553345 0.99987323
-0.00763784 -0.01956049 0.99977950
-0.01535668 -0.02409025 0.99959183
0.02580773 -0.02444658 0.99936796
0.00777982 -0.03276164 0.99943291
0.00359277 -0.03127868 0.99950425
0.00110196 -0.01642642 0.99986447
-0.00572750 -0.03547453 0.99935417
0.02678881 -0.03876080 0.99888936
0.04888355 -0.03605420 0.99815354
-0.01046530 -0.01402790 0.99984684
-0.00144280 -0.01589035 0.99987270
-0.01181968 -0.01250780 0.99985191
-0.00962064 -0.02977845 0.99951022
-0.01914899 -0.01676586 0.99967606
-0.00270880 -0.02442829 0.99969791
0.00451474 -0.02316840 0.99972138
-0.00195373 -0.01863922 0.99982437
0.01007575 -0.01984137 0.99975237
0.02536734 -0.02037858 0.99947047
0.02949689 -0.00800979 0.99953278
0.00723594 -0.02190771 0.99973381
-0.01606608 -0.02417023 0.99957875
0.01529492 -0.02605285 0.99954355
-0.00007966 -0.00253816 0.99999678
0.01316307 -0.02571664 0.99958261
0.02218137 -0.01913003 0.99957092
-0.00841588 -0.01242420 0.99988740
0.01257195 -0.02628419 0.99957545
-0.03714273 0.00860878 0.99927289
-0.01196516 -0.03711344 0.99923942
-0.00731824 -0.01794844 0.99981213
0.01747853 -0.00913045 0.99980555
-0.00271594 -0.01601205 0.99986811
-0.00794724 0.01116763 0.99990606
-0.00685629 -0.00887107 0.99993715
-0.00796694 -0.01438042 0.99986486
-0.00581006 0.00036783 0.99998305
-0.00891566 -0.02261619 0.99970447
-0.04161215 0.02623222 0.99878942
0.01467804 -0.01419463 0.99979151
0.00462045 -0.01572202 0.99986573
-0.01504646 -0.01223918 0.99981189
-0.00632626 -0.00921811 0.99993750
-0.00447626 -0.00390792 0.99998235
-0.01148145 -0.01368899 0.99984038
-0.00342254 -0.01658303 0.99985663
-0.00729331 -0.02669573 0.99961700
0.02398891 -0.02745299 0.99933521
-0.01647998 -0.01993617 0.99966542
0.00238054 -0.01862222 0.99982376
-0.03985750 -0.01413315 0.99910542
0.03215446 -0.00553436 0.99946759
0.01073789 -0.00748565 0.99991433
-0.01070347 0.00124863 0.99994194
0.00400773 -0.01762031 0.99983672
0.00198758 -0.02806319 0.99960418
0.00861733 -0.01228956 0.99988735
-0.00739968 -0.03732615 0.99927574
0.01125642 -0.02073471 0.99972164
-0.00745733 -0.01254552 0.99989349
-0.01082728 -0.02755494 0.99956165
0.01233793 -0.00608551 0.99990537
-0.00574682 -0.02771739 0.99959928
-0.01238604 0.00318839 0.99991821
0.01706733 0.01580042 0.99972949
0.00186952 -0.00818023 0.99996479
0.00885344 -0.02154194 0.99972874
-0.00823497 -0.01408286 0.99986692
0.00602314 -0.02751085 0.99960336
0.00471383 -0.02424503 0.99969493
0.00022921 -0.02949484 0.99956491
0.00630216 -0.02111409 0.99975721
0.01657169 -0.01536573 0.99974460
-0.02225304 -0.02449715 0.99945220
-0.00386111 -0.03693745 0.99931012
-0.02139996 -0.01447905 0.99966614
0.00322466 -0.02140384 0.99976571
0.01512018 -0.02116589 0.99966164
-0.01074773 -0.03007234 0.99948994
-0.00888364 -0.02148724 0.99972965
0.02280990 -0.02681877 0.99938004
-0.01747462 -0.03227781 0.99932616
0.00297736 0.00527322 0.99998166
0.00263414 -0.01685585 0.99985446
-0.00790460 -0.02632201 0.99962226
-0.00721471 -0.03057765 0.99950636
-0.03287281 -0.03209973 0.99894394
-0.02189549 -0.03382409 0.99918793
-0.00143571 -0.01811949 0.99983480
-0.03428855 -0.02218030 0.99916582
0.00970867 -0.02796976 0.99956162
0.00919339 -0.01292600 0.99987419
-0.01705562 -0.02006573 0.99965318
-0.03288289 -0.00790528 0.99942795
-0.02169524 -0.02649878 0.99941339
-0.05709566 -0.02061382 0.99815588
-0.01633878 -0.01716630 0.99971914
-0.04224351 -0.04751287 0.99797696
-0.04091763 -0.02432351 0.99886641
-0.04730134 -0.02028043 0.99867477
-0.04417061 0.00065064 0.99902379
-0.05220868 0.02465176 0.99833188
-0.06497800 -0.01656457 0.99774920
-0.12724274 -0.02401596 0.99158082
-0.06776315 -0.02846134 0.99729540
-0.05659176 -0.02316635 0.99812860
-0.05012496 0.00478146 0.99873151
-0.05009152 -0.00388482 0.99873708
-0.06415172 -0.01063917 0.99788344
-0.02950033 -0.02081094 0.99934811
-0.06626138 -0.02655951 0.99744876
-0.01525875 -0.03975953 0.99909276
0.02798041 -0.03066650 0.99913796
-0.05001695 0.02270398 0.99849028
-0.08031072 -0.00473430 0.99675863
-0.03661371 -0.00352151 0.99932329
-0.04739952 -0.00645781 0.99885514
-0.06730759 -0.06177422 0.99581807
-0.03499291 -0.01504902 0.99927425
-0.05890277 -0.02966563 0.99782284
-0.04801016 -0.01778651 0.99868847
-0.04437491 -0.02243872 0.99876292
-0.06882117 -0.03089422 0.99715054
-0.04341621 -0.02486448 0.99874761
-0.01146195 -0.01631730 0.99980116
-0.01639178 -0.01805435 0.99970263
-0.03405967 -0.03312940 0.99887055
-0.02599616 -0.02680319 0.99930265
0.00048079 -0.02395632 0.99971289
0.04709839 -0.02199908 0.99864798
0.02897431 -0.02273756 0.99932152
0.01486355 0.00778231 0.99985925
-0.03972936 -0.00072102 0.99921022
-0.00775500 -0.03574335 0.99933091
-0.00337360 -0.05205119 0.99863872
-0.00585142 0.00723012 0.99995674
0.03512263 0.00255594 0.99937974
-0.02180858 0.04790036 0.99861401
0.02723005 -0.02426277 0.99933470
-0.05325048 -0.07403062 0.99583325
-0.19463466 0.06660309 0.97861196
0.03038499 -0.02837775 0.99913535
0.02180831 -0.02481581 0.99945414
0.02899714 0.00352545 0.99957328
0.12604932 -0.01686569 0.99188060
0.05817326 -0.03492354 0.99769545
0.00531660 -0.02262839 0.99972981
0.23586655 0.00345911 0.97177930
0.08456489 -0.02956879 0.99597915
0.08923427 -0.00092607 0.99601023
0.12107454 -0.00351302 0.99263720
0.11227958 -0.03062039 0.99320476
0.02088533 -0.01803173 0.99961926
0.05222693 -0.00833161 0.99860049
0.03646019 -0.00578042 0.99931839
0.04742542 -0.01801600 0.99871230
0.08411618 -0.00729793 0.99642923
0.11019546 -0.01025953 0.99385698
0.05984846 -0.03072033 0.99773465
0.13640969 -0.02677874 0.99029051
0.12033853 0.00932564 0.99268911
0.05573486 -0.02418787 0.99815258
0.04924184 -0.01606247 0.99865772
0.06607055 -0.01660105 0.99767685
0.09153636 0.00409116 0.99579333
0.06123820 -0.00556731 0.99810765
0.08315474 0.00017038 0.99653663
0.05048055 -0.00565067 0.99870906
0.04710631 -0.00274283 0.99888612
0.02862894 -0.01882162 0.99941289
0.02611648 -0.00134478 0.99965800
0.04377182 0.02133013 0.99881382
0.05859731 -0.02976792 0.99783778
0.00231022 -0.01011241 0.99994620
0.02965471 -0.00948622 0.99951519
0.01645315 0.00231341 0.99986196
0.02397317 0.00601288 0.99969452
0.03012447 -0.00959000 0.99950015
-0.01057597 -0.00675669 0.99992124
-0.01270596 -0.01585693 0.99979354
0.00315904 -0.00616844 0.99997599
-0.01314797 0.00051014 0.99991343
-0.00070485 -0.02033595 0.99979295
-0.02150068 -0.00791537 0.99973750
0.01819735 0.01271916 0.99975351
-0.00979179 -0.00130657 0.99995121
0.01264247 0.00894808 0.99988004
-0.01908362 -0.00932963 0.99977436
-0.02589813 -0.02282131 0.99940406
-0.01244263 -0.00794308 0.99989104
0.00126321 -0.01177914 0.99992983
-0.04716020 -0.00672212 0.99886472
-0.01389143 -0.00672978 0.99988086
-0.01169144 0.00541117 0.99991701
-0.01888345 -0.00473702 0.99981047
-0.00699661 -0.00286679 0.99997141
-0.00748920 0.00071704 0.99997170
-0.02938484 -0.02604187 0.99922888
-0.03417641 0.00556467 0.99940032
-0.02561750 -0.00584690 0.99965472
-0.00840699 -0.00430794 0.99995538
-0.01853449 -0.00973019 0.99978087
0.04386041 -0.02281990 0.99877701
-0.00965415 -0.01121737 0.99989048
0.01264295 -0.01329981 0.99983162
-0.01778257 0.01087053 0.99978278
-0.00078728 -0.00172930 0.99999819
0.01164040 -0.01933601 0.99974528
-0.01029966 -0.01397148 0.99984935
0.03446597 -0.00871097 0.99936791
-0.00441193 -0.01712617 0.99984360
0.00011141 -0.01765919 0.99984406
-0.02262239 -0.01757202 0.99958964
-0.02190190 -0.01495801 0.99964822
0.00842271 -0.02173386 0.99972831
-0.03682293 -0.01935143 0.99913442
-0.00544769 -0.01418273 0.99988458
-0.01717616 -0.00323798 0.99984724
0.00142383 -0.00858593 0.99996213
-0.03962017 -0.00159289 0.99921354
0.00043161 -0.00645498 0.99997907
-0.00281526 0.00069501 0.99999580
-0.01215044 -0.00490891 0.99991413
0.02537656 0.02465879 0.99937379
-0.01022362 0.00231090 0.99994507
0.00016489 -0.01746458 0.99984747
0.01242229 -0.01365004 0.99982967
-0.00432370 -0.00507995 0.99997775
-0.00486631 0.00953726 0.99994268
-0.01670109 -0.02291031 0.99959801
-0.01408835 -0.00811453 0.99986783
-0.00597845 -0.01765630 0.99982624
-0.01487086 -0.01657646 0.99975201
0.00643739 -0.01678610 0.99983838
0.01012754 -0.01776738 0.99979085
0.00957869 -0.02571492 0.99962342
0.00433094 -0.00956578 0.99994487
-0.01532719 -0.02637064 0.99953473
0.00368382 -0.01344119 0.99990288
0.00898397 -0.02467035 0.99965527
-0.00611595 -0.01586992 0.99985536
-0.00631517 -0.01923447 0.99979506
-0.00397806 -0.02018420 0.99978836
0.00917557 -0.01258995 0.99987864
0.00529134 -0.01339220 0.99989632
-0.01539411 -0.01913019 0.99969848
-0.00532094 -0.01994867 0.99978685
-0.03307686 -0.00021575 0.99945279
-0.02241680 -0.01071379 0.99969130
-0.00296400 -0.02228725 0.99974721
-0.01693437 -0.01665239 0.99971792
0.02753512 -0.01070881 0.99956347
0.00162446 -0.02106832 0.99977672
0.00155144 -0.01799415 0.99983689
-0.00724933 -0.02659354 0.99962004
-0.00595271 -0.01786529 0.99982268
0.02813528 -0.00410666 0.99959569
0.00164001 -0.01045527 0.99994400
0.00116812 -0.02075033 0.99978401
-0.00114367 -0.01375763 0.99990471
0.00776385 -0.00720403 0.99994391
-0.00365684 -0.02573316 0.99966216
0.01630181 -0.02417182 0.99957490
-0.00606588 -0.01297543 0.99989742
0.00238262 -0.02207369 0.99975351
-0.02400455 -0.01496584 0.99959982
0.01585849 -0.02206089 0.99963084
-0.02759259 -0.02266215 0.99936233
-0.01903818 -0.01241273 0.99974170
-0.00682303 -0.02041029 0.99976841
0.00004277 -0.01687502 0.99985761
0.02035769 -0.03588988 0.99914838
0.02143073 -0.02490866 0.99946000
-0.00472687 -0.02426961 0.99969427
-0.00184976 -0.03023443 0.99954112
0.01508817 -0.02589294 0.99955085
0.02275375 -0.01783809 0.99958195
0.01825251 -0.03252460 0.99930426
-0.00426299 0.00644506 0.99997014
0.01228641 -0.01610453 0.99979482
0.04682608 -0.03258120 0.99837157
0.06058604 -0.02377224 0.99787986
0.04958113 -0.03353245 0.99820704
0.07233061 -0.03037647 0.99691803
0.03547788 -0.06663830 0.99714626
0.04456659 -0.02718884 0.99863636
0.03410241 -0.05229789 0.99804908
0.00899561 -0.04839842 0.99878760
0.09673822 0.04126795 0.99445396
0.18086621 -0.00280244 0.98350372
0.05235449 -0.01642097 0.99849354
0.07737631 0.01450504 0.99689644
0.05778493 0.00669759 0.99830659
0.14140495 -0.01873077 0.98977462
0.05560605 0.01491590 0.99834137
0.06034316 -0.04343653 0.99723216
-0.03268298 -0.06855634 0.99711175
0.05527264 -0.02800833 0.99807839
0.05928584 -0.08627690 0.99450565
0.12003177 -0.08054871 0.98949698
0.09596400 -0.06799940 0.99305941
0.05889624 -0.02239803 0.99801281
0.10879599 -0.02068462 0.99384887
0.09980083 -0.01388032 0.99491061
0.06077770 -0.01380094 0.99805591
0.10624919 -0.03492611 0.99372596
0.08245185 0.00212285 0.99659279
0.10885641 -0.01334406 0.99396792
0.10136369 -0.01028751 0.99479624
0.09357522 -0.02773897 0.99522572
0.08717388 -0.01300064 0.99610828
0.04623428 -0.01695352 0.99878675
0.10512524 -0.00502505 0.99444629
0.06708005 -0.02556648 0.99741998
-0.00232792 -0.02413465 0.99970601
0.00566066 -0.03924523 0.99921358
-0.02839021 -0.01383991 0.99950110
-0.00816008 -0.02354331 0.99968951
0.01994993 -0.01321542 0.99971364
-0.00897190 -0.01791382 0.99979928
0.00763116 -0.00281840 0.99996691
0.02987860 0.01307931 0.99946796
0.01589338 -0.01147866 0.99980780
-0.00298391 -0.00400888 0.99998751
-0.03173634 -0.01634249 0.99936266
-0.03075057 -0.03824151 0.99879527
-0.04353043 -0.03271315 0.99851638
-0.01151490 -0.02422270 0.99964027
-0.01716818 -0.00900526 0.99981206
0.01414791 -0.00368755 0.99989311
-0.01568775 -0.00748375 0.99984893
-0.04009744 -0.02409847 0.99890513
-0.05622658 -0.06125984 0.99653691
0.04399124 -0.01910245 0.99884927
-0.01981800 -0.01342069 0.99971352
-0.01751236 -0.00847043 0.99981077
-0.04064562 -0.04676220 0.99807877
-0.08225816 -0.02924191 0.99618196
-0.07566964 -0.01446217 0.99702806
-0.02882107 -0.03839331 0.99884698
-0.04656563 -0.00502402 0.99890260
0.02742403 0.02375811 0.99934152
-0.06514856 -0.02666716 0.99751919
-0.02734245 -0.03349035 0.99906496
-0.04870794 -0.02230777 0.99856392
-0.14559481 -0.03755731 0.98863118
-0.02314888 0.00848580 0.99969601
-0.13128991 -0.04816555 0.99017324
-0.08420635 -0.00651307 0.99642705
-0.05330508 -0.02870155 0.99816571
-0.02081093 -0.02081281 0.99956677
0.04152668 -0.02225895 0.99888942
-0.06877628 -0.01057611 0.99757605
-0.03871569 -0.01987591 0.99905257
-0.04365224 -0.02839093 0.99864330
-0.12395698 -0.03428781 0.99169502
-0.11595627 0.01949693 0.99306294
-0.08487165 0.02606272 0.99605097
-0.07349497 -0.00758637 0.99726673
-0.07844550 -0.01933255 0.99673093
-0.10961606 0.01727403 0.99382389
-0.10423916 -0.00302509 0.99454766
-0.05031498 -0.03689292 0.99805176
-0.04064322 -0.00938026 0.99912969
-0.12594594 0.02431087 0.99173918
-0.07030347 0.02076399 0.99730952
-0.05041310 -0.00874680 0.99869015
-0.05270609 -0.00184735 0.99860836
-0.04846255 -0.00951750 0.99877965
-0.06839990 0.01228463 0.99758235
-0.04771313 -0.00267890 0.99885749
-0.02848709 0.01006009 0.99954354
-0.04517122 -0.00896470 0.99893903
-0.06340866 -0.00712444 0.99796222
-0.03699415 -0.00266411 0.99931193
-0.04795079 -0.00460716 0.99883907
-0.03025393 -0.01678363 0.99940133
-0.00282385 -0.03360526 0.99943119
-0.00886019 -0.01453325 0.99985513
-0.04508467 -0.00786401 0.99895222
-0.03502649 -0.01109021 0.99932485
-0.01408521 -0.02277598 0.99964137
-0.02092109 -0.01171736 0.99971246
-0.01110027 -0.02408669 0.99964825
-0.01134076 -0.01315214 0.99984919
-0.01466248 -0.02327442 0.99962158
0.00778943 -0.01294702 0.99988584
0.02825767 0.00332041 0.99959516
0.00680871 -0.00780218 0.99994638
-0.00847999 -0.01177243 0.99989474
-0.04108592 -0.01279452 0.99907369
0.00061949 -0.00871329 0.99996185
0.02747401 -0.00546042 0.99960760
-0.00875837 -0.01640681 0.99982704
0.00725198 -0.01366023 0.99988040
0.03236835 -0.02329172 0.99920458
0.00618877 -0.01594329 0.99985374
-0.00314911 -0.01607684 0.99986580
-0.00017365 -0.01181346 0.99993020
-0.00391729 -0.01211683 0.99991892
-0.00341831 -0.01351596 0.99990281
0.02062632 -0.01760446 0.99963225
0.03313196 -0.02078949 0.99923474
0.01225765 -0.01945550 0.99973558
-0.03202845 0.00389931 0.99947935
-0.03004380 -0.00406093 0.99954033
-0.00099527 -0.01365366 0.99990629
-0.02312588 -0.00223975 0.99973005
-0.00863870 -0.00556563 0.99994720
-0.00657414 -0.01034511 0.99992488
-0.01834314 -0.01121115 0.99976889
-0.03776136 -0.00590870 0.99926932
-0.04249834 -0.04339647 0.99815361
0.01468943 0.02201226 0.99964978
-0.00046442 -0.01143109 0.99993456
0.02388994 0.00516801 0.99970124
0.02403264 -0.01382194 0.99961562
-0.01570687 -0.00388506 0.99986909
0.01450108 -0.01764637 0.99973913
-0.01143279 -0.00390534 0.99992702
-0.02622544 -0.03247332 0.99912847
0.00219215 -0.01016905 0.99994589
-0.00902724 -0.01383983 0.99986347
0.03438868 0.01496530 0.99929648
0.01145463 -0.00221855 0.99993193
0.01817250 -0.02774755 0.99944977
-0.02002013 0.00257776 0.99979625
-0.00809274 -0.01721637 0.99981904
0.03211580 -0.02658973 0.99913040
0.01358761 -0.00991277 0.99985855
0.02355879 -0.00291410 0.99971821
-0.01488226 -0.01816461 0.99972424
0.01135806 -0.02520397 0.99961780
0.02715425 -0.00728230 0.99960473
0.00907345 -0.01957515 0.99976722
0.01064867 -0.01595070 0.99981607
-0.00287185 -0.01147590 0.99993003
-0.01457434 -0.01939564 0.99970566
-0.01561966 -0.02107291 0.99965592
-0.01884119 -0.03115754 0.99933689
-0.02367849 -0.01823225 0.99955336
-0.01935029 -0.01819070 0.99964727
0.00548146 -0.01451240 0.99987966
0.00402420 -0.00833768 0.99995714
0.00440401 -0.01663403 0.99985195
-0.00687447 -0.01509150 0.99986248
-0.00783041 -0.01816855 0.99980428
-0.00357652 -0.01511736 0.99987933
-0.00093132 -0.01113563 0.99993756
-0.00784701 -0.01159882 0.99990194
0.00955480 -0.00753972 0.99992593
-0.01489292 -0.01470915 0.99978090
0.02082855 -0.02574274 0.99945159
-0.00327344 -0.01586236 0.99986883
-0.00732581 -0.01826919 0.99980627
-0.03512438 -0.01690312 0.99923999
-0.01085225 -0.00915550 0.99989920
0.00104001 -0.01688113 0.99985696
-0.00861590 -0.01220360 0.99988841
-0.01082051 -0.00848687 0.99990544
-0.02701737 -0.02874429 0.99922161
-0.00824693 -0.00755500 0.99993745
-0.01136451 -0.01785161 0.99977606
0.00086108 -0.01732636 0.99984952
-0.01213173 -0.01234064 0.99985025
0.02194288 -0.00284725 0.99975517
-0.01900838 -0.01529055 0.99970240
-0.01279520 -0.00685960 0.99989461
0.00434694 -0.00932253 0.99994710
-0.00186648 -0.01125628 0.99993490
-0.00816342 -0.00702260 0.99994202
0.00380937 -0.01409494 0.99989340
-0.00488002 -0.01553701 0.99986738
-0.00675789 -0.01970141 0.99978307
0.00399009 -0.00139611 0.99999106
-0.01215951 -0.01884076 0.99974855
-0.01692091 -0.00067167 0.99985661
0.04620575 -0.02317278 0.99866313
-0.01351145 -0.01470799 0.99980054
-0.01550505 -0.01770691 0.99972299
-0.03134882 -0.01754138 0.99935457
-0.03467272 -0.00558054 0.99938314
0.00307263 -0.01093872 0.99993545
-0.00396950 -0.00371143 0.99998523
-0.02024027 -0.01099291 0.99973471
0.02019918 -0.00414664 0.99978738
0.00248129 -0.01017647 0.99994514
0.00298599 -0.00448839 0.99998547
-0.02234022 -0.01443156 0.99964626
0.01446816 -0.00792398 0.99986393
-0.00391545 -0.01254139 0.99991369
-0.01285184 -0.02091117 0.99969873
-0.00126226 -0.01459925 0.99989263
-0.01396683 -0.02437041 0.99960543
0.01972233 -0.01275530 0.99972413
0.00969027 -0.01078573 0.99989488
-0.01771173 -0.01747087 0.99969048
0.00082674 -0.01526558 0.99988313
-0.00925212 -0.02295208 0.99969375
-0.01597827 -0.02224571 0.99962484
-0.01432256 -0.01609202 0.99976793
-0.02067293 -0.02460589 0.99948346
-0.02074838 -0.00599089 0.99976678
-0.00253380 -0.01412129 0.99989708
-0.00801995 -0.01932138 0.99978116
-0.00068957 -0.02161660 0.99976610
0.01427622 0.00866791 0.99986052
-0.01109609 -0.01261013 0.99985892
0.00431934 -0.01274172 0.99990949
-0.01346649 -0.00539654 0.99989476
-0.02162584 -0.01549623 0.99964603
-0.00608422 -0.00874198 0.99994328
-0.02895410 -0.01234296 0.99950453
-0.00985763 -0.02186938 0.99971224
0.01208967 -0.02006119 0.99972566
-0.03102364 -0.01731500 0.99936866
0.00238166 -0.01325612 0.99990930
0.00464497 -0.00516236 0.99997589
-0.00625867 -0.01625914 0.99984822
-0.01605993 -0.01339194 0.99978134
-0.01278408 -0.01875649 0.99974235
-0.03279297 -0.02136586 0.99923377
-0.00834695 -0.02829100 0.99956488
-0.00209320 -0.03349050 0.99943684
-0.02084412 -0.02161740 0.99954900
-0.03266486 -0.04611119 0.99840211
-0.00192627 -0.01320501 0.99991095
-0.00726655 -0.01306691 0.99988822
0.00431486 -0.00645064 0.99996989
-0.02031922 -0.01006948 0.99974283
-0.02117846 -0.01051489 0.99972042
-0.04187809 -0.02514276 0.99880632
-0.04602734 -0.02581310 0.99860661
-0.01637911 -0.01518508 0.99975054
0.01432955 -0.01163590 0.99982962
-0.01093885 -0.02840433 0.99953666
-0.00831599 -0.02003875 0.99976462
-0.00518287 -0.02022452 0.99978203
-0.01935123 -0.01751584 0.99965930
-0.06444370 -0.05721687 0.99627970
-0.03708195 -0.02823689 0.99891321
0.00420410 -0.01258965 0.99991191
0.00295452 0.01814388 0.99983102
-0.00431643 -0.01842765 0.99982088
-0.01096634 -0.01352506 0.99984839
-0.00661951 -0.00971768 0.99993087
0.02984545 -0.00755331 0.99952599
-0.05661528 -0.04317330 0.99746217
-0.04490784 -0.03594741 0.99834416
-0.01361467 -0.02999907 0.99945720
0.00605263 -0.00799515 0.99994972
0.00731762 0.00575463 0.99995667
0.00484751 -0.02191505 0.99974808
0.00000737 -0.00751238 0.99997178
0.07575078 0.00288024 0.99712262
-0.07475253 -0.05234909 0.99582711
-0.03395772 -0.02277668 0.99916370
-0.01423301 -0.04062838 0.99907295
-0.00196077 -0.00841860 0.99996264
-0.03101054 0.01737489 0.99936803
0.01687855 -0.01316975 0.99977081
-0.04436090 0.00966422 0.99896882
-0.00757646 -0.02726082 0.99959964
0.00573172 -0.01461135 0.99987682
0.02582630 -0.00518623 0.99965299
-0.00043121 0.02709264 0.99963283
0.00358837 0.00011034 0.99999356
0.00055838 -0.01717848 0.99985228
-0.01204728 -0.01697311 0.99978336
0.00203469 -0.00876990 0.99995947
0.00798959 -0.01167463 0.99989993
-0.01402520 -0.01486402 0.99979116
-0.00331111 -0.02918298 0.99956860
0.01957296 -0.00732227 0.99978162
-0.03291676 -0.00671277 0.99943555
-0.00558661 -0.01819336 0.99981888
0.03797392 -0.01520329 0.99916307
-0.03063479 -0.01641560 0.99939584
0.00232833 -0.02000866 0.99979710
-0.03153276 -0.02408918 0.99921239
-0.00692897 -0.01773867 0.99981865
-0.01996289 -0.01135593 0.99973623
-0.00020560 -0.01236301 0.99992355
-0.01106728 -0.00731900 0.99991197
-0.02354975 -0.00307128 0.99971795
-0.00406727 -0.01727199 0.99984256
0.01541993 -0.01138925 0.99981624
-0.00730807 -0.01457885 0.99986702
0.00359886 -0.01131750 0.99992948
-0.00053464 -0.01642209 0.99986501
-0.00798948 -0.01265764 0.99988797
-0.00211730 -0.01383745 0.99990202
-0.00391239 -0.01618658 0.99986133
-0.00118134 -0.00838075 0.99996418
0.00190169 -0.01306112 0.99991289
0.00078564 -0.01145149 0.99993412
-0.02050781 -0.01367671 0.99969614
0.00384731 -0.00889547 0.99995303
-0.03770466 -0.02054824 0.99907764
0.03588199 -0.00004352 0.99935603
0.04537975 -0.00075208 0.99896953
-0.00024488 -0.00629556 0.99998015
-0.00795086 -0.01116228 0.99990609
0.01093860 -0.00750904 0.99991198
-0.03047840 -0.00792358 0.99950402
-0.00580372 -0.00980491 0.99993509
-0.02211137 -0.00989846 0.99970651
0.01137373 -0.00106420 0.99993475
-0.00196469 -0.01250376 0.99991989
-0.00725254 -0.02352633 0.99969691
-0.00154467 -0.01018412 0.99994695
-0.00790428 -0.01307238 0.99988331
-0.01109032 -0.01311101 0.99985254
-0.02003603 -0.01446556 0.99969461
0.00058363 -0.01218043 0.99992565
-0.00541170 -0.01345178 0.99989488
-0.01451970 -0.00604983 0.99987628
-0.00042818 -0.00328461 0.99999451
0.00352802 -0.00150377 0.99999265
-0.01486657 -0.00785180 0.99985866
-0.03990044 -0.01521404 0.99908783
-0.01298780 -0.01383788 0.99981990
-0.00299525 -0.00900929 0.99995493
-0.00003728 -0.01338745 0.99991038
-0.00615793 -0.01313834 0.99989473
-0.00996772 -0.00726570 0.99992392
-0.01302255 -0.01221824 0.99984055
-0.00014493 -0.00662162 0.99997807
-0.00912036 -0.00422349 0.99994949
-0.02551357 -0.01765481 0.99951857
-0.00537091 -0.00371329 0.99997868
-0.00951184 -0.00984956 0.99990625
-0.02045448 0.00289187 0.99978660
0.00308580 0.00202992 0.99999318
-0.00593072 -0.02060775 0.99977005
-0.02039413 0.00060000 0.99979184
0.00277780 -0.01059911 0.99993997
-0.01297023 -0.00094565 0.99991544
0.01330788 -0.00195162 0.99990954
-0.02236399 -0.00483252 0.99973822
0.00374919 -0.00630932 0.99997307
0.00867392 -0.00404095 0.99995422
-0.01086611 -0.01622788 0.99980927
-0.01831906 -0.00632958 0.99981216
-0.00048937 -0.00764466 0.99997066
-0.00310416 -0.00368768 0.99998838
-0.03242821 -0.00473453 0.99946285
-0.00985819 -0.00664786 0.99992931
0.00782512 -0.01204865 0.99989679
-0.03516610 -0.00599704 0.99936349
-0.00767172 -0.00766694 0.99994118
-0.02320635 -0.00539662 0.99971613
-0.01063764 -0.00869290 0.99990563
-0.02155605 -0.00044643 0.99976754
-0.01162460 -0.00529016 0.99991844
0.00375379 -0.00794566 0.99996139
