0.00000000 0.00000000 0.00000000
-0.02307691 -0.00587981 0.27297859
-0.02708230 -0.00519794 0.28035972
-0.02330250 -0.00301959 0.28684542
-0.01367162 -0.00515842 0.29464126
-0.02132518 -0.00665528 0.30370824
-0.02539063 -0.00980387 0.30506072
-0.03494002 -0.01212291 0.30813460
-0.02657200 -0.01226602 0.31490703
-0.01708998 -0.00624819 0.31842135
-0.02009650 -0.00031495 0.32153739
-0.02000859 -0.00473638 0.32677178
-0.02076740 -0.00440716 0.33574967
-0.02322001 -0.00807140 0.34518995
-0.01758648 -0.00447651 0.35584357
-0.01141660 -0.00331986 0.36651338
-0.00631731 -0.00621567 0.37533357
-0.01404965 -0.00617627 0.38311700
-0.02251270 -0.00315550 0.39649082
-0.02724671 -0.00547856 0.40335067
-0.02478729 -0.00351159 0.41561693
-0.03242224 -0.00788065 0.41351660
-0.03474410 -0.00535779 0.43164827
-0.01951428 -0.00398431 0.43968630
-0.01842339 -0.00277974 0.45133403
-0.02649248 0.00129566 0.47119859
-0.03145702 -0.00030296 0.49020327
-0.03431627 -0.00372311 0.51063745
-0.02881844 -0.00299896 0.53016197
-0.01915861 -0.00065607 0.54927451
-0.00988445 0.00463771 0.57694365
-0.00923121 0.00154281 0.58866711
-0.01830384 0.00069617 0.60719693
-0.02963061 -0.00715913 0.62200737
-0.02200521 -0.00280429 0.64212904
-0.01985473 -0.00344293 0.66379660
-0.01441238 0.00318917 0.68598123
-0.01039427 -0.00236036 0.71411331
-0.00790272 -0.01559424 0.72659705
-0.00991619 -0.01598931 0.73658572
-0.00881845 -0.00577632 0.75304478
-0.02543914 0.00436628 0.79480980
-0.00113276 -0.00680777 0.79500053
-0.00091296 -0.00849848 0.80893686
-0.00613677 -0.00496259 0.82247920
-0.01065428 -0.00198498 0.84686664
-0.01025603 -0.00496914 0.85661130
-0.01224652 -0.00566433 0.87694970
-0.01346332 0.00094872 0.89220373
-0.01036530 0.00153884 0.91333828
-0.00636558 -0.00580078 0.91409851
0.00235572 -0.00829871 0.90395237
-0.00976171 -0.00984439 0.92693557
0.00925390 -0.00713705 0.90143646
-0.02107679 -0.00432905 0.97032239
-0.00787789 -0.01168827 0.97977541
-0.01407245 -0.00355993 0.99025098
-0.00605726 -0.00965339 1.00609795
0.01042934 -0.01047147 1.00885477
0.00116080 -0.00312621 1.02321515
-0.00605232 -0.01155100 1.03899424
-0.01091938 -0.01267486 1.05634088
-0.01847087 -0.01369625 1.04808487
-0.02920227 -0.01171180 1.05493146
-0.01467900 -0.01470704 1.04150828
-0.02327182 -0.01164775 1.04999888
-0.00623811 -0.02095530 1.00934754
-0.01122942 -0.02356782 1.00741227
-0.01308771 -0.02094298 0.99641822
-0.01168034 -0.02013159 0.98314860
-0.01162514 -0.01998721 0.97808517
0.00726256 -0.02097320 0.96190026
-0.00568671 -0.01437137 0.96692294
-0.00138566 -0.02027298 0.94345786
-0.00886483 -0.02301284 0.92003618
-0.00364707 -0.02014974 0.87683192
-0.01109193 -0.01395395 0.85254379
-0.00748145 -0.02029984 0.80389338
-0.00657261 -0.02234023 0.76908478
-0.00618352 -0.01529983 0.73897272
-0.00995491 -0.01489104 0.69870291
-0.01186598 -0.01629324 0.66352611
-0.01168952 -0.01333394 0.64084939
-0.00136926 -0.00968710 0.63275865
-0.00083596 -0.01247265 0.61955103
-0.00566582 -0.00603284 0.61466489
-0.00970441 -0.00990338 0.59874200
-0.00611065 -0.01088846 0.58835904
-0.00183823 -0.01112913 0.57313215
0.00146696 -0.00640180 0.56325019
0.00021967 -0.00998278 0.55394607
-0.00258551 -0.00983456 0.54440941
0.00286840 -0.00549320 0.53927118
0.00523357 -0.00997193 0.52894818
-0.00899223 -0.01054667 0.53149452
-0.01014917 -0.01587477 0.52552625
-0.00305691 -0.01491596 0.53768746
0.00602744 -0.01112291 0.52379288
0.01076323 -0.01000058 0.53561563
-0.01857553 -0.00515915 0.55477954
-0.01191235 -0.00342556 0.54886751
-0.00213357 -0.00968286 0.55618056
0.00328519 -0.01147932 0.57074350
0.01249731 -0.01333889 0.56655475
0.01311982 -0.01425101 0.57148173
0.01246992 -0.01603198 0.57613260
0.00573527 -0.00788065 0.59139491
0.00259791 -0.01316240 0.59638962
0.00317327 -0.00998466 0.59918286
0.00523773 -0.00988445 0.61583720
0.00953373 -0.00885110 0.61866877
0.00260137 -0.00389884 0.63397181
-0.01196372 -0.00588781 0.66154008
-0.00652744 -0.00876462 0.66529446
-0.00259325 -0.01377536 0.66324559
-0.00211619 -0.00915562 0.67161309
-0.00615656 -0.00624454 0.69310241
-0.00428713 -0.01010658 0.68412313
-0.00964618 -0.00923940 0.70167298
-0.00721439 -0.00827480 0.70444714
-0.01068399 -0.00646793 0.70978100
-0.01181342 -0.00594889 0.71449097
-0.01156733 -0.01198360 0.70111644
-0.01088181 -0.01635014 0.69816805
-0.01205451 -0.01454246 0.68695240
-0.01589329 -0.00872193 0.67691501
-0.02523215 -0.01066244 0.68092464
-0.02247540 -0.01012830 0.68016115
-0.02231785 -0.00730158 0.67868330
-0.02992607 -0.00901531 0.67857320
-0.03080423 -0.01540075 0.67815475
-0.02777700 -0.01646084 0.66421354
-0.02552563 -0.01466474 0.67208270
-0.02403502 -0.01425112 0.66923012
-0.02819079 -0.00926812 0.66865473
-0.03236382 -0.00843183 0.67949334
-0.02187752 -0.00628489 0.67825599
-0.02148315 -0.01047222 0.68695748
-0.00596313 -0.01529549 0.69061842
-0.00303417 -0.01961023 0.68159134
0.00057909 -0.01408160 0.68490560
0.00659324 -0.00775844 0.69379914
0.01254941 -0.00658704 0.69587755
0.00692905 -0.00631048 0.70857998
0.01442871 -0.00837398 0.71496290
0.01702672 -0.00501868 0.72299793
0.01909800 -0.00570210 0.71990214
0.00883454 -0.00568653 0.74475805
0.00960055 -0.00860488 0.74917636
0.01841724 -0.00782083 0.75334122
0.01387501 -0.01518490 0.75518308
0.00402009 -0.00939205 0.77834627
0.00572521 -0.00831606 0.76392967
-0.00186551 -0.00046181 0.78669066
-0.00461933 -0.00778402 0.80332049
0.00376818 -0.01359263 0.80486063
0.00013091 -0.01618846 0.80619627
-0.00020499 -0.01028776 0.81579684
-0.00052800 -0.00702648 0.82731153
-0.00079373 -0.00946576 0.84667213
-0.00180356 -0.01286589 0.85315491
-0.00336705 -0.01605129 0.85113672
0.00018248 -0.01501648 0.85887265
-0.00043957 -0.01539203 0.85682105
0.00053266 -0.01605021 0.86914784
0.00516635 -0.01828314 0.87426340
0.00935108 -0.01759831 0.87919184
0.00451958 -0.01692196 0.88374004
0.00396733 -0.01675021 0.88343625
-0.00197856 -0.01950388 0.88659871
-0.00130502 -0.01728629 0.89736514
-0.00541361 -0.02031778 0.89819732
-0.00357486 -0.02470158 0.90934628
-0.00337617 -0.01999525 0.90433888
-0.01197165 -0.01563282 0.91814189
-0.00754496 -0.01176831 0.93285476
0.00119295 -0.01164125 0.92678896
-0.00435686 -0.01437612 0.92996228
-0.00555077 -0.02077402 0.93425007
-0.01306846 -0.01817604 0.94604898
-0.01225845 -0.01527317 0.95751203
-0.01481644 -0.01841554 0.96195915
-0.01068313 -0.02160680 0.96224435
-0.00951637 -0.01780186 0.97277704
-0.01867247 -0.01583678 0.98718526
-0.01499175 -0.02040248 0.99396182
-0.00409589 -0.01907732 0.99365112
-0.00531586 -0.01665237 1.00152712
-0.01005429 -0.01431970 1.00940654
-0.00920647 -0.01429350 1.01469136
-0.00182593 -0.02004986 1.01853818
0.00727753 -0.01855442 1.03772413
0.00447012 -0.02330950 1.04513005
-0.00524562 -0.02398365 1.03484140
-0.00547038 -0.01794875 1.05067897
-0.01049321 -0.01916738 1.05467288
-0.01531444 -0.01497511 1.05686571
-0.00510860 -0.01992824 1.07664991
0.00208424 -0.02511503 1.08068422
-0.00216551 -0.02844387 1.07090360
-0.01026271 -0.02433632 1.08258451
-0.00789650 -0.02099388 1.09622529
-0.00323660 -0.02154387 1.10329981
0.00159521 -0.01994909 1.11247117
0.00419459 -0.02422612 1.11108624
-0.00876492 -0.02648631 1.12426963
-0.01026291 -0.02399394 1.12262865
-0.01361381 -0.02110337 1.11932775
-0.01549386 -0.01996152 1.12601857
-0.01309979 -0.02020837 1.12873498
-0.01413060 -0.01958861 1.13240962
-0.00578405 -0.02426112 1.12368572
-0.01212830 -0.02492684 1.14014144
-0.01471124 -0.02190205 1.14256687
-0.01402695 -0.01841765 1.15097095
-0.00246696 -0.01738351 1.13799714
-0.01890809 -0.01445978 1.15530408
-0.01649687 -0.02323075 1.13636748
-0.02724721 -0.01866301 1.14982355
-0.02292154 -0.01367671 1.15023325
-0.01853071 -0.01434500 1.15089542
-0.01295755 -0.01800397 1.15156586
-0.00463178 -0.02386598 1.14395158
0.00245382 -0.02629825 1.12192100
-0.00845477 -0.02283162 1.14196642
-0.00942120 -0.02608494 1.12986877
-0.00888756 -0.02003088 1.13436296
-0.00832872 -0.02021499 1.13409778
-0.01432208 -0.01941963 1.15004389
-0.00489195 -0.02322656 1.13466393
0.00171748 -0.02439753 1.12982080
0.00276758 -0.02388454 1.12899237
-0.00171762 -0.02159810 1.13673865
-0.00040703 -0.02572274 1.11842203
-0.00969260 -0.01637508 1.14196349
-0.00728331 -0.01713906 1.14384134
-0.00671163 -0.01317308 1.13100868
-0.00128143 -0.02161089 1.12587164
-0.00440791 -0.02087200 1.12095515
-0.00133422 -0.02419001 1.11537145
0.00046302 -0.02242500 1.09566882
-0.00357802 -0.02155014 1.10390851
-0.01173680 -0.01837190 1.08979953
-0.00723293 -0.02073415 1.08295579
-0.00528202 -0.01743699 1.07750417
-0.00573030 -0.02454629 1.06243343
-0.00858718 -0.02606763 1.04952880
-0.01055763 -0.02263579 1.03746784
-0.01153575 -0.02206115 1.03873060
-0.00778094 -0.01857642 1.04012204
0.00106472 -0.01854661 1.05989537
-0.01092015 -0.01811565 1.03997524
-0.02361425 -0.01475017 1.01594638
-0.00925452 -0.01741561 1.02721590
-0.00985854 -0.02525530 1.02469216
-0.00462094 -0.02354018 1.02959340
-0.01137262 -0.01899518 1.03142251
-0.00503077 -0.01912402 1.02538866
-0.00093114 -0.02768221 1.02058080
0.00148009 -0.02196671 1.01718019
0.00328258 -0.02009462 1.02160852
-0.00017982 -0.01490627 1.02005200
0.00094192 -0.01735243 1.01283600
-0.00150932 -0.01415270 0.99749579
-0.00881286 -0.01841964 0.97034598
-0.00604214 -0.02269910 0.92789236
-0.00258624 -0.02151976 0.89256074
-0.00095149 -0.02755245 0.85923798
0.00626195 -0.02431219 0.83248257
0.00078263 -0.01035571 0.80560754
-0.00680325 -0.01780081 0.78597090
0.01120715 -0.02100930 0.78884211
0.01519134 -0.01876808 0.77643431
0.00071857 -0.01501579 0.77562580
-0.00283249 -0.01083383 0.77758290
-0.00115924 -0.00746589 0.77346960
0.00185463 -0.01030154 0.77608190
0.00364120 -0.01606767 0.77435741
-0.00140435 -0.01790695 0.76012341
0.00069477 -0.00822219 0.75919521
-0.00274995 -0.00991363 0.75962801
0.00093063 -0.01362654 0.77737863
0.00072439 -0.01226866 0.78219669
0.00501180 -0.00954055 0.78570312
0.00611065 -0.01373676 0.78745913
0.00898851 -0.01735741 0.78400153
0.00907766 -0.01318921 0.78996720
0.00570239 -0.01065119 0.79447637
0.00458978 -0.01057703 0.79403646
0.00103530 -0.00853836 0.79621964
-0.01064267 -0.00525349 0.81976425
-0.00071881 -0.01172153 0.80880082
-0.00674152 -0.01030592 0.81951524
-0.01062023 -0.01229558 0.82681455
-0.00477668 -0.01407394 0.83641766
0.00133027 -0.01211199 0.83707902
-0.00641932 -0.01281002 0.84676971
-0.01174948 -0.01355855 0.84848351
0.00027403 -0.01527620 0.85277451
-0.00035732 -0.01659335 0.85047160
-0.00676916 -0.01620381 0.85156375
-0.00812486 -0.01257314 0.87503752
-0.00714624 -0.01352284 0.86963365
-0.00964954 -0.01477034 0.87538018
-0.01047701 -0.01808762 0.87874316
-0.01036776 -0.01912456 0.88120630
-0.01098806 -0.01942192 0.87729841
-0.00611799 -0.01925129 0.87806061
-0.01460705 -0.01238499 0.87967026
-0.01560981 -0.01315127 0.88775051
-0.01072305 -0.00962659 0.89231094
-0.01105084 -0.01507073 0.89590143
-0.01335831 -0.01678106 0.89208930
-0.00670956 -0.01322207 0.88739942
-0.00402069 -0.01082028 0.89060073
-0.00091750 -0.01655772 0.89548585
-0.00490860 -0.01951637 0.89493551
-0.00242222 -0.01579397 0.89271161
-0.00163177 -0.01337319 0.89369241
-0.00304596 -0.01673519 0.89350062
-0.00307605 -0.01706914 0.89504849
-0.00276267 -0.01535515 0.89194114
-0.00314939 -0.01352843 0.89204063
-0.00978581 -0.01348013 0.89687214
-0.00496491 -0.02033898 0.89054934
-0.00654805 -0.02023387 0.88435701
-0.00398426 -0.01577036 0.87848443
-0.00865845 -0.01343021 0.88070418
-0.00512993 -0.01506770 0.88524088
-0.00150692 -0.01660138 0.87920365
0.00081970 -0.01943596 0.86863730
0.00118201 -0.01476577 0.86394983
-0.00309201 -0.01528512 0.86887773
0.00199715 -0.01832307 0.86489653
0.00386516 -0.01965041 0.85259465
-0.00125731 -0.01505834 0.86047387
0.00530400 -0.01431716 0.84773748
0.00339119 -0.01307179 0.85169566
0.00251597 -0.01516188 0.85142030
-0.00306477 -0.01949130 0.84736383
-0.00547854 -0.01820219 0.85355464
0.00096042 -0.01441027 0.83580885
-0.00466763 -0.01724685 0.83870430
-0.00814886 -0.01554347 0.84038679
0.00620467 -0.01484018 0.82457168
-0.00056920 -0.01604026 0.82633397
-0.00347864 -0.01045335 0.81296217
-0.00328301 -0.01496923 0.79023658
0.00206004 -0.01411476 0.75303570
0.00619839 -0.01513936 0.72054794
-0.00234967 -0.01582019 0.68433099
-0.00337043 -0.01669412 0.65728506
0.01039605 -0.00984320 0.61874112
0.02196888 -0.01330778 0.58926768
0.00633796 -0.01852577 0.57938723
-0.01250012 -0.01442669 0.59875383
-0.00698554 -0.01379665 0.57776353
-0.01718098 -0.01080952 0.57389067
-0.02340657 -0.01035586 0.56720806
-0.03459542 -0.01323513 0.55852017
-0.02972176 -0.01076757 0.56221279
-0.01791204 -0.01695113 0.55789961
-0.01299549 -0.01232961 0.55647078
-0.01959298 -0.00780684 0.55429326
-0.02224136 -0.01006260 0.54746283
-0.02553091 -0.00645574 0.55445668
-0.02391416 -0.00535631 0.55143792
-0.03073821 -0.01717663 0.54139165
-0.02882541 -0.01183761 0.54583803
-0.02199283 -0.01187572 0.54924517
-0.02733282 -0.00473932 0.55489097
-0.02822987 -0.00412543 0.56185280
-0.03381499 -0.00826139 0.55317462
-0.03296810 -0.01025348 0.57318661
-0.03015743 -0.01542914 0.57652830
-0.02491595 -0.01657964 0.57034126
-0.02877081 -0.01262214 0.57786783
-0.02131390 -0.01377339 0.57725169
-0.02660085 -0.01671405 0.58272579
-0.03502442 -0.01352444 0.59180156
-0.02711354 -0.01352573 0.59378759
-0.03019500 -0.01643142 0.59325524
-0.02749152 -0.01217327 0.60040685
-0.02758204 -0.01361294 0.60157879
-0.03084066 -0.01208281 0.60366017
-0.02783794 -0.01637928 0.60592474
-0.02709923 -0.01896268 0.60201358
-0.02206351 -0.01480929 0.60195957
-0.01468886 -0.00965784 0.60456467
-0.01307210 -0.00604021 0.60716011
-0.01937503 -0.01465276 0.60257480
-0.01455397 -0.01796486 0.59170554
-0.00805072 -0.01574639 0.58730609
0.00200476 -0.01086330 0.58070679
0.00575778 -0.00945679 0.56975513
0.01044857 -0.00740697 0.56312854
0.00421246 -0.01037117 0.55037567
0.00129147 -0.01600149 0.52713397
0.00002322 -0.01542641 0.51165510
0.00101583 -0.01193858 0.49401836
0.00760145 -0.00514756 0.47299747
-0.00039816 -0.00012523 0.46969935
0.02755786 -0.01086824 0.45895185
0.03093475 -0.01156297 0.45251817
0.01295667 -0.01203308 0.45147738
0.00721227 -0.00753816 0.45781853
0.01293112 -0.01054995 0.45232719
0.03074098 -0.01170442 0.44248078
0.05291451 -0.01116919 0.42612249
0.03746162 -0.01058320 0.42803531
0.02123629 -0.01200845 0.41823113
0.01492367 -0.00676795 0.42274493
0.02753111 0.00278225 0.42111434
0.03694194 -0.00232865 0.43076338
0.03171911 -0.00240707 0.44614300
0.04061278 0.00027814 0.44857344
0.03482348 -0.00044883 0.46048581
0.02223660 -0.00419340 0.46587577
0.03051505 -0.00028915 0.47061497
0.04090817 -0.00385557 0.47328779
0.04606688 -0.00213265 0.46837396
0.03809818 0.00229777 0.46065926
0.03475449 -0.00287094 0.46289005
0.03127659 -0.00505764 0.46915906
0.03718295 -0.00580619 0.46536928
0.04208404 -0.00497988 0.46992601
0.04296527 -0.00607457 0.47593140
0.03700231 -0.00380089 0.48779536
0.03349087 -0.00281635 0.49259110
0.03746030 -0.00170236 0.50653612
0.04157307 -0.00199391 0.51821617
0.03553251 -0.00232542 0.53505702
0.02976241 -0.00234585 0.55333911
0.02161837 0.00063699 0.56405126
0.02653758 0.00091814 0.58769026
0.03309890 0.00166294 0.59430991
0.02305696 -0.00206589 0.61251727
0.02007478 -0.00294900 0.61959433
0.01759316 -0.00446030 0.63101393
0.01255901 -0.00347427 0.63997584
0.00687148 -0.00637246 0.65630139
0.00168019 -0.00604397 0.66586315
-0.00207193 -0.00232056 0.67657505
0.00007282 -0.00258856 0.69383056
0.00016917 -0.00065269 0.71169880
-0.00107020 -0.00447006 0.72447447
-0.00284504 -0.00534289 0.73635811
0.00021770 -0.00396596 0.75082777
-0.00305296 -0.00175704 0.76598339
0.00780304 0.00323860 0.77977433
0.00169518 0.00580509 0.79237019
0.00426647 0.00621272 0.81901517
-0.01086890 -0.00221562 0.81782294
-0.00478096 -0.00594739 0.83646463
-0.00630090 -0.00763889 0.84621983
-0.00831871 -0.00512099 0.87034347
-0.01047993 -0.00722723 0.88208418
-0.00650067 -0.00821216 0.89195147
-0.00270902 -0.01333391 0.91670241
-0.00993012 -0.00866564 0.92732339
-0.00835956 -0.00554575 0.93809792
-0.00590065 -0.00035571 0.95114627
-0.00845706 -0.00496714 0.95387136
-0.00360600 -0.00171237 0.97025376
-0.00482325 -0.00564630 0.98241706
-0.01621612 -0.01032957 0.99645446
-0.00131185 -0.00832113 1.00486496
-0.00040293 -0.01110204 1.00286441
-0.00426610 -0.01178692 1.01126306
-0.00092697 -0.00447892 1.02125244
-0.00144780 -0.00784601 1.03567479
0.00455035 -0.00822468 1.04501970
0.00404178 -0.00463153 1.05854527
0.00614319 -0.00567136 1.06302878
0.00432710 -0.00810271 1.07887303
-0.00286117 -0.00864916 1.09073884
-0.00522989 -0.01166561 1.08456057
-0.01751278 -0.01040739 1.09083843
-0.01169031 -0.00743260 1.11178497
-0.00161528 -0.00736905 1.11988830
0.00204932 -0.00493222 1.12812684
-0.00263550 -0.00408100 1.12786158
-0.00200535 -0.00125223 1.13704277
-0.00584063 -0.00441726 1.14682598
-0.00158946 -0.00107164 1.15655091
-0.00489343 -0.00037201 1.15321526
0.00213165 -0.00030962 1.17552496
-0.00221829 -0.00899770 1.17272297
-0.00704537 -0.01251182 1.17882524
0.00054242 -0.00365537 1.19641356
-0.00258219 -0.00894922 1.19765086
-0.00363948 -0.01097760 1.21233556
-0.00103230 -0.01475323 1.21714177
0.00598787 -0.02112815 1.21323650
-0.00634964 -0.01238034 1.21061346
-0.00840137 -0.01455681 1.20765224
-0.00350261 -0.01567497 1.20298789
0.00252273 -0.01908639 1.19002381
-0.01230742 -0.02282340 1.18979799
0.00383381 -0.02038632 1.18619118
0.00576996 -0.01681110 1.18158003
-0.00147437 -0.01542677 1.17259647
-0.00597729 -0.01787646 1.17106219
0.00032490 -0.02080797 1.16468660
-0.00043010 -0.01869550 1.15640589
0.00035339 -0.01883549 1.15448598
0.00146082 -0.01763430 1.15646213
-0.00796634 -0.01631550 1.14748010
-0.00421382 -0.01719186 1.14833749
-0.00508815 -0.01912361 1.13462185
0.00398629 -0.01864591 1.12986410
-0.00718057 -0.02105306 1.12030794
-0.01852108 -0.00812185 1.12252465
-0.00904299 -0.02149310 1.13700422
-0.00084237 -0.02041275 1.12297649
-0.00193608 -0.01485322 1.11259473
-0.00456387 -0.01857488 1.11169671
0.00080491 -0.01627955 1.11144382
-0.00342385 -0.01891085 1.10223444
0.00211949 -0.01825434 1.10143261
-0.00645398 -0.02006509 1.08232505
-0.00254057 -0.01715581 1.08801551
0.00533542 -0.01678740 1.07938452
-0.00315638 -0.01690402 1.05888569
0.00457093 -0.01501515 1.05816393
0.00078911 -0.02295887 1.04426062
0.00002816 -0.01238286 1.04565806
-0.00219067 -0.01959097 1.03114716
-0.00230767 -0.01779781 1.02037786
0.00133585 -0.01697785 1.01362898
-0.00678220 -0.01152412 0.98849836
-0.00634619 -0.01348058 0.97758646
0.00668618 -0.00523024 0.97375325
-0.00947022 -0.01819365 0.93821729
0.00283797 -0.00627849 0.93234394
0.00226252 -0.02182404 0.90327669
-0.00759122 -0.01731453 0.88118877
0.00341613 -0.02212589 0.86773976
0.01374400 -0.01783257 0.84918352
0.00144452 -0.01050191 0.82277340
0.02180705 -0.00952118 0.82645118
0.01578630 -0.01711102 0.78444602
0.02475825 -0.01410181 0.76040028
0.00919040 -0.00570812 0.73528844
0.01395723 -0.01351997 0.72349053
0.04715429 -0.02119668 0.73500707
0.03706489 0.00532254 0.72331568
0.02954110 0.03035746 0.70908531
0.02803833 0.00256577 0.69499859
0.02692223 -0.00455542 0.68053960
0.03806953 0.00470370 0.66569767
0.03526696 0.00942945 0.65206746
0.04414145 -0.00560928 0.64585747
0.04768204 -0.01424947 0.63819596
0.04823213 0.00117630 0.63530762
0.06444532 -0.02298016 0.63212695
0.06031590 -0.00851684 0.63153643
0.06081956 -0.01927772 0.62714822
0.03521196 -0.00708725 0.61816761
0.03080571 -0.01501223 0.61150645
0.04914869 -0.00540149 0.60588922
0.05151689 -0.01551936 0.59904058
0.04728686 -0.00532580 0.59550312
0.06775000 -0.00975315 0.58269848
0.05558213 -0.00781177 0.59158887
0.05938850 -0.00291529 0.58932315
0.04741658 -0.01316524 0.60559100
0.06537997 -0.00643973 0.58771645
0.07126971 -0.00514129 0.57071600
0.06971405 -0.00656825 0.57476232
0.06483102 -0.00623975 0.58338689
0.07316348 -0.00057357 0.56794397
0.07673962 -0.00271731 0.57168712
0.06226703 -0.00822733 0.58912568
0.06100029 -0.00534284 0.58179069
0.05689137 -0.00963101 0.58652853
0.05313714 -0.00732433 0.60022536
0.04158664 -0.00889211 0.60050993
0.03251603 -0.00696391 0.61586607
0.01912108 -0.00649874 0.61436833
0.01716821 -0.00684963 0.61952231
0.01633750 -0.00518224 0.63706610
0.01229123 -0.01385152 0.64728230
0.01138947 -0.00633952 0.65866222
0.01939793 -0.00454871 0.68410415
-0.00136312 -0.00454162 0.66548966
0.00222156 -0.00740233 0.67910083
-0.01230303 -0.01031991 0.67229323
-0.00672360 -0.01031088 0.68718730
-0.01319733 -0.01080431 0.69098877
-0.01187387 -0.00777151 0.69753880
-0.01059068 -0.00546811 0.70769003
-0.01750350 -0.00578521 0.70932875
-0.01402006 -0.00359870 0.71797867
-0.01902448 -0.01021864 0.71519380
-0.01908177 -0.01243287 0.71283717
-0.01927145 -0.00969575 0.71611618
-0.02098842 -0.00945669 0.70872000
-0.02134407 -0.01156291 0.70971019
-0.01794693 -0.01151668 0.71473686
-0.01047115 -0.00319701 0.71792755
-0.01943818 -0.00712889 0.70679901
-0.02475224 -0.00796425 0.70671251
-0.01760309 -0.00560933 0.70465099
-0.01613572 0.00421456 0.70810550
-0.02039023 0.00304285 0.70955303
-0.02247157 -0.00487888 0.70827171
-0.02321448 -0.01515347 0.69826704
-0.01961075 -0.00671295 0.68962637
-0.02130499 0.00552842 0.67939418
-0.04991757 0.01066340 0.66636084
-0.05307460 0.00724919 0.67561109
-0.03698232 -0.00908763 0.67395976
-0.01873678 -0.01388398 0.66840399
-0.01829826 -0.00865142 0.65962976
-0.01909352 -0.00998018 0.65654144
-0.02453564 -0.00512224 0.65000100
-0.02898669 -0.00550388 0.64292735
-0.01771041 -0.00828881 0.66210435
-0.02670761 -0.00682997 0.65641883
-0.04232571 0.00018173 0.64860369
-0.04263152 0.00631706 0.65027288
-0.03453195 0.00254482 0.65925203
-0.05197947 -0.00675989 0.65088689
-0.05422254 -0.00481928 0.65864550
-0.06341027 -0.00794456 0.65088423
-0.06428182 -0.00706744 0.65558703
-0.06475299 -0.00907617 0.66509871
-0.06498362 -0.01064502 0.67428595
-0.06950265 -0.01051870 0.67539948
-0.07233311 -0.00982711 0.67654482
-0.06186074 -0.00039661 0.68993149
-0.06479154 -0.00052810 0.70548802
-0.06031986 -0.00508899 0.72258342
-0.05751249 -0.01690378 0.72026213
-0.04718411 -0.01154002 0.73252585
-0.04180356 -0.00458069 0.74255271
-0.04437891 -0.00269242 0.75496027
-0.04720402 -0.00334554 0.76791632
-0.03654006 -0.00835997 0.77595732
-0.03149890 -0.00984802 0.78349769
-0.03192844 -0.00120598 0.78933256
-0.02176432 -0.00019537 0.80055666
-0.02566965 -0.00628026 0.81389441
-0.02369979 -0.00881504 0.82354367
-0.02318699 -0.01113406 0.84026685
-0.00817745 -0.01064145 0.85137528
-0.00571767 -0.00709331 0.85987148
-0.00434966 -0.00749349 0.86834350
0.00117554 -0.01788599 0.87646988
-0.00766107 -0.01206888 0.87716987
-0.00441075 -0.00684532 0.89317115
-0.00313275 -0.00954798 0.90285298
-0.00357287 -0.01193862 0.90597135
-0.00122598 -0.00819158 0.92180547
0.00281003 -0.01357390 0.93033721
-0.00009618 -0.01279395 0.94152992
0.00443053 -0.00649881 0.95878746
0.00669240 -0.00350162 0.97105521
0.00963202 -0.00767194 0.97327021
0.01288096 -0.00681127 0.98156659
0.01819744 -0.00590692 0.99134538
0.00410473 -0.00826787 0.98053713
0.00724415 -0.01025475 0.99195634
0.00764262 -0.01035072 0.99748883
0.01324948 -0.00619725 1.01252020
0.01239896 -0.01174302 1.01713951
0.01290152 -0.01240307 1.01630726
-0.00023865 -0.01031697 1.01149287
-0.01010644 0.00055846 1.02204222
0.00334286 -0.01022105 1.05231672
0.00694052 -0.01275701 1.05634596
0.00096975 -0.01232992 1.05405050
0.00443296 -0.00712505 1.06576790
0.00319968 -0.00904905 1.08660207
0.05301716 0.00677046 1.13596876
0.05050891 -0.00445413 1.13614239
0.05664077 -0.00463566 1.11324543
0.03883489 -0.01298562 1.12973107
-0.00091714 -0.01471040 1.10409796
-0.00240801 -0.01615232 1.11371097
-0.00402623 -0.01298284 1.12312188
-0.00072675 -0.00661210 1.12795758
-0.00354386 -0.00412691 1.13756907
-0.00536075 -0.00466322 1.15458353
0.00132418 -0.00696934 1.16308210
0.00180387 -0.00897482 1.14777975
-0.00815806 -0.01235659 1.16932899
-0.00417422 -0.01397441 1.18980054
0.00173413 -0.01196595 1.19995771
0.00184101 -0.01560091 1.19355101
-0.00005927 -0.01821179 1.19157857
0.00198634 -0.01649049 1.19476320
-0.00361756 -0.01752366 1.20820207
-0.00369197 -0.01512090 1.20616998
-0.01552861 -0.02111849 1.18770298
-0.00748271 -0.01826173 1.20011538
-0.01461154 -0.00908975 1.19438560
-0.00322243 -0.01554489 1.21443917
-0.00117192 -0.01329958 1.22660057
-0.00101115 -0.01306782 1.23027332
-0.01365050 -0.01466405 1.21585016
-0.01042984 -0.01828572 1.22901387
-0.00336532 -0.02039412 1.23992063
-0.01147064 -0.01505192 1.22170706
-0.00013338 -0.01737826 1.23928468
-0.00556283 -0.01770151 1.24475680
-0.00700738 -0.02013710 1.23563270
-0.00864174 -0.01834149 1.23413415
-0.00821040 -0.01909953 1.24962629
-0.00838676 -0.01865919 1.24605547
-0.00708633 -0.02143145 1.23435600
-0.01185804 -0.02404001 1.30127671
-0.02537235 -0.02099583 1.30617254
-0.01517300 -0.01552080 1.28261146
-0.00508802 -0.01542258 1.27869828
-0.00460830 -0.02216254 1.26863902
-0.00676482 -0.01995136 1.28882988
-0.00897390 -0.02039658 1.26662110
-0.01420279 -0.02000386 1.27321290
-0.01309112 -0.01974457 1.28089361
-0.00557025 -0.01735637 1.28482344
-0.00410429 -0.01872099 1.28733634
-0.00398120 -0.02031370 1.28298213
-0.01044845 -0.02132789 1.28212895
0.00071122 -0.01686269 1.30713627
-0.00281765 -0.02119023 1.30238921
-0.00772894 -0.01697749 1.29167198
-0.01155709 -0.01623353 1.30056544
0.00667435 -0.01099646 1.32195035
0.01227200 -0.00822254 1.32935944
0.01781896 0.00017886 1.35590685
-0.01468180 -0.02148584 1.30837383
0.01185955 -0.00503229 1.34949846
-0.00189229 -0.01120798 1.34231726
-0.00711358 -0.01887696 1.31015274
-0.00510173 -0.02288965 1.32004063
0.00007257 -0.01649741 1.32976666
-0.01434123 -0.01596667 1.32317355
-0.01079817 -0.01767982 1.32817306
-0.02064184 -0.01361498 1.32948612
-0.02170122 -0.01965385 1.32993141
-0.01739009 -0.02282644 1.33241855
-0.01157769 -0.02451567 1.33751126
-0.01296725 -0.02136633 1.33176238
-0.01256963 -0.01899898 1.33154416
-0.00743546 -0.01116044 1.35719201
-0.00648229 -0.01209530 1.34902428
-0.00577989 -0.01304667 1.34782187
-0.00667652 -0.02004721 1.34214035
-0.00767989 -0.02296578 1.34414094
-0.00928798 -0.02156866 1.34823814
-0.01752878 -0.01954345 1.35027176
-0.00740921 -0.01634819 1.35804467
-0.00703999 -0.01520971 1.36160525
-0.00755141 -0.02215468 1.36044176
-0.01281175 -0.02227817 1.33376980
-0.00857588 -0.02238007 1.33915717
-0.00718217 -0.02034985 1.34773912
-0.00800245 -0.02097525 1.35157594
-0.01773149 -0.02616600 1.35115216
-0.00745400 -0.02398324 1.34475836
-0.00648664 -0.02184654 1.36196782
0.00162922 -0.01782490 1.36610003
-0.01059581 -0.02578810 1.35674921
-0.00778993 -0.02488811 1.36241957
-0.00373921 -0.02028919 1.36647629
-0.00963871 -0.02020265 1.35289641
-0.00309963 -0.01669430 1.35205352
-0.01015634 -0.01871381 1.36617138
-0.01000837 -0.02390241 1.35608903
-0.00118222 -0.01725127 1.35623775
0.00658482 -0.00844834 1.36207168
-0.01727345 -0.02006546 1.35091646
-0.00627356 -0.01647238 1.35441749
-0.01632229 -0.01533044 1.34680147
-0.02327974 -0.02014256 1.33889069
-0.01480324 -0.02137510 1.35460025
-0.01728480 -0.02693942 1.34458673
-0.01386399 -0.03024127 1.34664388
-0.01905435 -0.02075762 1.34286955
-0.01477928 -0.01870375 1.34226031
-0.01960513 -0.01943528 1.32857201
-0.00882986 -0.01877273 1.33593206
-0.02244058 -0.02022514 1.32787451
-0.01912473 -0.02023520 1.32086709
-0.01314237 -0.01665572 1.32598047
-0.01077124 -0.02080105 1.32494736
-0.01982075 -0.01973908 1.31020916
-0.01052176 -0.01496716 1.32385135
-0.02905923 -0.01850366 1.31045937
-0.00502356 -0.01742362 1.32699530
-0.01330532 -0.01422039 1.30128019
-0.00990758 -0.01774999 1.30274356
-0.01177573 -0.01986804 1.30767894
-0.01316304 -0.01789546 1.30505454
-0.02072863 -0.01891367 1.29955519
-0.01470048 -0.02061284 1.29668682
-0.00848091 -0.01648627 1.29253346
-0.00872432 -0.01545701 1.29097707
-0.00823406 -0.01638834 1.28150294
-0.00235992 -0.01507956 1.28336370
-0.00574989 -0.01773926 1.27370614
-0.01748154 -0.01451706 1.27537913
-0.01022378 -0.01778255 1.26163316
-0.02589622 -0.02918253 1.25570342
-0.03316584 -0.00464287 1.26991586
-0.01136188 -0.02430262 1.27065710
-0.00687753 -0.02321546 1.27418804
-0.02274352 -0.01665631 1.24795438
-0.00498292 -0.01487772 1.24525684
-0.01387472 -0.01167825 1.24756447
-0.03186227 -0.01673732 1.23064056
-0.03292148 -0.00934078 1.23779553
-0.00460586 -0.00909840 1.23948652
-0.00587646 -0.02273344 1.24692520
0.00474192 -0.02198920 1.23094997
-0.00386231 -0.02131019 1.24207891
0.00064073 -0.01874920 1.24091327
-0.00355841 -0.01621713 1.22902959
-0.00764766 -0.01206242 1.22406051
-0.00678521 -0.01689678 1.23692996
-0.02016542 -0.02176585 1.23672901
-0.01394630 -0.02358381 1.23004585
-0.01314906 -0.02447517 1.22895671
-0.01439753 -0.02454183 1.22312306
-0.01143513 -0.01055369 1.22749109
-0.00470950 -0.02078740 1.23302379
-0.01516394 -0.01805327 1.22032187
-0.00556326 -0.01177306 1.22545002
-0.00714712 -0.01718121 1.22912905
-0.00363689 -0.01471615 1.23461953
-0.00455826 -0.01597133 1.23774626
-0.00614450 -0.02178432 1.23421360
-0.00689958 -0.02040197 1.22677881
-0.00831306 -0.01870911 1.22599079
-0.00842373 -0.01872924 1.22083023
-0.00471918 -0.01450329 1.22153280
-0.00546739 -0.01461709 1.22343794
-0.00997775 -0.01676009 1.21657033
-0.00808192 -0.01084551 1.22447743
-0.00504652 -0.01504872 1.22955243
0.00039222 -0.01886770 1.23239187
-0.00660712 -0.02049384 1.21991847
0.00090001 -0.01614496 1.22878285
-0.00520048 -0.01328687 1.23671592
-0.01085673 -0.00703562 1.22407482
-0.01302383 -0.01475198 1.20985651
-0.01078676 -0.01387593 1.21399187
-0.01125732 -0.01984516 1.22162896
-0.00631632 -0.02199021 1.21126124
-0.00445051 -0.02117106 1.21101482
0.00056618 -0.01758802 1.21616959
0.00605508 -0.00839087 1.23352204
0.00719352 -0.00915406 1.23870613
-0.00907628 -0.01061203 1.23149514
-0.00186593 -0.01110120 1.23745703
-0.00251799 -0.00924772 1.24563520
-0.01427371 -0.01198609 1.23883756
-0.00795892 -0.01370047 1.25865624
-0.01202944 -0.01471992 1.25491328
-0.01092877 -0.01025904 1.26198215
0.00219014 -0.00892392 1.28534227
0.00476964 -0.00929586 1.28756540
-0.00674162 -0.01045499 1.28019897
0.00322147 -0.01934593 1.28638079
-0.00201140 -0.01300420 1.30198521
0.00558884 -0.01356081 1.31342973
-0.00997118 -0.01840808 1.28682527
-0.00490897 -0.01555162 1.30280097
-0.00344929 -0.01290766 1.30875301
-0.00178364 -0.01342135 1.32452581
0.00284198 -0.00854233 1.32650390
0.00097074 -0.01356176 1.33868340
-0.01583885 -0.01730363 1.31186358
0.00324369 -0.00979248 1.33739858
0.00155160 -0.01991622 1.33388222
-0.01007093 -0.01495660 1.33854475
-0.00859779 -0.01507072 1.35152718
-0.00706749 -0.01647597 1.33614195
-0.00726695 -0.02046061 1.32732667
-0.00899446 -0.01464179 1.36036048
0.00947182 -0.01715504 1.38614953
0.00283424 -0.00362476 1.38998089
0.00977251 -0.00899360 1.40716910
0.01237760 -0.01078101 1.39837673
0.00793575 -0.02054521 1.38779485
-0.01345278 -0.02695023 1.38131406
-0.01537649 -0.03470696 1.39635245
0.00090583 -0.02457234 1.40739243
0.00959226 -0.02953373 1.43350261
-0.01007493 -0.01513639 1.42022300
-0.01810217 -0.00996867 1.43964863
-0.01763272 -0.01675697 1.45499838
-0.02013574 -0.01493615 1.48289454
-0.00933554 -0.01809431 1.49179386
-0.00754173 -0.01340562 1.51367640
0.00227125 -0.00740387 1.53626845
-0.00387646 -0.01159556 1.53887634
-0.00660075 -0.01326566 1.54591170
0.01368661 -0.00151408 1.60585690
0.00189253 -0.00729371 1.59894982
-0.00455282 0.00178179 1.64131128
0.01409656 -0.01853014 1.68084945
-0.01235291 -0.01142839 1.63114093
-0.01666162 -0.01414079 1.64920098
-0.01525566 -0.02082077 1.63892315
-0.01144947 -0.02078586 1.64384041
0.00618161 -0.01970384 1.69491118
-0.00942091 -0.01561666 1.67709355
-0.01392024 -0.00894396 1.69609335
-0.00482415 0.00670367 1.72366091
-0.01117226 -0.01049947 1.71972457
-0.00858255 -0.00112973 1.74556372
-0.00950265 -0.02326376 1.69941200
-0.00551204 -0.02039897 1.72523816
-0.00746766 -0.02063277 1.76296408
0.00098565 -0.02343424 1.74672288
0.00846247 -0.00592384 1.78133141
-0.00580059 -0.01593063 1.77041792
