-0.00665990 -0.01330865 0.99988926
-0.00867644 -0.01587294 0.99983637
-0.02360424 -0.00775205 0.99969133
-0.01051481 -0.01928694 0.99975870
0.00621232 -0.01479300 0.99987128
-0.00714906 -0.01543711 0.99985528
-0.00956163 -0.01121367 0.99989141
-0.00142855 -0.02268301 0.99974169
0.00807261 -0.01159870 0.99990015
-0.02335906 -0.01149877 0.99966101
-0.01142250 -0.01711655 0.99978825
0.01616328 -0.03000065 0.99941919
-0.04543406 -0.03659821 0.99829671
-0.03216848 -0.02919548 0.99905596
-0.00857805 -0.02659497 0.99960949
0.00026392 -0.02131037 0.99977287
-0.01048447 -0.01498961 0.99983268
0.00019739 -0.01736790 0.99984915
-0.03580434 -0.02584348 0.99902461
-0.00124942 -0.02621343 0.99965559
-0.00482667 -0.02122820 0.99976301
-0.00905162 -0.01915290 0.99977559
0.00449929 -0.00366834 0.99998315
-0.02713232 -0.03367898 0.99906434
0.00779218 -0.01681629 0.99982823
-0.00163586 -0.01874384 0.99982298
0.05798298 -0.00389177 0.99830999
0.02396998 0.00713840 0.99968719
-0.01364103 -0.02409774 0.99961654
-0.07231771 -0.05325873 0.99595866
-0.00360642 -0.00933020 0.99994997
-0.02369090 -0.02264273 0.99946288
-0.03601478 -0.02597171 0.99901372
0.01080917 -0.01364255 0.99984851
-0.01049808 -0.01876428 0.99976882
-0.02624838 -0.02046694 0.99944591
-0.02997724 -0.02794649 0.99915983
-0.00528859 -0.01273255 0.99990495
0.03047770 -0.01936582 0.99934782
0.01112712 -0.00877755 0.99989957
-0.03666722 -0.01106223 0.99926630
0.02125493 -0.02041643 0.99956560
-0.03889749 -0.01707247 0.99909735
-0.01161961 -0.01438775 0.99982897
-0.00281530 -0.02185187 0.99975726
-0.00325818 -0.01645012 0.99985938
0.04375271 -0.03819375 0.99831204
0.05081673 -0.00624425 0.99868847
-0.10680588 -0.00114394 0.99427923
-0.03162144 -0.03478359 0.99889448
-0.00183232 -0.02150975 0.99976696
-0.04297836 -0.01939302 0.99888777
0.00865038 -0.01311921 0.99987652
-0.00021886 -0.02002962 0.99979936
0.02662783 -0.02927900 0.99921654
0.06442860 -0.02048879 0.99771197
0.00034430 -0.01568767 0.99987688
0.00673702 -0.00367363 0.99997056
-0.01611189 -0.04005523 0.99906756
0.00195289 -0.01900852 0.99981741
-0.05274889 -0.05479570 0.99710330
-0.00548192 -0.02896763 0.99956532
0.03946139 0.00947114 0.99917621
-0.04609901 -0.04404826 0.99796525
-0.08721815 -0.04305250 0.99525850
-0.02739741 -0.03116873 0.99913858
-0.00721079 -0.01942204 0.99978537
-0.08427404 -0.02638649 0.99609319
0.04562203 -0.02967984 0.99851777
-0.05636059 -0.01568184 0.99828732
0.01692973 -0.02084160 0.99963944
-0.02759758 -0.01459294 0.99951259
0.00558005 -0.01359013 0.99989208
-0.02123630 -0.00140558 0.99977350
-0.06521547 -0.01967657 0.99767719
-0.01195262 -0.02970553 0.99948723
-0.08201277 -0.03026339 0.99617169
0.02715101 -0.01135899 0.99956680
0.03754587 -0.01641430 0.99916009
0.00487294 -0.01503942 0.99987503
0.02319448 -0.02693100 0.99936817
-0.01126192 -0.02699427 0.99957215
0.04018851 -0.00054883 0.99919196
-0.00393270 -0.02056205 0.99978084
-0.00377265 -0.02662909 0.99963826
0.01039842 -0.00857550 0.99990916
-0.05973321 -0.02368361 0.99793338
-0.00828728 -0.01141382 0.99990052
-0.01302000 -0.02254223 0.99966111
-0.00785739 -0.01675839 0.99982869
0.00225700 -0.01160402 0.99993012
0.00140281 -0.01789551 0.99983888
-0.01795872 -0.00513029 0.99982557
-0.00932548 -0.00966697 0.99990979
-0.00585893 -0.02024793 0.99977782
-0.00439074 -0.01836748 0.99982166
0.00519821 -0.01595507 0.99985920
0.00157038 -0.02227371 0.99975068
0.00023671 -0.00392536 0.99999227
0.03088281 -0.00171687 0.99952154
0.01155472 -0.00051806 0.99993311
0.03954876 -0.01821751 0.99905156
-0.02034776 -0.00576642 0.99977633
-0.04080741 -0.03049660 0.99870151
0.00003096 -0.01693621 0.99985657
0.00522788 -0.00389304 0.99997876
0.00187765 -0.01877437 0.99982198
-0.00293977 -0.01551307 0.99987534
0.00029109 -0.01882508 0.99982275
0.01327647 -0.01502894 0.99979891
0.01468955 -0.01257362 0.99981304
-0.01368459 -0.01579808 0.99978155
0.01635252 -0.02028176 0.99966057
0.04775730 -0.02803031 0.99846559
-0.00483791 -0.01818038 0.99982302
-0.00819249 -0.01545204 0.99984705
0.00178022 -0.00994651 0.99994895
-0.00496482 -0.02735616 0.99961342
-0.01966722 -0.01980481 0.99961041
0.00705564 -0.01708737 0.99982911
0.01250414 -0.01985070 0.99972476
-0.03992807 -0.03208467 0.99868730
0.00450125 -0.02109547 0.99976733
-0.01182426 -0.00795153 0.99989847
-0.00534574 -0.02116067 0.99976180
-0.02960095 -0.01487669 0.99945108
0.03522549 -0.01599175 0.99925143
0.00530537 -0.00863143 0.99994867
-0.02073932 -0.01970208 0.99959077
-0.00344110 -0.01620331 0.99986280
0.00471455 -0.01767501 0.99983267
0.00439288 -0.01330730 0.99990180
0.00465235 -0.02482691 0.99968094
-0.00039815 -0.01685222 0.99985791
0.00331060 -0.01327518 0.99990640
0.00040734 -0.01536878 0.99988181
0.01366604 -0.01732801 0.99975646
0.00847738 -0.02039870 0.99975598
0.00027507 -0.01332388 0.99991120
-0.00833174 -0.01683139 0.99982363
-0.00177107 -0.01599382 0.99987052
0.00797724 -0.00835171 0.99993330
0.00331784 -0.01505257 0.99988120
-0.00373157 -0.00880187 0.99995430
0.00243924 -0.01885680 0.99981922
-0.00474281 -0.01768863 0.99983229
-0.00840153 -0.02193596 0.99972408
-0.00538035 -0.01810577 0.99982160
-0.00218151 -0.01349896 0.99990651
0.00154833 -0.01211557 0.99992541
0.00117379 -0.01404311 0.99990070
-0.00257072 -0.01677535 0.99985598
-0.02109678 -0.01169374 0.99970905
0.02921889 -0.03028768 0.99911406
0.02210955 -0.01845903 0.99958513
-0.00107580 -0.02293098 0.99973647
-0.00276180 -0.01809031 0.99983254
-0.00648375 -0.01825892 0.99981227
-0.00781204 -0.01790069 0.99980925
0.00062868 -0.01596773 0.99987231
-0.03245644 0.00571232 0.99945683
0.02461922 -0.01988053 0.99949920
-0.00181879 -0.02352990 0.99972148
-0.00353019 -0.02716025 0.99962486
-0.01050848 -0.00860245 0.99990778
-0.02690574 -0.01903269 0.99945677
-0.00265403 -0.01710056 0.99985025
0.00979414 -0.01165260 0.99988414
0.00099073 -0.01618920 0.99986846
-0.00542301 -0.01830816 0.99981768
-0.00184690 -0.01786447 0.99983871
-0.02061259 -0.02532789 0.99946667
-0.00857125 -0.02106976 0.99974127
-0.00042286 -0.01965547 0.99980672
-0.00526376 -0.01662063 0.99984801
-0.00339567 -0.01748267 0.99984140
-0.00478713 -0.01848050 0.99981776
-0.01288030 -0.01652468 0.99978049
0.00105782 -0.01820347 0.99983374
-0.00717951 -0.02047172 0.99976465
0.00574514 -0.02352973 0.99970663
0.01011021 -0.02544136 0.99962519
0.00187797 -0.01154496 0.99993159
-0.00699944 -0.01683145 0.99983384
-0.00680948 -0.01837850 0.99980791
0.00567785 -0.02049074 0.99977392
-0.00415588 -0.01885693 0.99981356
-0.02801812 -0.02265270 0.99935071
-0.00681594 -0.01794728 0.99981570
0.00841510 -0.02115272 0.99974084
-0.00593285 -0.01951074 0.99979204
-0.06434223 -0.02396363 0.99764013
0.01343607 -0.00750751 0.99988155
0.00136627 -0.01858866 0.99982628
-0.00515170 -0.01447683 0.99988193
0.00514481 -0.01058265 0.99993077
-0.00393853 -0.01504656 0.99987904
-0.01271307 -0.01409133 0.99981989
0.02160576 -0.01425209 0.99966498
0.02251513 -0.00730382 0.99971982
0.00950990 -0.01582117 0.99982961
0.00296239 -0.01266358 0.99991543
-0.01817173 -0.01559367 0.99971327
0.00304587 -0.01416573 0.99989502
0.02629205 -0.00667443 0.99963202
-0.00170648 -0.01255118 0.99991977
-0.01105246 -0.02054701 0.99972779
-0.01016975 -0.01858342 0.99977559
-0.00021230 -0.01620509 0.99986867
0.03864178 -0.01486974 0.99914248
0.00963092 -0.00451042 0.99994345
0.01946645 -0.01776936 0.99965259
0.00393840 -0.01419094 0.99989155
0.01828085 -0.00779460 0.99980251
-0.00887336 -0.01887468 0.99978248
0.00477466 -0.01979583 0.99979264
0.00256772 -0.01639095 0.99986236
0.00407569 -0.02214780 0.99974640
0.00367542 -0.01547283 0.99987353
-0.01253088 -0.01158016 0.99985443
0.00095130 -0.01546594 0.99987994
0.02362169 -0.01168133 0.99965272
-0.00042744 -0.02126367 0.99977381
0.00013618 -0.02012882 0.99979739
0.01087949 -0.01573317 0.99981704
0.01540775 -0.01062002 0.99982489
-0.00564937 -0.02097930 0.99976395
-0.01281131 -0.01922635 0.99973307
0.01269167 -0.01459222 0.99981298
0.00328281 -0.00718170 0.99996882
-0.00742412 -0.01844201 0.99980237
-0.00335180 -0.01691782 0.99985127
-0.01348135 -0.01651267 0.99977277
0.02374799 -0.00095377 0.99971752
-0.00646864 0.00582450 0.99996212
0.00379891 -0.01723025 0.99984433
-0.00106764 -0.02142008 0.99976999
-0.00912814 -0.01580940 0.99983336
-0.00037129 -0.01383476 0.99990423
0.04272209 -0.01657024 0.99894957
-0.00920688 -0.01733441 0.99980736
-0.01024961 -0.01637333 0.99981341
-0.03134867 -0.02060792 0.99929604
0.00004720 -0.02102603 0.99977893
0.02406604 0.00054621 0.99971022
-0.01122629 -0.02048550 0.99972712
0.00181413 -0.01657664 0.99986095
-0.02628931 -0.02036293 0.99944696
0.00820527 -0.00867053 0.99992875
-0.03710189 -0.01914185 0.99912814
-0.01019189 -0.01487454 0.99983742
0.01523073 -0.00822447 0.99985018
0.01148239 -0.03004115 0.99948271
0.02517695 -0.02112139 0.99945986
-0.04201272 -0.01764819 0.99896120
-0.00255277 -0.02130586 0.99976975
0.01234621 -0.01171209 0.99985519
-0.03405008 0.00424423 0.99941112
-0.02437915 -0.02289655 0.99944055
0.01357089 -0.01924006 0.99972279
-0.03908378 -0.01517841 0.99912065
0.00024985 -0.02042803 0.99979129
0.00305263 -0.01946830 0.99980581
-0.00382426 -0.02351120 0.99971626
-0.00366769 -0.01997077 0.99979384
-0.01090104 -0.01826454 0.99977376
-0.02120653 -0.01631754 0.99964195
0.00463391 -0.01745747 0.99983687
-0.03853286 -0.03164477 0.99875614
-0.03051654 -0.03207778 0.99901940
-0.00840401 -0.01732324 0.99981462
0.00630847 -0.01417680 0.99987960
-0.02523883 -0.01673865 0.99954130
0.00186435 -0.01590633 0.99987175
-0.00886739 -0.01508830 0.99984684
-0.00575533 -0.01298780 0.99989909
0.01626154 -0.01879246 0.99969116
0.02481423 -0.00809891 0.99965927
0.01769849 -0.01657049 0.99970605
0.00761890 -0.01352850 0.99987946
-0.00703196 -0.01071616 0.99991785
-0.01345263 -0.01930428 0.99972315
0.00750216 -0.02413772 0.99968049
-0.00455242 -0.01796172 0.99982831
-0.00820655 -0.02006235 0.99976505
-0.02051837 -0.01429802 0.99968723
0.02508982 -0.01984730 0.99948816
-0.00858742 -0.01606103 0.99983414
-0.00131117 -0.01804125 0.99983638
0.00464008 -0.01430986 0.99988684
-0.00429225 -0.01487590 0.99988013
-0.01627755 -0.01738954 0.99971628
0.00944152 -0.01378537 0.99986040
-0.01023819 -0.01964762 0.99975455
-0.01103572 -0.02201436 0.99969674
-0.00397659 -0.01190402 0.99992124
0.00335065 -0.01802245 0.99983197
-0.00084365 -0.01669197 0.99986032
-0.00815548 -0.01729833 0.99981711
-0.00939196 -0.01499137 0.99984351
-0.02212044 -0.01874574 0.99957955
-0.03510748 -0.02812546 0.99898770
-0.00013200 -0.01366915 0.99990656
-0.02917989 -0.01260843 0.99949465
0.00361454 -0.00357110 0.99998709
-0.01511106 -0.01891680 0.99970686
0.00811770 -0.01710299 0.99982078
0.00476092 -0.01526827 0.99987210
-0.00883523 -0.01947765 0.99977125
-0.00649238 -0.01639190 0.99984457
0.00090109 -0.01688583 0.99985702
-0.00560243 -0.01507002 0.99987075
-0.00576411 -0.01529363 0.99986643
-0.00110466 -0.01340605 0.99990952
0.00453148 -0.01269489 0.99990915
-0.00187185 -0.02544738 0.99967441
-0.01270926 -0.01769299 0.99976269
-0.02029778 -0.02648477 0.99944312
0.00413585 -0.02029001 0.99978558
0.03592662 -0.02999877 0.99890408
-0.01479233 -0.01653420 0.99975387
-0.00144184 -0.02107052 0.99977695
-0.02725137 -0.00848897 0.99959257
0.02747476 -0.01861985 0.99944907
-0.04631953 -0.01984319 0.99872957
-0.03056339 -0.01925552 0.99934734
-0.00469382 -0.02069190 0.99977488
-0.02063608 -0.01877840 0.99961069
-0.00566032 -0.02041475 0.99977557
-0.02847867 -0.01345634 0.99950382
-0.01477873 -0.01534411 0.99977305
-0.00882785 -0.02440437 0.99966319
-0.00125222 -0.01894914 0.99981966
-0.01190237 -0.02007609 0.99972761
-0.00935476 -0.01894224 0.99977681
-0.00644880 -0.01894183 0.99979979
-0.00923019 -0.01960749 0.99976515
-0.00909586 -0.02362154 0.99967959
-0.01365469 -0.01648337 0.99977090
-0.02608242 -0.01674670 0.99951951
-0.01642367 -0.02089247 0.99964682
0.00216036 -0.01917790 0.99981375
-0.00951898 -0.01524967 0.99983841
0.00920194 -0.01778128 0.99979955
-0.02696902 -0.03387009 0.99906230
-0.01416293 -0.02010963 0.99969746
0.01060527 -0.00020555 0.99994374
-0.00275450 -0.01597645 0.99986857
0.03297442 -0.02129224 0.99922937
0.02363972 -0.01921819 0.99953580
0.00728210 -0.01742416 0.99982167
-0.04763449 -0.03652042 0.99819698
-0.02351885 -0.01087171 0.99966428
0.00871699 -0.01743031 0.99981008
0.03536682 -0.03303972 0.99882810
-0.01945502 -0.01329358 0.99972235
-0.01380235 -0.02396565 0.99961750
-0.01303979 -0.01738990 0.99976375
-0.00819863 -0.01646515 0.99983083
-0.01373864 -0.01787239 0.99974588
0.00225146 -0.01388352 0.99990108
-0.00818732 -0.02219829 0.99972006
-0.01263808 -0.02297839 0.99965608
-0.00947145 -0.01009112 0.99990423
-0.00918653 -0.02047992 0.99974806
0.00907785 -0.01293244 0.99987516
-0.01274814 -0.02666078 0.99956325
0.00201145 -0.01994628 0.99979903
0.00222466 -0.01065378 0.99994077
0.00274412 -0.01840382 0.99982687
0.00250152 -0.01761554 0.99984171
-0.00500820 -0.01635532 0.99985370
-0.00706512 -0.01604108 0.99984637
-0.02114726 -0.01473947 0.99966772
-0.02157430 -0.01443070 0.99966310
0.01717327 -0.00949883 0.99980741
-0.00322778 -0.01822348 0.99982873
-0.00550774 -0.01775895 0.99982713
0.00781578 -0.01482476 0.99985956
-0.00125071 -0.01693440 0.99985582
-0.00077115 -0.00987538 0.99995094
-0.00972693 -0.02011666 0.99975032
0.00098320 -0.01848930 0.99982857
-0.00214642 -0.01449661 0.99989261
0.00217796 -0.01195630 0.99992615
-0.00191141 -0.02399276 0.99971031
-0.01624206 -0.01900091 0.99968753
-0.00031996 -0.01935616 0.99981260
-0.01125072 -0.02081128 0.99972012
0.00601433 -0.00707880 0.99995686
-0.01557120 -0.01930927 0.99969230
-0.01202745 -0.01718976 0.99977990
-0.01106031 -0.01492050 0.99982751
0.00967074 -0.01342695 0.99986309
-0.00389317 -0.01853411 0.99982065
-0.01855212 -0.02025023 0.99962280
-0.02121396 -0.01766255 0.99961893
-0.01086091 -0.01784394 0.99978179
-0.01795374 -0.02001308 0.99963850
-0.01193498 -0.01643964 0.99979363
-0.00956886 -0.01390190 0.99985758
-0.01576997 -0.02068551 0.99966165
0.00881164 -0.00626363 0.99994156
-0.04361442 -0.01740218 0.99889686
0.00902803 -0.01443091 0.99985511
-0.01514136 -0.01968032 0.99969166
-0.01887347 -0.01533786 0.99970423
-0.01131098 -0.01648831 0.99980008
-0.01766717 -0.02285674 0.99958263
0.00283304 -0.01589877 0.99986959
0.00554729 -0.01908337 0.99980251
0.01062415 -0.01200159 0.99987154
-0.01586508 -0.01336355 0.99978483
-0.00276413 -0.01520663 0.99988055
0.00749246 -0.02074772 0.99975667
-0.00865049 -0.01446486 0.99985796
-0.01289158 -0.01546895 0.99979724
0.00447560 -0.01499130 0.99987761
-0.00705931 -0.01130113 0.99991122
0.00052749 -0.01636064 0.99986602
-0.02768923 -0.02181440 0.99937853
-0.00928090 -0.01727016 0.99980778
-0.00419984 -0.01610723 0.99986145
0.01673094 -0.01148572 0.99979406
-0.00169658 -0.01043346 0.99994413
-0.00178194 -0.01554599 0.99987757
0.01002303 -0.00571538 0.99993343
-0.03090229 -0.01917385 0.99933849
0.00803130 -0.01254343 0.99988907
-0.01145956 -0.01749284 0.99978132
-0.01001829 -0.01199368 0.99987789
-0.01052481 -0.01501467 0.99983188
-0.01013832 -0.01303836 0.99986360
-0.00186164 -0.01300834 0.99991365
-0.00329893 -0.01832609 0.99982662
-0.01235297 -0.01197605 0.99985198
-0.00046734 -0.01468092 0.99989212
-0.01220763 -0.01706761 0.99977981
-0.00339636 -0.01460469 0.99988758
-0.01112752 -0.00411416 0.99992962
-0.01199322 -0.01412149 0.99982836
-0.01681426 -0.02748858 0.99948069
-0.00825448 -0.01747040 0.99981331
-0.00432301 -0.01360541 0.99989810
-0.00424728 -0.01731220 0.99984111
-0.02685102 -0.01222693 0.99956467
-0.02308599 -0.02073459 0.99951844
0.00940162 -0.01079207 0.99989757
-0.00717087 -0.01597927 0.99984661
-0.00024582 -0.01856048 0.99982771
0.00115147 -0.01341975 0.99990929
-0.00997847 -0.01515998 0.99983529
-0.00747540 -0.01485719 0.99986168
-0.00858899 -0.01620102 0.99983186
0.02153577 -0.01177159 0.99969877
-0.00672244 -0.01777923 0.99981934
0.01111570 -0.01030841 0.99988508
-0.00177959 -0.01605327 0.99986955
-0.03041388 -0.02189985 0.99929745
0.00464277 -0.01266700 0.99990899
-0.01871387 -0.01956728 0.99963339
0.00158888 -0.03094686 0.99951977
0.01524508 -0.00633570 0.99986371
-0.00758464 -0.02026500 0.99976587
-0.00639046 -0.00855677 0.99994297
-0.06139452 -0.02356798 0.99783529
-0.00863833 -0.01424976 0.99986115
-0.01810189 -0.01392714 0.99973914
0.03747561 0.00424654 0.99928852
-0.00138154 -0.01834185 0.99983082
0.01853597 -0.01638360 0.99969395
-0.02967498 -0.01468328 0.99945175
-0.00665855 -0.01983029 0.99978119
-0.02177975 -0.02226476 0.99951484
0.02264717 -0.01475938 0.99963457
0.00170386 -0.01207582 0.99992563
0.00471473 -0.02127445 0.99976256
0.03687378 0.00988222 0.99927107
0.01360373 0.00106092 0.99990690
-0.00509411 -0.01969744 0.99979301
0.05013478 -0.01361892 0.99864960
-0.00696891 -0.01631191 0.99984267
-0.00668399 -0.01348133 0.99988678
-0.05391247 -0.02729706 0.99817249
-0.06964259 -0.00275969 0.99756819
-0.00619788 -0.01662557 0.99984258
0.03194814 -0.01516856 0.99937442
-0.00770716 -0.02575672 0.99963853
0.00890435 -0.02345695 0.99968519
-0.00745221 -0.01122417 0.99990924
0.00814631 -0.01142760 0.99990152
-0.01916268 -0.02451837 0.99951570
0.00142865 -0.01830401 0.99983145
0.00040407 -0.01390121 0.99990329
-0.00748502 -0.01816109 0.99980706
-0.02725882 -0.00602283 0.99961027
0.00614211 -0.01793850 0.99982023
0.00003188 -0.01890220 0.99982134
-0.00887599 -0.01803833 0.99979790
-0.01290580 -0.02236762 0.99966651
-0.01536150 -0.02328168 0.99961092
-0.00310644 -0.00958109 0.99994928
-0.00642313 -0.01651639 0.99984296
-0.00808901 -0.01298074 0.99988303
0.00168492 -0.02046917 0.99978906
-0.02097941 -0.01138111 0.99971513
-0.00323377 -0.02091705 0.99977598
-0.04064240 -0.01957397 0.99898201
-0.01256197 -0.01549189 0.99980108
0.03079182 -0.02789173 0.99913658
-0.01184451 -0.01518432 0.99981455
-0.03063423 -0.02467111 0.99922614
-0.00523137 -0.01827953 0.99981923
-0.01388053 -0.01940446 0.99971536
-0.00332134 -0.01531303 0.99987723
-0.00197430 -0.01041629 0.99994380
0.00682383 -0.03294025 0.99943403
-0.00310391 -0.01598376 0.99986743
0.01908183 -0.01696591 0.99967397
-0.02610917 -0.02613745 0.99931734
-0.00742484 -0.01360977 0.99987982
0.00301590 -0.00752308 0.99996715
0.00908919 -0.01933033 0.99977184
-0.01078986 -0.01697085 0.99979776
-0.02708115 -0.02259253 0.99937790
-0.01882423 -0.01912498 0.99963988
0.03607019 -0.01553069 0.99922857
-0.02403635 -0.02738715 0.99933588
0.03244446 -0.01017771 0.99942172
-0.02782592 -0.01647824 0.99947696
-0.01750219 -0.00971369 0.99979964
0.00440475 -0.01194687 0.99991893
-0.00935881 -0.02375794 0.99967393
-0.00878391 0.00280719 0.99995748
-0.00933549 -0.00281742 0.99995245
0.05270396 -0.02377241 0.99832718
-0.00194728 -0.01567865 0.99987519
0.02889978 -0.01114038 0.99952023
-0.01003650 -0.01893034 0.99977043
0.02459563 -0.02142569 0.99946786
0.01144738 -0.01372500 0.99984028
-0.01700466 -0.01369618 0.99976160
0.00172645 -0.02127563 0.99977216
0.02283678 -0.01728589 0.99958976
-0.00864121 -0.01849363 0.99979164
-0.00184905 -0.02207415 0.99975463
0.01037532 -0.01983060 0.99974952
-0.00535842 -0.02298836 0.99972137
-0.02528276 -0.03306348 0.99913342
0.00659882 -0.02455976 0.99967658
-0.01331152 -0.02363593 0.99963201
0.04352701 -0.01902770 0.99887104
-0.04785780 -0.00665329 0.99883200
-0.01957745 -0.03438604 0.99921686
-0.01764363 -0.02563111 0.99951576
-0.03449939 -0.03190875 0.99889520
0.00053767 -0.02491411 0.99968945
-0.03400608 -0.01908962 0.99923930
-0.00655036 -0.02691072 0.99961638
0.01968457 -0.01739839 0.99965485
0.00036766 -0.01880140 0.99982317
0.05447870 -0.01823663 0.99834838
0.01069844 -0.00015212 0.99994276
-0.00344195 -0.01554244 0.99987328
-0.00626698 -0.01588679 0.99985416
0.01800616 -0.02563938 0.99950908
-0.05527146 -0.03901764 0.99770872
-0.00232948 -0.02144240 0.99976737
0.01703493 -0.02592909 0.99951863
0.02154606 -0.02060901 0.99955542
0.01777229 -0.00499972 0.99982956
0.03397723 -0.00668011 0.99940028
0.00011232 -0.01415921 0.99989975
0.01155432 -0.01377270 0.99983839
-0.00097629 -0.03091488 0.99952154
0.01603676 -0.00919561 0.99982912
-0.00904884 -0.01809754 0.99979528
-0.00957120 -0.02410426 0.99966363
-0.00201856 -0.02013008 0.99979533
0.00614793 -0.00671963 0.99995852
-0.03218298 -0.03210934 0.99896609
0.02898087 -0.00571090 0.99956365
-0.00524779 -0.00742362 0.99995867
-0.01899277 -0.02781683 0.99943259
-0.03073601 -0.02669902 0.99917089
-0.00850060 -0.02899111 0.99954352
0.08785608 -0.00738200 0.99610583
-0.00325293 -0.02097175 0.99977478
-0.01236273 -0.01364620 0.99983046
0.02114207 -0.01664149 0.99963797
0.01608243 -0.00976412 0.99982299
0.00135482 -0.00623262 0.99997966
-0.00022962 -0.01325156 0.99991217
0.06440088 -0.00165844 0.99792273
-0.00344925 -0.02207759 0.99975031
-0.00460190 -0.01962903 0.99979674
-0.00289177 -0.02462826 0.99969250
0.00419243 -0.02714011 0.99962285
-0.01563695 -0.02882696 0.99946210
-0.07558707 -0.02740667 0.99676249
0.02099750 -0.01965444 0.99958632
0.00466501 -0.03150705 0.99949264
0.00986213 -0.01955716 0.99976010
-0.00120929 -0.01835007 0.99983089
-0.00918907 -0.01758334 0.99980317
-0.04194966 -0.00407031 0.99911143
-0.01226184 -0.01883447 0.99974742
-0.03337654 -0.02947377 0.99900816
-0.00243674 -0.01347028 0.99990630
0.01844987 -0.01430535 0.99972744
-0.01460228 -0.01904667 0.99971196
-0.00295561 -0.00699472 0.99997117
0.01575088 -0.01991954 0.99967751
0.00811205 -0.01074178 0.99990940
0.02657988 -0.03193494 0.99913646
0.02192992 -0.00436338 0.99974999
-0.04076657 -0.00974619 0.99912116
0.00905360 -0.00841973 0.99992357
-0.02129067 -0.01743626 0.99962127
-0.00337812 -0.01446680 0.99988964
0.01474252 -0.02413627 0.99959997
-0.01020490 -0.02117177 0.99972377
-0.00788355 -0.01870097 0.99979404
0.01037912 -0.01672233 0.99980630
0.00917974 -0.02350675 0.99968153
0.00628910 -0.02102479 0.99975917
-0.00524035 -0.02449683 0.99968617
-0.00925926 -0.02071672 0.99974251
0.00820590 -0.02106289 0.99974448
-0.00006810 -0.01841409 0.99983044
-0.00919394 -0.02036783 0.99975028
-0.00627587 -0.01795032 0.99981918
0.01741464 -0.01304565 0.99976324
-0.00003126 -0.01825591 0.99983335
0.00343582 -0.01269964 0.99991345
0.00465703 -0.01465045 0.99988183
-0.00879241 -0.01860841 0.99978819
0.00350571 -0.01218250 0.99991965
0.00124214 -0.01660687 0.99986132
0.00785083 -0.01195806 0.99989768
-0.00218239 -0.01745625 0.99984525
0.01171999 -0.00261156 0.99992791
0.00808072 -0.00971131 0.99992019
-0.01022255 -0.01509705 0.99983378
0.01034655 -0.00547610 0.99993148
-0.00065543 -0.00974078 0.99995234
0.00716383 -0.01753926 0.99982051
0.00055407 -0.01451662 0.99989447
-0.00622927 -0.02230447 0.99973182
-0.00040504 -0.01104703 0.99993890
-0.00295361 -0.01936885 0.99980804
0.00037179 -0.01659073 0.99986230
0.01366523 -0.01740184 0.99975519
-0.01953654 -0.01621287 0.99967768
0.01098717 -0.01563145 0.99981745
0.02707938 0.00546161 0.99961837
-0.02488219 -0.01347571 0.99959956
0.03726629 -0.00220087 0.99930295
-0.00558060 -0.01729998 0.99983477
0.03436689 -0.01251522 0.99933092
0.02644565 -0.00497437 0.99963788
0.01101812 -0.01033280 0.99988591
0.06654847 -0.01379836 0.99768778
-0.01765232 -0.01531065 0.99972695
0.02711518 -0.02135864 0.99940411
0.00957414 -0.01516559 0.99983916
0.00862428 -0.02153660 0.99973086
-0.01702225 -0.00808901 0.99982239
0.01667183 -0.00432556 0.99985166
-0.05144494 -0.01308130 0.99859016
0.00912939 -0.02268772 0.99970092
0.00885907 -0.02287550 0.99969907
0.02527244 -0.01715836 0.99953334
0.00796145 -0.01539431 0.99984980
0.00306195 -0.01458060 0.99988901
0.01270702 -0.01589958 0.99979285
-0.01545448 -0.01117682 0.99981810
0.00901500 -0.02064802 0.99974616
-0.01067630 -0.01704186 0.99979778
0.00145118 -0.02164797 0.99976460
-0.00123492 -0.02182287 0.99976109
0.00810052 -0.01571967 0.99984362
-0.00498426 -0.01427445 0.99988569
0.00883957 -0.01575641 0.99983679
0.00674212 -0.00878963 0.99993864
0.00509195 -0.01364056 0.99989400
-0.02835005 -0.02684347 0.99923756
-0.02868662 -0.01070637 0.99953112
-0.00181952 -0.01591882 0.99987163
-0.00277034 -0.01667453 0.99985713
0.01671211 -0.00808178 0.99982768
-0.00003999 -0.01374475 0.99990554
-0.03029218 -0.01243972 0.99946367
-0.01646276 -0.01706734 0.99971880
-0.00233489 -0.01196326 0.99992571
0.01678953 -0.00799956 0.99982704
0.00270620 -0.01091408 0.99993678
-0.00378305 -0.01476110 0.99988389
-0.02996225 -0.01524236 0.99943481
0.01452481 -0.01177817 0.99982514
-0.00572111 -0.01337088 0.99989424
0.00276589 -0.01604932 0.99986738
-0.01156741 -0.01401963 0.99983481
0.01664512 -0.01317788 0.99977462
-0.02745594 -0.01522341 0.99950709
-0.00552347 -0.01838066 0.99981580
0.00341729 -0.01624913 0.99986213
0.01144444 -0.01175942 0.99986536
-0.00742235 -0.01604504 0.99984372
-0.02724905 -0.01033696 0.99957523
-0.00249977 -0.01777681 0.99983886
-0.11043516 -0.07046913 0.99138195
-0.02199338 -0.02765252 0.99937562
0.00675807 -0.00977768 0.99992936
-0.00791277 -0.01404171 0.99987010
0.00371851 -0.01747021 0.99984047
-0.01551077 -0.02443208 0.99958116
0.00531313 -0.00777821 0.99995563
0.00085979 -0.01228244 0.99992420
-0.00344842 -0.01706931 0.99984836
-0.00400184 -0.01788424 0.99983206
-0.00579758 -0.01593985 0.99985614
-0.00128066 -0.01225064 0.99992414
-0.01310940 -0.02550997 0.99958861
-0.02375505 -0.02143984 0.99948788
0.00202772 -0.01746349 0.99984545
-0.01456278 -0.01309546 0.99980820
-0.04382506 -0.02888901 0.99862144
-0.04804580 -0.02772418 0.99846030
-0.03305206 -0.02982577 0.99900850
0.00050854 -0.01364895 0.99990672
-0.00143884 -0.01600176 0.99987093
-0.05316276 -0.03362291 0.99801965
-0.02379171 -0.02440622 0.99941898
-0.01094169 -0.01422931 0.99983889
-0.02480614 -0.01600860 0.99956410
-0.02760640 -0.01642848 0.99948386
-0.02991397 -0.01473715 0.99944383
-0.00068333 -0.01707541 0.99985397
0.00293894 -0.00399183 0.99998771
0.01447575 -0.01672111 0.99975540
-0.01811957 -0.02459925 0.99953317
-0.01098333 -0.01440581 0.99983591
-0.00201070 -0.01808193 0.99983449
-0.00221219 -0.01525341 0.99988121
0.00746194 -0.02090390 0.99975364
0.01550350 -0.01799638 0.99971785
-0.05058010 -0.02831815 0.99831845
-0.01407824 -0.00820779 0.99986721
-0.01282411 -0.01347870 0.99982692
-0.01394549 -0.01145179 0.99983718
-0.01495305 -0.02154269 0.99965610
-0.02284886 -0.02337689 0.99946558
-0.01602206 -0.01674407 0.99973143
-0.00648971 -0.02754095 0.99959961
-0.00878884 -0.01939297 0.99977331
-0.01108193 -0.02222748 0.99969152
-0.01113134 -0.02002924 0.99973743
-0.00697444 -0.01798956 0.99981385
0.02392682 -0.01160240 0.99964638
-0.01045343 -0.02237400 0.99969502
0.00012740 -0.02274320 0.99974133
-0.00668930 -0.00682139 0.99995436
-0.00498777 -0.01921816 0.99980287
0.01010668 -0.00859961 0.99991195
-0.03598064 -0.01839702 0.99918314
0.14069310 -0.05542449 0.98850067
-0.01042968 -0.02179144 0.99970813
-0.01391650 -0.00446845 0.99989318
-0.01009357 -0.01640134 0.99981454
-0.02403466 -0.00949204 0.99966606
0.01961596 -0.02092206 0.99958866
-0.00043522 -0.02473444 0.99969396
0.00145351 -0.01833788 0.99983079
-0.00679917 -0.01272692 0.99989589
-0.00879565 -0.01626422 0.99982904
-0.01748340 -0.01421966 0.99974603
-0.00639724 -0.01742669 0.99982768
0.00150854 -0.02067034 0.99978521
-0.02853873 -0.01567584 0.99946976
-0.02106704 -0.02154076 0.99954598
-0.00097417 -0.02267932 0.99974232
0.00535229 -0.01860882 0.99981251
-0.01136339 -0.02016724 0.99973204
0.00588339 -0.01645430 0.99984731
0.01227609 -0.02263776 0.99966836
0.00657479 -0.01200006 0.99990638
0.00845808 -0.02136402 0.99973598
-0.04752228 -0.03340922 0.99831130
0.01754225 -0.01091860 0.99978650
-0.00842592 -0.02028696 0.99975869
0.00462693 -0.01404153 0.99989071
0.00590655 -0.01273426 0.99990147
-0.00697170 -0.02211719 0.99973108
-0.00478203 -0.01727433 0.99983935
-0.00173267 -0.01658051 0.99986103
-0.01079238 -0.02144234 0.99971183
-0.00899895 -0.01838130 0.99979055
-0.00537928 -0.01952896 0.99979482
0.00313401 -0.02294894 0.99973173
0.00455440 -0.01561878 0.99986765
0.00085169 -0.01970894 0.99980540
-0.01385693 -0.02507768 0.99958946
0.00333870 -0.02242102 0.99974304
-0.00219589 -0.01560024 0.99987590
-0.00371992 -0.01866709 0.99981883
0.00751868 -0.02149390 0.99974071
-0.00836499 -0.01849517 0.99979396
-0.00406710 -0.02448236 0.99969199
0.00223774 -0.02216516 0.99975182
-0.00748024 -0.02010043 0.99976998
-0.01182070 -0.02459233 0.99962767
0.02427082 -0.02283772 0.99944453
-0.02737409 -0.03919859 0.99885641
-0.01222405 -0.02157932 0.99969241
-0.01898104 -0.01798082 0.99965815
-0.00230077 -0.02265339 0.99974073
-0.01250776 -0.02619641 0.99957856
-0.01212052 -0.01181303 0.99985676
-0.01999254 -0.01573872 0.99967624
-0.03904350 -0.03945807 0.99845814
-0.00812817 -0.02287835 0.99970521
-0.00306480 -0.03997098 0.99919614
0.01752688 -0.02912258 0.99942217
-0.02699131 -0.02801556 0.99924301
0.03141099 0.01604528 0.99937776
0.01868611 -0.01617010 0.99969463
0.00412418 -0.02640282 0.99964288
-0.01079718 -0.01617185 0.99981093
-0.01059129 -0.02567644 0.99961420
-0.01093441 -0.01858994 0.99976740
0.01089720 -0.00732451 0.99991380
-0.01493113 -0.01959534 0.99969650
-0.02115510 -0.01992830 0.99957757
-0.01105021 -0.02322533 0.99966918
-0.00513683 -0.01607894 0.99985753
-0.01057212 -0.01623656 0.99981228
-0.01027780 -0.01900675 0.99976653
0.04568349 -0.00853731 0.99891948
-0.03951759 -0.02333372 0.99894639
-0.00385528 -0.02076945 0.99977686
-0.01444996 -0.01666762 0.99975666
-0.00070204 -0.01438772 0.99989624
-0.00938810 -0.02416998 0.99966378
-0.00750446 -0.01319203 0.99988482
-0.00976971 -0.01991615 0.99975392
0.00346945 -0.01475873 0.99988506
0.01893323 -0.02971255 0.99937916
0.00675517 -0.01355632 0.99988529
-0.00753748 -0.02124548 0.99974588
-0.02262389 -0.03115489 0.99925849
0.00033446 -0.01227572 0.99992459
-0.00690877 -0.01663173 0.99983781
-0.00066189 -0.01678788 0.99985885
0.01488521 -0.02172098 0.99965325
-0.01324018 -0.01747210 0.99975968
0.03220656 -0.01934659 0.99929397
-0.01085145 -0.01893306 0.99976186
-0.01320330 -0.02531769 0.99959226
-0.01985127 -0.02564198 0.99947407
-0.00193180 -0.02566176 0.99966882
-0.00465918 -0.01708795 0.99984313
-0.03699755 -0.01215465 0.99924144
0.00877593 -0.01057311 0.99990559
-0.01669776 -0.02158608 0.99962754
-0.01039674 -0.01633037 0.99981260
-0.04844892 -0.03479393 0.99821946
0.00075371 -0.03187804 0.99949148
-0.00331086 -0.01831276 0.99982683
-0.01558255 -0.02387547 0.99959349
-0.01038846 -0.01547931 0.99982622
-0.01643119 -0.02034075 0.99965808
-0.04611041 -0.04384484 0.99797368
-0.00744275 -0.01672317 0.99983246
0.05060586 0.00675802 0.99869584
-0.02414176 -0.03419252 0.99912364
-0.02809580 0.00644275 0.99958447
-0.00184677 -0.01486175 0.99988785
-0.00583492 -0.03373599 0.99941375
0.00648607 -0.01224439 0.99990400
0.00015918 -0.02404258 0.99971092
-0.01167510 -0.01464827 0.99982454
-0.01327626 -0.01958705 0.99972001
-0.02271730 -0.02040032 0.99953377
0.01206659 -0.02361983 0.99964819
0.00265493 -0.01644361 0.99986127
-0.02995352 -0.02061813 0.99933862
-0.00759686 -0.02313180 0.99970356
-0.01110843 -0.02025865 0.99973306
0.01210264 -0.00887724 0.99988735
-0.02705465 -0.01883792 0.99945644
0.00844233 -0.01870621 0.99978938
-0.00140828 -0.01829806 0.99983158
-0.01297720 -0.02747919 0.99953814
0.00609968 -0.02152158 0.99974978
-0.00071130 -0.01420159 0.99989890
-0.00968382 -0.01620365 0.99982182
0.00146814 -0.01929215 0.99981281
0.00743601 -0.01429533 0.99987017
-0.00965073 -0.02336255 0.99968048
0.00884273 -0.01526134 0.99984444
0.00436720 -0.01799736 0.99982850
-0.01004436 -0.01873776 0.99977398
-0.01263973 -0.01545034 0.99980074
0.00736770 -0.02209973 0.99972862
0.00328455 -0.02227292 0.99974653
-0.01611067 -0.02261377 0.99961446
0.00129657 -0.01816949 0.99983408
-0.03540553 -0.02184867 0.99913417
0.00111303 -0.02104752 0.99977786
-0.05775626 -0.02242134 0.99807890
-0.00983069 -0.02081283 0.99973506
0.00239709 -0.01826085 0.99983038
-0.02494159 -0.07073786 0.99718307
0.04076197 0.01500417 0.99905622
-0.05018768 -0.03811693 0.99801217
-0.02485638 -0.01376250 0.99959630
0.04625609 0.00240035 0.99892673
0.00962343 -0.02280792 0.99969355
0.00271711 -0.03636433 0.99933491
-0.01360947 -0.02510042 0.99959229
-0.04286256 -0.03008026 0.99862805
0.01711856 -0.02503428 0.99954001
0.01466011 -0.02024392 0.99968758
-0.01018380 -0.01903320 0.99976699
0.00958876 -0.00732785 0.99992718
0.00766983 -0.03092641 0.99949224
-0.03498184 -0.01787671 0.99922805
-0.01044387 -0.02963073 0.99950635
0.04124484 -0.01136533 0.99908443
-0.01563667 -0.02135104 0.99964975
-0.02268347 -0.03506556 0.99912755
0.00464353 -0.03837030 0.99925280
0.00885008 -0.02973220 0.99951872
-0.03138011 -0.02206465 0.99926395
0.00085868 -0.01136902 0.99993500
0.02218547 -0.02485967 0.99944475
0.03195288 -0.01621045 0.99935791
0.04647138 -0.01307126 0.99883410
-0.00594177 -0.02175747 0.99974562
-0.02110572 -0.02228251 0.99952891
-0.00353327 -0.03677520 0.99931732
-0.00895512 -0.02242183 0.99970849
0.00037182 -0.02491117 0.99968960
-0.01372717 -0.01601166 0.99977757
0.00566787 -0.02221079 0.99973724
-0.03028931 0.01137069 0.99947650
0.02325808 -0.02473896 0.99942336
-0.02160932 -0.02152654 0.99953471
0.00701083 -0.03138636 0.99948274
-0.03838582 -0.01557308 0.99914164
-0.02280143 -0.02509504 0.99942500
0.00515225 0.00160097 0.99998545
-0.00903145 -0.02165473 0.99972471
0.00055441 -0.01713469 0.99985304
-0.01916134 -0.01832715 0.99964842
-0.00181097 -0.00431330 0.99998906
-0.02513858 -0.03226482 0.99916317
-0.00158789 -0.02953005 0.99956263
-0.03036718 -0.03341799 0.99898002
0.00392522 -0.00693307 0.99996826
-0.00301730 -0.02390368 0.99970971
0.00372242 -0.02583814 0.99965921
-0.01514519 -0.02290276 0.99962297
-0.02568706 -0.01623813 0.99953814
0.00431298 -0.02871683 0.99957828
-0.00719793 -0.02166728 0.99973933
-0.00832599 -0.02063117 0.99975249
-0.00611727 -0.02415488 0.99968951
-0.00012810 -0.02415404 0.99970824
-0.05160470 -0.03033351 0.99820681
-0.00980938 -0.02378567 0.99966895
-0.04233020 -0.01294455 0.99901982
0.01396388 -0.02449002 0.99960255
-0.01053235 -0.01227497 0.99986919
-0.00798631 -0.02967847 0.99952759
-0.02706792 -0.02113906 0.99941006
0.01893755 -0.03334424 0.99926449
0.00456823 -0.02209051 0.99974554
0.00250778 -0.03301625 0.99945167
0.00330314 -0.02689838 0.99963272
-0.00584168 -0.02824382 0.99958399
0.00335116 -0.02701024 0.99962954
0.01559942 -0.01553049 0.99975770
0.03988973 -0.03447811 0.99860907
-0.02569100 -0.03577992 0.99902941
0.03808049 -0.02057664 0.99906280
-0.02904383 -0.02599970 0.99923995
-0.04303471 -0.02178997 0.99883593
0.01802516 -0.04488171 0.99882968
-0.04348240 -0.02929801 0.99862451
0.00526095 -0.02669269 0.99962984
0.00449345 -0.00866312 0.99995238
0.00867265 -0.01904024 0.99978110
0.03085538 -0.01146321 0.99945812
-0.00506832 -0.01569327 0.99986401
0.01633992 -0.01859898 0.99969350
-0.00657108 -0.03414778 0.99939519
0.00319344 -0.01992046 0.99979647
-0.02812981 -0.03756693 0.99889811
-0.01765996 -0.02663343 0.99948926
0.00840910 -0.02946482 0.99953045
-0.00468560 -0.02961620 0.99955036
0.00511983 -0.02675243 0.99962898
-0.00878502 -0.01979591 0.99976545
0.00429043 -0.02720255 0.99962073
0.00606268 -0.02507672 0.99966715
-0.03708417 0.02280502 0.99905190
-0.00534933 -0.00035277 0.99998563
-0.00675081 -0.03377234 0.99940675
0.03694458 -0.02681311 0.99895753
0.03970291 -0.05524539 0.99768313
0.02362925 0.03875395 0.99896936
0.33727814 0.01618635 0.94126588
-0.01390339 0.00976490 0.99985566
0.07408463 0.04240361 0.99635004
-0.97440292 0.05148761 0.21883322
-0.43933821 0.00078616 0.89832139
-0.57711479 0.04585767 0.81537451
-0.96862688 0.04299555 0.24477205
-0.95784014 -0.04018125 0.28447799
0.35785083 0.01549889 0.93365013
-0.91466225 0.00561203 0.40418000
0.75104475 -0.18772284 -0.63300231
0.19403452 -0.01527397 0.98087579
0.98951332 0.04589581 -0.13695605
-0.41146502 0.02199362 0.91116015
0.01811198 -0.00354342 0.99982969
0.13017313 0.10639589 0.98576613
-0.99733360 0.05474911 -0.04825166
0.16679594 0.16534885 0.97202823
-0.61642307 0.05592790 0.78542642
0.94126762 0.29467564 -0.16486823
-0.58171519 0.02521211 -0.81300172
-0.85116014 -0.02269961 0.52441505
-0.00285275 -0.07465022 0.99720570
-0.89207163 0.01703233 -0.45157293
-0.02516794 -0.02412308 0.99939214
0.01759530 -0.05849165 0.99813282
-0.00447107 0.02881199 0.99957485
0.17673474 0.03778603 0.98353294
-0.25226884 -0.01057875 -0.96759936
0.25675914 -0.08917128 0.96235296
-0.70530523 0.04058806 0.70774087
-0.00789390 0.04014204 0.99916280
-0.04908001 0.02989972 0.99834721
-0.42886914 0.02713628 0.90295896
-0.30335967 0.09375042 0.94825301
0.03245609 -0.00843325 0.99943758
-0.91741990 0.26982987 -0.29245952
-0.25717861 -0.13734727 -0.95655365
-0.99842182 0.02738032 -0.04903243
-0.26344102 0.05291093 0.96322337
-0.00388309 0.05871277 0.99826737
0.13326151 0.02305018 -0.99081283
-0.44280034 0.00253320 0.89661666
-0.96812001 0.04437787 0.24652433
-0.10151522 0.04106348 0.99398614
-0.20599615 0.00281736 -0.97854875
-0.95243247 0.01769282 -0.30423568
