0.00000000 0.00000000 0.00000000
-0.05937766 -0.09302240 2.46421896
-0.00395221 -0.10339630 2.26292906
-0.02497360 -0.08488993 2.33935959
-0.19957679 -0.01346331 2.97072178
-0.04775584 -0.08926253 2.35976625
0.03540589 -0.15546280 2.46388902
-0.05886481 -0.08126924 2.44535065
-0.05975587 -0.17963081 2.31234289
-0.06910294 -0.11412406 2.46729384
-0.06040364 -0.09374352 2.17300827
-0.04490135 -0.17275936 2.35141883
-0.05465152 -0.08106353 2.26835758
-0.06525272 -0.09441471 2.31316290
-0.11168954 -0.16480285 2.51803086
-0.08860180 -0.16618768 2.47351293
-0.01002091 -0.11464776 2.33716610
-0.03856008 -0.17544369 2.38183627
-0.02013787 -0.10959966 2.38694111
0.02334022 -0.19300154 2.53911135
-0.03949092 -0.07945904 2.28210529
-0.00993254 -0.07479146 2.37472706
-0.00479718 -0.07184581 2.34895424
0.01131961 -0.05004352 2.51417785
-0.03354372 -0.02743691 2.65303863
0.03176644 -0.08962196 2.03151717
-0.00219324 -0.07316948 2.68424711
-0.02393183 -0.12706148 2.29103778
-0.04075372 -0.11634876 2.37934297
-0.00995987 -0.07756463 2.34283093
-0.00374535 -0.06388049 2.55309823
-0.04452940 -0.15577426 2.27403984
-0.01738088 -0.08947666 2.32314393
-0.02730004 -0.09907518 2.39263140
-0.06167143 -0.08620046 2.14243236
-0.01629361 -0.09247760 2.31330769
-0.02780731 -0.08845431 2.38032855
0.03825662 -0.05835398 2.54024538
-0.09512856 -0.08270958 2.18300837
-0.04671207 -0.06989027 2.31693848
-0.00963797 -0.09521470 2.40237582
0.00506581 -0.15854129 2.22697986
-0.00353972 -0.16504913 2.31119355
-0.05834889 -0.18991407 2.12719195
-0.03983481 -0.11182434 2.20124944
0.01567472 -0.06661182 2.19037444
-0.02306000 -0.12526940 2.28361886
-0.02843137 -0.11678238 2.26757016
-0.03192181 -0.10555976 2.46011184
-0.02957035 -0.00759618 2.48982039
0.01413761 -0.06835423 2.33326014
-0.04631606 -0.21804612 2.10170874
0.01421872 -0.05665873 2.39715626
-0.00310784 -0.10355266 2.18499637
-0.01421624 -0.13312652 2.26789976
0.00340356 -0.16860989 2.25064178
0.02257328 -0.05202561 2.32409336
-0.01883312 -0.06848919 2.18491358
-0.00291670 -0.08652485 2.24411334
0.00640813 -0.11421999 2.22731874
-0.01631231 -0.11826636 2.25226840
-0.01589953 0.00006605 2.40199483
0.00586804 -0.07129339 2.19076483
-0.01463564 -0.11343549 2.27391556
-0.01783448 -0.06875525 2.26266348
0.00454910 -0.10344011 2.19743816
-0.00121138 -0.04433393 2.17683598
-0.00849138 -0.04125473 2.23815806
-0.01505279 -0.08190372 2.26747083
-0.01291591 -0.06406086 2.21700768
-0.02865507 -0.08184946 2.22165943
-0.06811611 -0.05117101 2.33144743
-0.04671294 -0.02391592 2.27751972
-0.02830510 -0.03585710 2.29508893
-0.04183754 -0.03647938 2.24465476
-0.03396363 -0.03455177 2.18569014
-0.04952983 -0.02602932 2.30414450
-0.02916494 -0.03249455 2.16837569
-0.02349990 -0.02760965 2.24381909
-0.03146271 -0.02840851 2.21692094
-0.02199871 -0.02418539 2.24436902
-0.04344331 -0.03332494 2.23733196
-0.01755912 -0.02294283 2.25817600
-0.01895642 -0.03167708 2.19052122
-0.00643579 -0.02958858 2.18755087
-0.01259718 -0.01219462 2.21014965
-0.00955468 -0.02858545 2.21411571
-0.00667306 -0.02499378 2.23893897
-0.00555486 -0.03113896 2.19343763
-0.00446141 -0.02131855 2.23322256
-0.04418889 -0.03602392 2.17984529
-0.02590972 -0.02697923 2.17040587
-0.01925977 -0.03063363 2.16546230
-0.01560357 -0.03342862 2.16957871
-0.00262190 -0.03909327 2.14967011
-0.01173011 -0.03639630 2.18331078
-0.00599785 -0.03268157 2.18538678
-0.01983691 -0.04131088 2.15127997
-0.01905183 -0.04218565 2.13528225
-0.02010602 -0.03434390 2.17460371
-0.03097397 -0.03883736 2.18383927
-0.01248498 -0.03551473 2.22055357
-0.02394421 -0.04174989 2.14440110
-0.00785339 -0.03538521 2.15735866
0.00745410 -0.04012511 2.17090815
0.00865263 -0.03337976 2.24934920
0.00182294 -0.03161008 2.19469060
-0.00455797 -0.02762542 2.17925788
0.00078535 -0.02810187 2.18938823
-0.01502107 -0.03990851 2.15384161
-0.01416581 -0.05187895 2.15372564
-0.04765576 -0.05609534 2.17234988
-0.00991831 -0.03386690 2.13389503
-0.01685098 -0.03688977 2.15300325
-0.00263646 -0.03276680 2.19036355
0.00048181 -0.02208150 2.20458422
0.02493554 -0.02338100 2.22234480
0.01396767 -0.04133471 2.22292782
-0.00128405 -0.03953077 2.16398848
0.03643830 -0.02738948 2.16943839
0.01633129 -0.04478469 2.17328012
-0.00337392 -0.03575571 2.19663282
-0.05135889 -0.04298024 2.22831193
-0.00897969 -0.03082303 2.16892675
-0.02108156 -0.03433574 2.10871615
-0.00939221 -0.03446978 2.14933374
-0.04275366 -0.03753767 2.14526987
-0.01209161 -0.03053882 2.09123339
-0.02162132 -0.03117985 2.12084146
-0.01513041 -0.03122436 2.10882886
-0.01342154 -0.03069618 2.09134477
-0.01483475 -0.03907571 2.08774590
-0.00649942 -0.03636093 2.09911998
-0.01145663 -0.03256214 2.07645696
-0.01752337 -0.03182647 2.07426606
-0.02821295 -0.03385569 2.05809139
-0.02182428 -0.03138040 2.07289836
-0.01744058 -0.03484052 2.07293758
-0.01794973 -0.03686627 2.05762338
-0.03702766 -0.03311141 2.04669337
0.03122557 -0.04622525 2.05022033
-0.00014618 -0.03500913 2.04613753
-0.03118289 -0.03614108 2.00659389
-0.00602317 -0.04400793 2.07311830
-0.00537429 -0.03806282 2.06855420
-0.00777267 -0.02829459 2.05878972
-0.01470967 -0.02972333 2.07092133
-0.01934040 -0.05669337 2.07336093
-0.00570191 -0.03454411 2.06012001
-0.01625695 -0.02883897 2.08729257
-0.00898489 -0.03669241 2.08246985
-0.01370461 -0.04184708 2.07532905
0.00431255 -0.01212391 2.09296468
-0.02820375 -0.03238657 2.06678396
-0.00792617 -0.01802090 2.07094282
-0.02839750 -0.03968372 2.07056286
0.00064046 -0.03200471 2.09377281
-0.02639999 -0.00927461 2.06593041
-0.02124076 -0.01597317 2.06487892
0.00528962 -0.03071334 2.05150989
0.00535416 -0.03703971 2.07052797
-0.00510498 -0.03945159 2.05732925
0.00321102 -0.04095386 2.04286378
0.00402945 -0.02215011 2.04194124
-0.00458735 -0.02998024 2.09995467
-0.00909603 -0.04071097 2.09625721
-0.00347701 -0.03533400 2.08034691
0.00745983 -0.03834169 2.07383920
-0.00587434 -0.03625710 2.08644085
-0.00669119 -0.04162143 2.04275472
-0.01647464 -0.03904349 2.05635852
-0.00594112 -0.03364180 2.07665873
-0.00405852 -0.03900579 2.07424900
-0.00267070 -0.02830942 2.06909438
-0.00305915 -0.03413229 2.07063401
-0.00695037 -0.03435585 2.07162540
-0.00588519 -0.04291073 2.06490835
-0.01987879 -0.03177413 2.04963788
0.03342590 -0.03644149 2.05054106
0.00385896 -0.02409073 2.06605216
0.04728418 0.01021506 2.06767943
0.01558218 -0.04292166 2.07371019
0.03254219 -0.03907669 2.08875402
-0.01292746 -0.03967160 2.05937927
-0.01226635 -0.03984038 2.06194461
-0.01188337 -0.03859388 2.03512163
-0.01391877 -0.03918051 2.07216858
-0.00796658 -0.03264069 2.06939184
-0.00229051 -0.03334337 2.05871882
-0.00648429 -0.02935020 2.06183415
-0.00504954 -0.04032917 2.06434686
-0.00090543 -0.04061618 2.05262681
-0.01444720 -0.03845015 2.03964534
-0.00718083 -0.03294765 2.04695983
-0.02033024 -0.06117229 2.01297003
-0.01244214 -0.02650202 2.06453461
0.00465409 -0.03373687 2.04245651
-0.01872673 -0.04233852 2.05141113
-0.00725895 -0.02524483 2.05459988
-0.01440465 -0.03720494 2.02627681
-0.04669870 -0.05006128 1.99389841
-0.04117166 -0.04844357 1.96615854
-0.02189888 -0.03568200 2.01026822
-0.00959295 -0.03035615 2.04313204
-0.01070510 -0.04292516 2.03934702
-0.00154789 -0.03915641 2.04507008
-0.01119419 -0.03115821 2.02458030
0.00034347 -0.03951686 2.04414702
0.01601456 -0.03618971 2.04023496
-0.02046007 -0.02722425 2.01479611
-0.01068326 -0.04490439 2.01229567
-0.00939013 -0.03331382 2.03773600
-0.00628038 -0.04035127 2.02572965
-0.00402944 -0.03202323 2.04585645
-0.00229686 -0.03843939 2.03531021
-0.02901187 -0.04990293 1.99749953
-0.03170547 -0.02691067 2.03031946
-0.01389451 -0.03462898 2.05099151
-0.02542891 -0.04779006 2.06708658
-0.01448404 -0.03005537 2.01245225
-0.03846729 -0.05437307 2.11359452
-0.03670089 -0.03731322 2.05975971
-0.01591362 -0.01942466 2.05097679
-0.00891307 -0.03598168 2.01166124
-0.01087766 -0.03210327 2.04777388
-0.01974434 -0.03159873 2.07377079
-0.01346185 -0.03700631 2.03605952
-0.00864882 -0.03291880 2.03766059
-0.00283088 -0.02803579 2.05934381
-0.02093499 -0.03363841 2.03202860
-0.01096017 -0.02483536 2.04326631
-0.00727474 -0.03035472 2.06084529
-0.01231177 -0.02910786 2.04912474
0.02701320 -0.04882254 1.98687295
0.01107773 -0.03265988 2.04798658
-0.00278219 -0.02440932 2.07669212
-0.00856835 -0.03424437 2.06384475
-0.01944949 -0.03497936 2.06776996
-0.00578434 -0.02429681 2.07266870
-0.00116980 -0.02648277 2.05608485
-0.00232757 -0.03555200 2.07878438
-0.00799578 -0.03111530 2.06791511
-0.02491755 -0.03794041 2.07387404
-0.02483928 -0.04010960 2.07218292
-0.01170355 -0.02890001 2.07635007
-0.00915896 -0.03634803 2.08397218
-0.01633875 -0.03832967 2.07193639
-0.00565975 -0.03500964 2.06393315
-0.01757933 -0.03948576 2.08192854
-0.01384601 -0.03066846 2.07260398
-0.02242258 -0.03214533 2.07924440
-0.00806121 -0.03257870 2.09364692
-0.00358509 -0.03129703 2.08829520
-0.00908293 -0.04231397 2.09640189
-0.00590207 -0.03819470 2.09243886
-0.02772582 -0.04555951 2.11272328
-0.00159890 -0.03175821 2.07294557
-0.02048049 -0.03755435 2.11631602
-0.00580257 -0.02742446 2.10075429
-0.00793017 -0.03447582 2.11068943
-0.00848116 -0.03134739 2.11387052
-0.02369090 -0.04239575 2.11802298
-0.01104865 -0.03522923 2.11943252
0.00620887 -0.01837243 2.10612805
-0.00974877 -0.03196721 2.08431157
-0.01367847 -0.03494969 2.07969294
-0.00374404 -0.04059593 2.08916461
-0.02124562 -0.03367336 2.08198777
-0.02014983 -0.03122191 2.08864509
0.00392564 -0.02104226 2.11816210
0.00784687 -0.01655378 2.12784463
0.00278030 -0.03442793 2.12763930
-0.00454805 -0.02958226 2.11039372
-0.00629815 -0.03582881 2.12210233
0.05190669 -0.04395771 2.05391335
0.00760299 -0.03775470 2.11536425
-0.01500512 -0.04240837 2.13919162
-0.00430060 -0.03744649 2.11200339
-0.00541232 -0.03042733 2.12986330
-0.02102227 -0.03823694 2.15499813
-0.00900258 -0.03709668 2.13735865
-0.01796188 -0.04150983 2.15359391
-0.02302627 -0.02669168 2.15632617
-0.02900971 -0.03613986 2.15666604
-0.02110162 -0.03398243 2.12529882
-0.01019743 -0.02366466 2.14205049
-0.00542702 -0.02658808 2.13796626
-0.01236357 -0.02219516 2.13806963
-0.02737930 -0.03965292 2.13317107
-0.02344761 -0.03868110 2.18828896
-0.01842136 -0.03382670 2.15034823
-0.00252953 -0.03673478 2.13529338
-0.00528734 -0.02995083 2.13535063
0.01005705 -0.01325334 2.15475303
-0.00991615 -0.02351575 2.14199429
-0.00984691 -0.02835354 2.16905355
-0.01290088 -0.02870520 2.15927748
0.01855354 -0.03233830 2.16982296
-0.01091984 -0.03760387 2.16195078
-0.00822689 -0.04001561 2.15667680
0.00687626 -0.01516761 2.19330172
-0.02493730 -0.04158788 2.11324143
-0.01229428 -0.02748311 2.20139182
-0.01198360 -0.02728399 2.18617850
-0.00235033 -0.03669550 2.16407722
-0.01042167 -0.03265332 2.18598270
-0.02598487 -0.03093138 2.19917166
-0.03581509 -0.02851905 2.14506599
-0.00492907 -0.03091589 2.19772003
-0.00084540 -0.02691706 2.20093787
-0.00035107 -0.02733954 2.21386656
0.00638306 -0.02679256 2.22007010
0.00258314 -0.03347132 2.21459163
0.02317358 -0.03723826 2.22126047
-0.01138330 -0.04484335 2.21417813
-0.01862328 -0.04029738 2.19879753
-0.01914486 -0.03447030 2.15687543
-0.01714491 -0.03045070 2.19065143
-0.00464026 -0.03839086 2.19349372
-0.01698656 -0.04049936 2.17977161
-0.01730502 -0.04538446 2.16050445
-0.00925889 -0.03846728 2.18269638
-0.00505846 -0.03806604 2.17964115
-0.00065959 -0.03221386 2.18383663
-0.00097437 -0.03252906 2.17715194
-0.02892884 -0.03605084 2.15129052
-0.01545593 -0.03732313 2.16764864
0.00037832 -0.03396552 2.18408624
0.02888605 -0.02990211 2.14347114
-0.02045679 -0.03534633 2.14957029
-0.01029689 -0.03856909 2.16320222
-0.00519501 -0.03470983 2.14689601
-0.00308991 -0.03846620 2.16606378
0.00279995 -0.04209095 2.15502677
-0.02115114 -0.03455924 2.15061268
-0.00354685 -0.02896352 2.10423876
-0.01217680 -0.03965260 2.14164327
-0.01155227 -0.04233297 2.14165953
-0.00943854 -0.03907161 2.11847734
-0.00767201 -0.03536293 2.13272031
-0.00891211 -0.04043822 2.12748418
-0.01110784 -0.03540328 2.10612765
-0.00366911 -0.02903787 2.11476665
0.00047241 -0.03577993 2.11758624
-0.01061920 -0.02781070 2.10209996
-0.00586695 -0.03764153 2.11876228
0.00510385 -0.03564440 2.11470953
0.01064352 -0.03148467 2.12865865
0.01530591 -0.03253044 2.11809380
-0.00612061 -0.04038604 2.14254102
0.00039081 -0.03562102 2.12392920
-0.00800203 -0.03105444 2.14537975
-0.01680016 -0.03068933 2.13466488
-0.02550698 -0.03773216 2.11736382
-0.00722441 -0.03117259 2.11786678
-0.00698811 -0.03133272 2.13197511
0.00589679 -0.02658499 2.16481575
0.00237874 -0.03007030 2.13649062
-0.02669919 -0.03075910 2.11248424
-0.00516286 -0.03293108 2.13187412
0.00644621 -0.03454373 2.16654061
-0.00463490 -0.02726487 2.12409074
-0.01623359 -0.03501176 2.12211870
-0.01380988 -0.03338340 2.10524234
-0.01116558 -0.03203660 2.12442455
-0.02170060 -0.04010247 2.10603216
-0.01736976 -0.04151504 2.13181513
-0.00555381 -0.04013433 2.13061968
-0.00868939 -0.03342116 2.13822815
-0.01634034 -0.03126198 2.11809600
-0.01132395 -0.03177110 2.12954590
-0.00403441 -0.03765338 2.15417433
-0.01750494 -0.03285556 2.12571203
-0.01760375 -0.03535614 2.12056811
-0.01112191 -0.03748237 2.13381035
-0.02834552 -0.03889101 2.08725929
-0.01622570 -0.03147257 2.11314600
-0.02419961 -0.03455816 2.12832585
-0.01486250 -0.03276031 2.13133993
-0.01496525 -0.03167182 2.13293845
-0.00427841 -0.03944901 2.12813465
-0.01619960 -0.03772984 2.14377111
-0.02000275 -0.03349861 2.11574392
-0.01581055 -0.03616464 2.14457075
-0.02087423 -0.03845322 2.11515931
-0.01932654 -0.03564571 2.12245473
0.00462453 -0.03700990 2.14538670
-0.03726172 -0.02787215 2.09420765
-0.01404094 -0.03578939 2.11770451
-0.03550918 -0.02564812 2.10340309
-0.02389990 -0.02723472 2.12586706
-0.02131948 -0.02487356 2.12382549
-0.00817071 -0.02994312 2.13347973
-0.01968843 -0.04199591 2.11203275
-0.02274010 -0.03769974 2.11094686
-0.00328751 -0.03311295 2.15140116
-0.00534287 -0.02963933 2.14648680
-0.00529349 -0.03817941 2.12301593
-0.01197303 -0.03672691 2.12577159
-0.00586926 -0.03523091 2.14940467
-0.01246020 -0.03774889 2.13335137
-0.01922660 -0.03786199 2.11456750
-0.01160675 -0.03641827 2.11189652
-0.01632104 -0.03234233 2.10789836
-0.01622214 -0.03432710 2.13675201
-0.01512441 -0.03145996 2.12438324
-0.02659321 -0.03598705 2.12205452
-0.01705169 -0.02933539 2.11309504
-0.01501686 -0.03048187 2.13797854
-0.01231090 -0.03403324 2.14221008
-0.01650282 -0.02739948 2.11665669
-0.03762131 -0.02247627 2.09189365
-0.00461658 -0.03507139 2.13427655
0.00388209 -0.02653994 2.11919584
-0.00738982 -0.03563726 2.13553185
-0.01637491 -0.04444013 2.11607487
-0.01678728 -0.03456194 2.12429028
-0.01379827 -0.03385197 2.12680288
-0.00554589 -0.03870942 2.10759236
-0.01337336 -0.03254254 2.12585962
-0.01886036 -0.01223313 2.20933468
-0.00891493 -0.03233854 2.13258422
0.00804818 -0.03054751 2.19321014
-0.02280309 -0.02070189 2.18286427
-0.00037146 -0.01486028 2.18429880
-0.01356560 -0.03462926 2.13637827
-0.01585038 -0.02413093 2.14116777
-0.00453282 -0.03353817 2.13230490
-0.01075176 -0.02895539 2.12368180
-0.01816167 -0.02838812 2.16161566
-0.02004421 -0.03524250 2.09263768
-0.01341361 -0.02781919 2.12575919
-0.01264300 -0.03709518 2.11254855
-0.01175785 -0.03574849 2.09633151
-0.00036385 -0.03378911 2.11211240
-0.01019783 -0.03430117 2.19506192
-0.01377847 -0.03080207 2.11432903
0.00376653 -0.01289831 2.17177393
-0.00940786 -0.02979670 2.12367668
-0.00306716 -0.02896936 2.09722095
-0.00477314 -0.03452229 2.13897301
-0.00699969 -0.03207128 2.11563729
-0.01554661 -0.03474810 2.13674346
-0.00247453 -0.03103472 2.13407276
0.00059522 -0.02964589 2.15677449
-0.00858682 -0.02980791 2.15714763
0.00004690 -0.02516694 2.16780504
-0.00435930 -0.03571589 2.13932994
0.00023083 -0.03515907 2.13919617
-0.00428204 -0.03600103 2.15280539
-0.01257341 -0.02938085 2.12968230
-0.01387428 -0.03732792 2.14230192
0.01235423 -0.02569633 2.17390366
-0.00863629 -0.03178175 2.13097371
-0.00693268 -0.03786086 2.14245619
-0.00066453 -0.03772319 2.17060638
0.01793849 -0.03752626 2.17523853
-0.01821673 -0.03648785 2.15492173
-0.00748410 -0.04833679 2.13917356
-0.01239635 -0.03208580 2.16240093
-0.01282346 -0.03245878 2.16582981
-0.00990842 -0.02934011 2.18220833
0.00437752 -0.03066071 2.13424309
0.01778384 -0.04015008 2.12925488
0.03038441 -0.03192009 2.13351003
0.01861580 -0.04074569 2.09014275
-0.01404572 -0.03800600 2.10302625
-0.01133702 -0.03024036 2.21115433
0.00303391 -0.03510711 2.09839062
-0.03922076 -0.03313739 2.25151132
-0.02612342 -0.02370285 2.21281770
0.00516353 -0.04033321 2.18838224
0.00286786 -0.03970038 2.13868188
-0.00058539 -0.03316860 2.18091794
-0.00627052 -0.03023978 2.15160006
-0.03624669 -0.03846088 2.23534448
-0.04030644 -0.03015492 2.22444856
-0.00633470 -0.02832183 2.17324592
-0.03284540 -0.03930489 2.25809811
-0.00355050 -0.02224913 2.21798234
0.03831061 -0.03122399 2.17051767
-0.02366251 -0.05466988 2.21700936
-0.02081393 -0.03267591 2.22477383
-0.01096034 -0.02332989 2.21725324
-0.02175291 -0.04668651 2.23635552
0.01318767 -0.05237461 2.20991345
-0.01994537 -0.03656090 2.20399666
-0.00677024 -0.04114519 2.21350176
-0.01170074 -0.03803098 2.19005697
-0.00534953 -0.04775395 2.21652934
0.00414298 -0.03199843 2.24246777
-0.00340584 -0.04637582 2.22448855
-0.01328779 -0.04027353 2.24678865
-0.01204211 -0.02725327 2.26565581
-0.01280700 -0.02729779 2.23708552
-0.02795840 -0.03282734 2.28591326
-0.02320314 -0.02413475 2.25576886
-0.04049793 -0.03868399 2.33131528
-0.02790311 -0.03112815 2.28804979
-0.03420453 -0.02990265 2.28182804
-0.04886015 -0.03174674 2.31698545
-0.09553142 -0.04097316 2.33909406
-0.03233139 -0.03137356 2.29229791
-0.12888027 -0.04105034 2.39354384
-0.01667249 -0.03891088 2.28604011
-0.03078338 -0.03357320 2.28310126
-0.04028785 -0.04004831 2.30739363
-0.04849896 -0.05120924 2.29603976
-0.02953277 -0.04447322 2.30498540
-0.04313178 -0.02907452 2.33173102
-0.03650453 -0.04643714 2.30059272
-0.01784935 -0.05312347 2.32313851
-0.02132699 -0.04314632 2.26804744
-0.02623146 -0.04883134 2.28556932
-0.01903024 -0.04961722 2.30758985
-0.05904198 -0.04530696 2.36786314
-0.02230496 -0.04417343 2.30302270
-0.01369018 -0.03810372 2.26638393
-0.03901084 -0.01557080 2.37472244
-0.04540991 -0.02915627 2.37259570
-0.03988348 -0.05836522 2.36789852
-0.00573034 -0.04131624 2.29431677
-0.02696190 -0.04091020 2.33626201
-0.02794794 -0.05631080 2.33975556
-0.05982938 -0.05848878 2.38905460
-0.02375067 -0.04982036 2.33276470
-0.01941758 -0.04029174 2.35451960
-0.02789436 -0.05689417 2.37819664
-0.04091870 -0.05950947 2.34961653
-0.04445592 -0.05189174 2.39600390
-0.05229369 -0.05335255 2.42859917
-0.03750935 -0.05652259 2.40322393
-0.02570559 -0.05579961 2.38499246
-0.02067997 -0.04376545 2.34883936
-0.02946072 -0.01302368 2.41764461
-0.02882485 -0.04560388 2.40792173
-0.01816932 -0.03836416 2.40019377
0.00008133 -0.04437450 2.34836774
0.00603342 -0.04647714 2.31747704
-0.01354922 -0.05352730 2.34530204
-0.00252443 -0.04391493 2.35578042
-0.12547471 0.10871144 2.64795199
-0.05524379 0.09834588 2.46441948
-0.05892490 -0.05979022 2.43788428
-0.06959731 -0.05077500 2.44314520
-0.08892640 -0.03587052 2.52290175
-0.12197880 -0.05204789 2.57869298
-0.11383690 -0.05281182 2.59300911
-0.10344648 -0.02647402 2.55095117
-0.00394545 -0.06289334 2.22715779
-0.10354612 0.10348894 2.63492098
-0.05895254 -0.03144053 2.51773562
-0.06357682 0.02586086 2.44774957
-0.01861375 -0.03737718 2.30241241
-0.03565892 -0.02942863 2.38031489
-0.11112404 -0.04231372 2.54176456
-0.04123924 0.02047949 2.44965696
-0.00681665 0.01045766 2.33230673
-0.03059258 0.01630631 2.44537590
-0.00941793 -0.02199975 2.40940114
-0.03000135 -0.05927553 2.26489845
-0.00399746 -0.05102206 2.28030656
-0.02016262 -0.03404432 2.37977686
-0.01891186 -0.02793244 2.35728242
-0.04322299 -0.04447479 2.39536569
-0.01451804 -0.03746446 2.32252776
-0.03968737 -0.05839609 2.37400541
-0.02843878 -0.07571702 2.28179392
-0.04165913 0.01389992 2.41027918
-0.04371045 0.02701894 2.38151850
-0.03706017 -0.02250821 2.36635663
-0.03759471 -0.08113711 2.35611631
0.00795147 -0.00590830 2.26489793
-0.08521748 -0.07178388 2.44134407
-0.06923665 -0.08004569 2.38557689
-0.03519277 -0.00982519 2.32242181
-0.07078428 -0.05882885 2.37762909
0.01399903 -0.03025997 2.27481241
0.01605307 -0.05364970 2.30470993
0.00285290 -0.04527587 2.33536220
0.00484485 -0.06024033 2.24080632
0.01146467 -0.05159607 2.30633706
0.02236882 -0.00968337 2.39718105
0.01918275 -0.01914823 2.36026204
0.01295226 -0.02517421 2.33406753
-0.00391568 -0.03120029 2.30744790
0.01504228 -0.03215586 2.32444133
-0.01199802 -0.04499358 2.24559855
0.00140707 -0.03905750 2.27929013
0.01938685 -0.01159303 2.38735115
0.02151428 -0.03333185 2.31763875
0.00234935 -0.03360694 2.27380589
-0.00871332 -0.03737971 2.26865589
0.00542591 -0.03558991 2.28711884
0.01352431 -0.04198026 2.29914917
-0.00200326 -0.01605781 2.31454706
0.00435072 -0.04433074 2.27749821
0.01170264 -0.02425951 2.32119224
0.02183140 0.02457599 2.41390800
0.00572534 -0.04198269 2.29428960
-0.01429623 -0.03025076 2.27608012
0.02431127 -0.04146849 2.28599727
0.00628705 -0.02361464 2.32909448
0.00375099 -0.02383781 2.31910067
-0.01567545 -0.02841520 2.25125966
0.02376053 -0.02251799 2.33266420
-0.01175269 -0.02163232 2.26432099
0.02624236 -0.03787879 2.31396845
0.04419256 -0.03142469 2.28544989
-0.01216668 -0.04110498 2.24683213
0.01008229 -0.00602930 2.28219350
-0.01228674 -0.03929123 2.17201366
-0.00069723 -0.02865486 2.20775435
-0.00315193 -0.03177152 2.28665070
0.00091308 -0.02937739 2.24488830
-0.01994823 -0.04176897 2.24998327
-0.00042466 -0.03357958 2.26016140
0.12353878 -0.00384362 2.49969796
0.00308233 -0.03168167 2.24455407
0.00639220 -0.02750999 2.25414151
-0.01928014 -0.04045222 2.17614321
0.00995392 -0.02845411 2.23152243
-0.00001900 -0.03739574 2.19187326
-0.02556482 -0.03877574 2.17811275
-0.01397515 -0.04872743 2.16197739
-0.02112530 -0.05513037 2.17275602
0.01230231 -0.02446211 2.22772113
0.03121840 -0.02050240 2.22480092
0.00017932 -0.02930178 2.16126173
-0.04139631 -0.04046371 2.17085308
-0.01257710 -0.04586013 2.19508144
0.03590791 -0.04475576 2.26495124
-0.00740454 -0.03018937 2.24722861
0.00090308 -0.01691643 2.19174408
0.00683092 -0.07191295 2.19891401
-0.00475510 -0.02543578 2.17047179
-0.01219312 -0.03643499 2.17837402
0.14721927 0.13131759 2.54005701
0.46706682 0.30113228 2.57919334
-0.00769148 -0.04506351 2.11770502
-0.02651593 -0.02684249 2.20170798
-0.01468508 -0.03119543 2.14194625
-0.00487785 -0.04331325 2.12124145
0.01620025 -0.03229772 2.17180450
-0.01761727 -0.03675838 2.11683382
-0.00846715 -0.04318027 2.13128585
0.44906636 -0.15477160 2.70861361
-0.01898457 -0.04283536 2.18542632
-0.01214044 -0.00456556 2.23184198
0.00396528 -0.00413708 2.20585993
0.02677797 -0.01471738 2.30376235
-0.03053811 -0.04408344 2.04527676
-0.05032448 -0.05128649 1.99478535
0.03943557 -0.00489692 2.26802972
0.01223087 -0.03107586 2.15147881
-0.06382413 -0.06288971 1.90748453
-0.00320916 -0.03525087 2.28795332
0.00032195 -0.02942112 2.27886140
-0.01266965 -0.02446033 2.14183418
-0.01512136 -0.02447852 2.35823093
-0.00173526 -0.01061005 2.27771609
0.00059413 -0.02192780 2.13391696
0.00609902 -0.02500347 2.15617821
-0.03060605 -0.03154515 2.17166932
-0.03699485 -0.02300864 2.15192970
0.00811494 -0.04482989 2.11314882
-0.00666354 -0.03643704 2.04401176
-0.00656599 -0.11531380 1.98165021
-0.01791215 -0.04502500 1.99755331
-0.00671496 -0.04184397 2.02177392
-0.00450117 -0.02424017 2.08121769
0.00173428 -0.02547008 2.11104374
-0.00115112 0.01143671 2.08699216
-0.02361442 -0.03834683 2.04876277
-0.01651057 -0.03719343 2.00817057
-0.01114170 -0.02958279 2.08117419
-0.01902977 -0.04629153 2.08813461
-0.03417942 -0.02681107 1.95362245
0.03841170 -0.05013944 2.15385688
-0.01973825 -0.03749021 2.02482213
-0.01130880 -0.04328574 2.03049016
-0.02537046 -0.03275518 2.01692782
-0.00346961 -0.02789205 2.05760762
0.00428212 -0.02407995 2.10029412
0.02165775 -0.01920737 2.18551245
-0.01895077 -0.03012578 2.04813156
0.04217347 -0.04006123 2.18008160
0.00066381 -0.01856111 2.09195071
-0.00852356 -0.02564052 2.05517402
-0.02015322 -0.02139020 2.05913651
-0.05626005 -0.03999374 2.12690637
0.00400282 -0.04468060 2.02047238
0.01707611 -0.02062883 2.07267093
0.03701339 -0.00047829 1.99678269
-0.00422171 -0.04941077 2.25195744
0.00813971 -0.02085244 2.08199206
0.37836289 -0.12376427 1.35248041
-0.00744343 -0.04234165 2.09257735
0.36785344 -0.27897238 2.22577410
-0.01012403 -0.03486913 2.08728320
0.46622759 -0.21547809 1.65852990
0.37852827 -0.19415911 1.76072297
0.36869280 -0.03593119 1.50230792
0.01241601 -0.02961069 2.13884835
0.53764778 -0.18940685 2.39258040
0.31105952 -0.10961378 2.19562956
0.05225508 -0.02793372 2.12222910
0.16507165 -0.05017713 2.23865443
0.00146761 -0.03174938 2.07733967
0.02326804 -0.03106538 2.10369731
0.01015616 -0.03782585 2.03797226
-0.04116557 -0.03897017 2.01607885
0.00549449 -0.03751958 2.09917806
-0.00025142 -0.03803609 2.03432317
0.01411482 -0.04382425 2.08466251
-0.00982519 -0.04593917 2.05957387
-0.00800545 -0.04622714 2.13360116
-0.04504313 -0.04720428 2.08308014
-0.02924374 -0.03352919 2.14557848
0.00578583 -0.04363180 2.06710477
0.01111887 -0.04639811 2.09796916
0.01085312 -0.04661480 1.96391590
0.01788483 -0.05340148 2.02094289
0.02266662 -0.07462809 1.97423979
-0.03169661 -0.05955050 2.12545013
0.00597215 -0.06253534 2.08404256
-0.00316931 -0.06716582 2.14951461
-0.00227685 -0.04446136 2.11058613
0.03594261 -0.05250433 2.01272211
-0.01274416 -0.07368726 1.88532583
-0.14574507 -0.02446916 2.42744265
-0.02164888 -0.05367515 2.09436193
-0.03240316 -0.05186362 2.08051914
-0.01047601 -0.05128482 1.88419247
-0.05639013 -0.04661512 2.10358598
-0.03873867 -0.06774576 2.09921804
-0.40078561 -0.10477736 2.54610625
-0.01699350 -0.04898400 2.03464304
0.00510991 -0.05947311 2.03983681
0.06518136 -0.04984019 1.93286331
-0.03980500 -0.03088854 2.04981545
-0.12277569 -0.16689319 2.10232664
-0.02458848 -0.04513096 2.04418857
-0.02248896 -0.03837971 2.10386620
-0.01243272 -0.03209046 2.09441553
-0.02683650 -0.04434264 1.99573519
-0.03628951 -0.01527544 2.06852895
-0.21745453 -0.18657505 2.24331745
-0.23999260 -0.17500057 2.25187696
-0.03497507 -0.04029840 2.07880979
-0.02686868 -0.03829540 2.02847619
-0.06406214 -0.04909637 2.13092918
-0.01571943 -0.05054464 2.01775147
-0.03260800 -0.02835593 2.14619955
-0.01489984 -0.05016585 2.04726182
-0.02265581 -0.04643904 2.04200095
-0.00711327 -0.04298125 2.03658313
-0.00993669 -0.04629262 2.05627958
0.01184828 -0.05177677 2.01564152
-0.01463493 -0.04696968 2.03000842
0.02196797 -0.05391912 1.97102371
0.05645382 -0.05942575 1.92902000
-0.03668519 -0.05273913 2.09349877
-0.04380001 -0.03909120 2.13152008
-0.05104327 -0.04274226 2.02243132
-0.02787620 -0.02814119 2.05111775
-0.02843637 -0.04184225 2.08746060
-0.02337768 -0.07509444 2.06242819
-0.03587695 -0.04991680 2.07325315
-0.05711248 -0.05273508 2.13048109
-0.04896197 -0.04602813 2.12287559
-0.13142201 -0.08537983 2.29523647
-0.03386882 -0.04945684 2.16593755
-0.02720340 -0.03585480 2.07093514
0.01678637 -0.03700543 2.06274488
-0.21365676 -0.10599379 2.29673199
-0.11230633 -0.05121102 2.27799428
-0.11388293 -0.00917881 2.29578942
-0.06810888 -0.07153075 2.19703729
-0.11776724 -0.06671093 2.25781927
0.14498545 -0.04439589 1.82417400
-0.01625183 -0.05050156 2.07344379
-0.05731527 -0.04287013 2.14500702
-0.12595694 -0.06444755 2.27203006
-0.03611772 -0.04454613 2.10716046
-0.00884811 -0.04747789 2.05077261
-0.05380301 -0.03879141 2.19297085
-0.02000599 -0.04340063 2.09127334
-0.05776536 -0.03528150 2.17194718
-0.04844071 -0.05184425 2.14056439
-0.08016532 -0.03404695 2.20174034
-0.06188033 -0.05009571 2.17178802
-0.02709466 -0.04650752 2.09401910
-0.01884048 -0.04214392 2.08094908
-0.03771416 -0.03972566 2.15557692
-0.02273788 -0.04317660 2.09557328
-0.03746035 -0.04169787 2.12430226
-0.01318542 -0.04158928 2.06487061
-0.02889356 -0.04107687 2.12080267
-0.04436061 -0.04292700 2.14117937
-0.04977331 -0.04672979 2.16180622
-0.07628211 -0.04954286 2.17152636
-0.04539094 -0.04080876 2.17936143
-0.03210477 -0.04543729 2.13032773
-0.02287673 -0.04552461 2.10998728
-0.01028947 -0.04305418 2.08428369
-0.05671029 -0.04605931 2.15534240
-0.08409991 -0.05317583 2.19694548
-0.04232709 -0.03786053 2.14256169
-0.03829642 -0.05027862 2.16347243
-0.03367991 -0.03665732 2.11578215
-0.03184514 -0.04458961 2.12221499
-0.06292956 -0.04412289 2.19417962
-0.01101696 -0.03770619 2.05343362
-0.02997948 -0.03350302 2.07561444
-0.03849591 -0.04540327 2.16825449
-0.06404663 -0.04081031 2.17421899
0.04055266 -0.04482382 1.98104441
-0.00699183 -0.03971273 2.08537418
-0.03061810 -0.03469927 2.14517871
-0.02720795 -0.02885436 2.14071757
0.03001909 -0.04128080 2.03082665
-0.00885508 -0.03948742 2.10883165
-0.03460524 -0.04275979 2.12843108
-0.05546968 -0.05008715 2.10243678
-0.00978750 -0.03841002 2.06944548
0.01832374 -0.04684845 2.02746913
-0.00191509 -0.03990943 2.05238072
-0.00371016 -0.03097370 2.09337427
-0.02688707 -0.03719274 2.13170275
-0.01610850 -0.02981241 2.11335939
-0.12657686 -0.04083694 2.29500731
-0.03555557 -0.03968902 2.11743114
-0.01596499 -0.04046853 2.07057940
0.03197339 -0.05567562 2.00173765
-0.00785241 -0.03641756 2.06574632
-0.05710565 -0.04055936 2.10804103
-0.04469738 -0.03902405 2.10587107
-0.16429742 -0.06459498 2.28195143
-0.01979625 -0.02965927 2.06047142
-0.00147562 -0.03083547 2.02731431
-0.01088997 -0.02707807 2.07392139
-0.00948452 -0.03982295 2.06935679
-0.01531435 -0.03792766 2.06490135
-0.04618136 -0.04249236 2.11464119
-0.02569778 -0.03268898 2.08572232
-0.04543576 -0.03709075 2.10625163
-0.03279777 -0.03877209 2.11149079
-0.09639249 -0.04585991 2.18415940
-0.06152414 -0.03338067 2.11770575
-0.05164118 -0.03993785 2.10106808
-0.03655575 -0.03152160 2.06460250
-0.06575841 -0.03563120 2.16433721
-0.04442154 -0.04307312 2.08961093
-0.06491530 -0.04477593 2.09433809
-0.08205257 -0.04417382 2.14815109
-0.15383498 -0.05076962 2.32547858
-0.02265966 -0.04287816 2.05347287
-0.07680322 -0.04753329 2.12928596
-0.13708263 -0.05961616 2.23696653
-0.17820011 -0.07535949 2.31597521
-0.05856442 -0.04618825 2.08027404
-0.04635436 -0.04988494 2.08425021
-0.07268200 -0.04516563 2.11919433
-0.05761641 -0.04185563 2.11979830
-0.20416752 -0.07038333 2.38284504
-0.15566063 -0.06254864 2.27457384
-0.09604234 -0.05723968 2.17652904
-0.01032529 -0.02451223 2.02215204
-0.01551696 -0.03524675 2.01979920
-0.02726594 -0.04368284 2.03808326
-0.02729663 -0.03376655 2.05561897
-0.01745828 -0.03033560 2.03305692
-0.02669451 -0.03703915 2.04814541
-0.01899226 -0.03596306 2.01609625
-0.03688062 -0.03880172 2.02677220
-0.04806510 -0.04480943 2.06033483
-0.02112446 -0.03305039 2.01266676
-0.05263503 -0.04851280 2.06916715
-0.06224601 -0.05098349 2.08586362
-0.02166163 -0.03529213 2.04799038
-0.03646729 -0.03951607 2.03009984
-0.03016194 -0.04517887 2.04953237
-0.04901772 -0.03115388 2.05714657
-0.06143347 -0.02733699 2.10817053
-0.08872560 -0.04608793 2.11979791
-0.04184927 -0.02472751 2.07306856
-0.08288904 -0.04405075 2.08865804
-0.03123443 -0.03979530 2.01304454
-0.03312609 -0.03203368 2.01650031
-0.11896812 -0.04996240 2.11306867
-0.02263216 -0.02996296 2.01345432
-0.00666937 -0.04118639 1.95426714
-0.00679330 -0.03610707 1.94623368
-0.01201285 -0.03685166 1.96955948
-0.01137857 -0.03679056 1.95109169
-0.00555650 -0.02991056 1.96043873
-0.01187860 -0.03385921 1.96991594
-0.01849832 -0.03826824 1.97203257
-0.00798836 -0.03925929 1.98470530
-0.00027630 -0.02603962 1.98389354
0.00400826 -0.03199908 1.97670010
0.00618201 -0.03085631 1.96847343
-0.00155089 -0.03219586 1.96939578
-0.00164254 -0.03638276 1.96465983
0.00115480 -0.02905132 1.94243682
0.00258281 -0.03535164 1.93923694
0.00930645 -0.04035534 1.95023224
0.00972287 -0.04131133 1.93215084
0.01429466 -0.04134959 1.92366419
0.03798709 -0.03514758 1.95388253
-0.03478131 -0.03059753 1.91100393
-0.05092581 -0.03864211 1.97549279
-0.03920884 -0.03683894 1.92768925
-0.15196997 -0.04618235 2.06377159
-0.17036675 -0.07907274 2.04517315
-0.02155350 -0.03875262 1.90285204
-0.02241024 -0.03630248 1.92695833
-0.02372516 -0.06223772 1.91207460
-0.06621815 -0.04147875 1.96346904
-0.03033969 -0.04776386 1.92683921
-0.04860230 -0.04147850 1.94574162
-0.07419966 -0.04193422 1.94934843
0.01890437 -0.04932264 1.87847058
0.02826961 -0.03974528 1.85473954
0.02309037 -0.03803800 1.79838917
0.00922226 -0.03725365 1.77804286
0.01353508 -0.03674698 1.77187166
-0.00537319 -0.03280987 1.76815455
0.01893036 -0.03412642 1.76150108
0.02724646 -0.02801718 1.75703956
0.00465275 -0.03462575 1.75315554
0.00643040 -0.03613832 1.73811822
-0.00757662 -0.03402337 1.71640474
0.00729581 -0.01046842 1.68978426
0.04362682 -0.01521242 1.63022481
0.05765136 -0.01110841 1.65651674
0.04552732 -0.01219891 1.66521098
0.02818047 -0.02117064 1.63200697
-0.02782324 -0.01632843 1.61128570
0.02432287 -0.01368944 1.61110570
-0.00327341 -0.01661981 1.58180393
-0.00832243 -0.03396100 1.57776092
-0.04915884 -0.02242675 1.59842871
-0.00213448 -0.03123166 1.54108359
0.14310228 -0.03271239 1.53632730
0.16929258 -0.05491008 1.51416510
0.02276794 -0.02999883 1.54472608
0.00893178 -0.03164007 1.52914125
0.04276833 -0.00564532 1.52081393
0.03456013 -0.02742668 1.46195934
0.01972352 -0.02117504 1.46927158
0.00262764 -0.02769170 1.42491138
0.12875760 -0.03756147 1.44661906
0.03007263 -0.02125133 1.41978920
0.04772602 -0.01962493 1.41900231
0.03123095 -0.02727070 1.39221657
0.01609438 -0.01694351 1.35314762
0.05791654 -0.01611556 1.35492713
0.01846802 -0.02292531 1.33707370
0.01055012 -0.03539108 1.30359787
0.00730151 -0.02695549 1.29891942
0.02032963 -0.02154019 1.30238066
-0.00316261 -0.03253131 1.27637763
0.01074417 -0.03903557 1.26242587
-0.00226651 -0.02693639 1.23559823
-0.00848149 -0.02569068 1.23680054
-0.00098590 -0.02638813 1.20655233
-0.00022711 -0.02876347 1.18746186
-0.00582983 -0.03021795 1.16487112
-0.01043770 -0.02899535 1.15018678
-0.00716408 -0.02385392 1.14936973
-0.01354089 -0.02266403 1.14338875
-0.00897877 -0.02295378 1.11804530
-0.00848006 -0.02191271 1.10318850
-0.01024350 -0.02329803 1.08437822
-0.01334650 -0.02217517 1.06987277
-0.00977891 -0.02546944 1.03561973
-0.02037207 -0.02185690 1.04573705
-0.01236114 -0.02182659 1.00049122
-0.00565468 -0.02296307 0.97156415
-0.01361463 -0.02513656 0.96063348
-0.00386340 -0.02359207 0.93346886
-0.00761799 -0.02209378 0.91176365
-0.00694353 -0.02141951 0.89477107
-0.00345837 -0.01825353 0.89034170
-0.00439022 -0.02083884 0.85916017
-0.00527540 -0.02010608 0.83951453
-0.00093033 -0.01746361 0.82436642
0.00279683 -0.01359393 0.81290664
-0.00586642 -0.01795371 0.79451426
-0.00563461 -0.01717229 0.77828735
-0.00162072 -0.01563490 0.77380072
-0.00373280 -0.01607206 0.74469206
-0.00174864 -0.01523260 0.72469585
-0.00387249 -0.01550232 0.70877678
-0.00803873 -0.01294613 0.67804812
-0.01004879 -0.01426663 0.65239571
-0.00683384 -0.00796204 0.61877337
-0.00773274 -0.01534913 0.57044996
-0.00805533 -0.01458916 0.52332479
-0.00830493 -0.01535112 0.48096679
-0.00864690 -0.01270081 0.43971786
-0.00612501 -0.01063387 0.39553412
-0.00196831 -0.00930745 0.34465418
-0.00094317 -0.00694713 0.29573255
-0.00214978 -0.00566871 0.25824342
-0.00085460 -0.00617629 0.21595670
-0.00012455 -0.00275274 0.17858775
0.00090014 -0.00059099 0.14645435
-0.00136487 -0.00162280 0.10567607
-0.00051741 0.00088871 0.06750008
-0.00241396 -0.00097289 0.04238139
-0.00019461 -0.00136057 0.01675031
-0.00000519 0.00074095 -0.00120931
0.00000000 0.00000000 0.00000000
0.00000000 0.00000000 0.00000000
-0.00042676 -0.00397418 -0.00159028
-0.00077753 0.00054943 -0.00182782
-0.00005481 0.00051432 0.00005164
0.00000000 0.00000000 0.00000000
0.00000000 0.00000000 0.00000000
-0.00021814 -0.00001931 0.00047943
-0.00021797 -0.00087003 0.00153630
-0.00031641 -0.00053129 0.00224325
0.00019348 0.00183787 0.00109790
-0.00018162 0.00141972 -0.00129755
-0.00032609 0.00081143 0.00016470
-0.00048410 0.00014741 0.00159291
-0.00049262 0.00117522 -0.00038317
-0.00022628 -0.00013376 -0.00023445
0.00000000 0.00000000 0.00000000
0.00000000 0.00000000 0.00000000
0.00015584 -0.00021455 -0.00075298
-0.00047792 -0.00077123 0.00106199
-0.00021622 -0.00073845 0.00043225
-0.00011272 -0.00045898 0.00019027
-0.00019935 0.00057075 0.00156874
-0.00081887 -0.00041956 0.00068483
-0.00036879 -0.00047980 0.00046258
0.00013681 0.00118834 0.00146846
-0.00021217 -0.00005566 0.00022612
-0.00050398 0.00093203 0.00047190
-0.00003046 0.00003992 0.00006534
0.00000000 0.00000000 0.00000000
0.00000000 0.00000000 0.00000000
0.00000000 0.00000000 0.00000000
0.00000000 0.00000000 0.00000000
0.00000000 0.00000000 0.00000000
0.00000000 0.00000000 0.00000000
0.00000000 0.00000000 0.00000000
0.00000000 0.00000000 0.00000000
0.00000000 0.00000000 0.00000000
0.00000000 0.00000000 0.00000000
0.00000000 0.00000000 0.00000000
0.00000000 0.00000000 0.00000000
0.00000000 0.00000000 0.00000000
0.00000000 0.00000000 0.00000000
0.00000000 0.00000000 0.00000000
0.00000000 0.00000000 0.00000000
