-0.07813308 -0.04099961 0.99609952
0.00446090 -0.00848344 0.99995406
-0.02872126 -0.04480873 0.99858263
0.06870692 -0.01866520 0.99746226
0.02947985 -0.02470778 0.99925996
-0.02349076 -0.00820727 0.99969036
0.00392205 -0.01556407 0.99987118
-0.02226013 0.01459186 0.99964572
0.06620259 0.04413476 0.99682964
-0.04004370 -0.00260848 0.99919452
-0.01141943 -0.02222651 0.99968774
0.00027825 -0.03031762 0.99954028
0.00765102 0.00334519 0.99996514
-0.02340811 -0.00345270 0.99972003
-0.01246571 -0.00700743 0.99989775
-0.02797012 0.01364370 0.99951564
-0.03713255 -0.00090286 0.99930994
-0.00860290 -0.00777079 0.99993280
-0.03571397 -0.00987300 0.99931328
-0.01208131 0.00172990 0.99992552
0.00581267 -0.00274774 0.99997933
-0.05152182 -0.00732945 0.99864497
-0.00771431 -0.02811980 0.99957479
-0.03853399 -0.03351613 0.99869505
-0.05872398 -0.01957920 0.99808224
-0.02409574 -0.00348689 0.99970357
0.01366420 -0.02719701 0.99953670
-0.00680550 -0.01845360 0.99980656
0.08990991 0.00271461 0.99594620
-0.03410951 -0.01317492 0.99933126
0.00244713 -0.00753547 0.99996861
0.00077253 0.00076911 0.99999941
0.80247572 0.57971263 0.14130101
0.01939347 -0.01731557 0.99966198
-0.03399252 -0.03184489 0.99891462
-0.06695148 0.00710668 0.99773092
-0.01002150 0.00876841 0.99991134
0.05548565 -0.00778422 0.99842914
0.07597157 -0.00089970 0.99710958
-0.01499988 -0.00082788 0.99988715
0.04634567 -0.00984960 0.99887690
-0.01172618 0.03465154 0.99933066
0.00851265 0.00590702 0.99994632
0.02282987 0.01029803 0.99968632
-0.00723031 -0.01572376 0.99985023
0.00767272 -0.01276047 0.99988914
-0.00245735 -0.00597670 0.99997912
0.02364870 0.00743733 0.99969267
0.02236959 0.01038198 0.99969586
-0.00516963 -0.00704300 0.99996183
-0.01188611 0.00146949 0.99992828
0.00182602 -0.00851762 0.99996206
-0.02109594 0.00095542 0.99977700
-0.04222504 -0.00948369 0.99906311
0.01162322 -0.01125634 0.99986909
0.00608414 -0.00062236 0.99998130
0.02947748 -0.02175546 0.99932866
-0.00653904 0.00586920 0.99996140
-0.04392997 -0.00793442 0.99900310
-0.01532117 -0.00979034 0.99983469
0.00327337 0.01636848 0.99986067
-0.03305056 0.00422352 0.99944476
-0.00384704 -0.01405293 0.99989385
-0.01873235 -0.01671258 0.99968484
-0.03322470 -0.01924095 0.99926268
0.01685657 -0.01571949 0.99973434
-0.01391684 -0.00539727 0.99988859
0.00182376 -0.00311438 0.99999349
-0.02070975 -0.00492850 0.99977338
-0.01245316 -0.01396257 0.99982497
-0.01338911 -0.00724691 0.99988410
-0.02512365 0.00163797 0.99968301
-0.00473320 -0.01706193 0.99984323
-0.01149178 0.00422577 0.99992504
0.01425913 -0.00056075 0.99989818
0.03086758 -0.02868826 0.99911169
0.02007643 0.00660661 0.99977662
-0.00349381 -0.01102596 0.99993311
-0.02416148 -0.00833870 0.99967329
-0.00321019 -0.01348105 0.99990397
0.00479979 -0.00023994 0.99998845
-0.01432730 -0.00997759 0.99984758
-0.00299135 -0.01479386 0.99988609
0.00691597 -0.00372776 0.99996914
-0.02041999 -0.00655500 0.99977000
-0.03201313 0.01665759 0.99934863
0.04160233 0.00139137 0.99913328
-0.01303836 -0.02483858 0.99960645
0.01396066 -0.01222552 0.99982780
0.00010786 -0.01699316 0.99985560
-0.02358149 0.00706970 0.99969692
0.00233227 -0.01098713 0.99993692
-0.02106928 -0.02756427 0.99939797
-0.01353789 -0.00346698 0.99990235
-0.00919420 -0.02460189 0.99965505
0.01271773 0.00212656 0.99991687
-0.03682602 0.00624240 0.99930219
-0.03104090 0.00476760 0.99950674
-0.04324634 -0.02106924 0.99884225
-0.01170975 -0.01263816 0.99985157
-0.00305749 -0.03075336 0.99952233
-0.02676888 -0.00341609 0.99963581
-0.00119626 -0.01556371 0.99987816
0.10839921 -0.04354239 0.99315340
0.02223377 -0.03203350 0.99923947
0.01365851 -0.02657082 0.99955362
0.01132984 -0.01406487 0.99983689
-0.00235878 -0.01523342 0.99988118
0.00771768 -0.01896157 0.99979043
-0.06194814 -0.00115645 0.99807870
-0.00770184 -0.00545946 0.99995544
-0.00611572 -0.01786030 0.99982179
0.01396400 -0.00351830 0.99989631
-0.00087069 -0.00330564 0.99999416
-0.01235765 -0.02193900 0.99968293
-0.01004634 -0.01687657 0.99980711
-0.00296953 -0.01370152 0.99990172
0.00090436 -0.02956954 0.99956232
0.00080999 -0.01389772 0.99990309
-0.01954257 0.00222033 0.99980656
0.02168554 -0.02009382 0.99956289
-0.05071331 -0.00598460 0.99869532
0.01955929 -0.00774940 0.99977867
0.03981704 -0.00804401 0.99917461
-0.02494452 -0.01472168 0.99958043
-0.02916459 -0.00100013 0.99957412
0.00850599 0.00675344 0.99994102
-0.04784633 -0.02878676 0.99843981
-0.02052099 -0.00654206 0.99976802
-0.02490497 -0.00606903 0.99967140
-0.00397113 -0.03051065 0.99952655
-0.00504311 -0.01436651 0.99988408
0.01809956 -0.02623898 0.99949183
0.01035370 -0.01082324 0.99988782
0.01952926 -0.02413078 0.99951804
0.01561903 -0.01048112 0.99982308
-0.00404735 -0.00960081 0.99994572
0.00552941 -0.00744358 0.99995701
-0.02787256 -0.03057658 0.99914373
0.00926575 -0.00543963 0.99994228
-0.00935677 -0.01794029 0.99979528
-0.02024187 -0.01378428 0.99970009
-0.00736768 -0.01934967 0.99978563
-0.00267422 -0.02757941 0.99961604
0.02182936 -0.01715033 0.99961460
-0.04271327 -0.02322519 0.99881738
0.00763753 0.00388505 0.99996329
-0.01513183 -0.01374082 0.99979109
0.00987839 -0.02185573 0.99971233
-0.03260573 -0.01109792 0.99940668
-0.01419365 -0.01301388 0.99981457
0.01033588 -0.02603452 0.99960761
-0.03208174 -0.02679532 0.99912600
0.03018982 -0.15821741 0.98694267
-0.05282490 -0.02969415 0.99816221
-0.02097612 0.00513655 0.99976678
-0.03426765 0.04908354 0.99820666
0.03043574 -0.01130255 0.99947282
0.05314197 -0.01809219 0.99842306
0.10327172 -0.06937294 0.99223099
-0.02170139 -0.09081432 0.99563136
0.07984654 0.04694866 0.99570094
0.11096011 -0.02288317 0.99356138
0.02821600 0.07335304 0.99690681
-0.37731430 -0.05580803 0.92440218
-0.52623380 -0.08879253 0.84569136
-0.28162158 -0.01423797 0.95941991
-0.43308563 -0.09290062 0.89655246
0.12613433 -0.00459020 0.99200255
0.07958624 0.02177021 0.99659023
0.21139227 -0.03444369 0.97679422
0.15613874 -0.04036914 0.98690984
0.35782099 0.03015573 0.93330315
0.13933100 -0.04814536 0.98907477
0.20772815 -0.00690800 0.97816220
0.14247758 0.01895732 0.98961647
0.15087268 -0.00202543 0.98855113
0.16403785 -0.02240538 0.98619957
0.18060737 -0.03662941 0.98287296
0.24978899 -0.02555961 0.96796289
0.17115253 -0.00066270 0.98524432
0.16655387 -0.00741829 0.98600445
0.05201362 0.00902311 0.99860561
0.11695453 0.03540715 0.99250591
0.08273253 -0.01334597 0.99648242
0.17390347 -0.00983018 0.98471364
0.13088127 -0.02665402 0.99103968
0.05362848 -0.03498715 0.99794784
0.05938700 -0.00810005 0.99820217
0.06916866 -0.00078991 0.99760467
0.08061957 -0.01775395 0.99658682
-0.01740928 -0.01250453 0.99977025
0.01283561 0.00223980 0.99991511
0.02271629 -0.01906708 0.99956011
0.04341864 0.00533105 0.99904274
0.03092331 0.01465389 0.99941433
0.01201158 0.00476915 0.99991649
-0.02750978 -0.01018722 0.99956962
-0.02808769 -0.00573621 0.99958900
-0.03469450 -0.00287119 0.99939384
-0.02247427 -0.00791101 0.99971612
-0.00400347 -0.00088776 0.99999159
-0.02157939 -0.00358547 0.99976071
-0.00344438 0.00051461 0.99999394
-0.03273762 0.00277505 0.99946013
-0.04260807 -0.01832307 0.99892383
-0.02465337 -0.01071057 0.99963868
-0.00611164 -0.00605194 0.99996301
0.01691392 0.01556959 0.99973572
-0.01262875 -0.01313336 0.99983400
-0.03348530 -0.02616185 0.99909674
0.04483276 0.00973813 0.99894704
0.01925792 -0.00994523 0.99976508
0.02216529 -0.01549058 0.99963430
0.00547303 -0.00910480 0.99994357
-0.02030817 -0.01275136 0.99971245
0.06698292 -0.00046778 0.99775401
0.00986228 -0.00904206 0.99991048
-0.01122680 -0.00356626 0.99993062
-0.00574632 -0.01867703 0.99980906
-0.00812029 -0.00806161 0.99993453
0.04987682 -0.01117846 0.99869282
-0.01078882 -0.00675025 0.99991901
0.00161190 -0.01043655 0.99994424
-0.02845783 -0.02617941 0.99925212
-0.00756998 -0.00871362 0.99993338
-0.00213014 -0.01483021 0.99988776
0.05978390 -0.01759973 0.99805618
-0.04030793 -0.02106636 0.99896520
-0.00735622 -0.01735017 0.99982241
-0.01584229 -0.04567037 0.99883094
0.04881412 -0.00775082 0.99877781
-0.01283876 -0.02170961 0.99968188
0.00570676 -0.02278822 0.99972403
-0.00970999 -0.00014191 0.99995285
-0.02221473 -0.04070177 0.99892436
-0.04600459 -0.01293578 0.99885747
0.02824498 -0.02023346 0.99939623
0.01689328 -0.02397751 0.99956976
0.03221023 -0.01694799 0.99933741
-0.00258265 -0.01347198 0.99990591
-0.00558284 -0.01166434 0.99991638
-0.02909343 -0.00274749 0.99957292
0.02190562 -0.00006922 0.99976004
-0.01654343 -0.00733747 0.99983622
-0.02685996 -0.01617791 0.99950829
-0.00443959 -0.01545196 0.99987076
0.00626751 -0.02332257 0.99970835
-0.01349758 -0.00978263 0.99986105
0.01259929 -0.01520157 0.99980507
0.04429876 -0.01442323 0.99891421
-0.07248415 -0.01065796 0.99731262
-0.01907044 -0.03169842 0.99931553
-0.00492274 -0.01705013 0.99984252
-0.01746643 0.00085034 0.99984709
0.06024355 -0.01359430 0.99809113
0.00644339 -0.03408321 0.99939823
0.00274502 -0.01156112 0.99992940
-0.06515127 -0.03193296 0.99736433
0.11689910 -0.00538621 0.99312919
-0.03254308 -0.00468294 0.99945936
-0.02250697 -0.02400280 0.99945850
-0.01452900 0.00292663 0.99989017
-0.00083369 -0.00708154 0.99997458
-0.02186905 -0.01001962 0.99971063
0.05203766 -0.02460692 0.99834192
-0.04025504 -0.03588088 0.99854499
-0.00999406 0.00035867 0.99994999
0.05504873 0.00014685 0.99848366
-0.09054105 -0.00648418 0.99587162
-0.04331825 0.00703080 0.99903658
0.00404821 0.01356835 0.99989975
-0.02084443 -0.01122479 0.99971972
-0.10960531 -0.02862398 0.99356295
-0.02004662 -0.01979872 0.99960299
-0.00603919 0.00753338 0.99995339
0.03455146 -0.00094254 0.99940248
-0.04141052 0.00306240 0.99913752
-0.03562933 -0.00535691 0.99935072
0.08872156 -0.02513863 0.99573919
0.03453332 -0.00453356 0.99939326
-0.08843846 0.02302358 0.99581552
-0.01457717 0.00230148 0.99989110
-0.03711769 -0.03492815 0.99870031
-0.22822314 -0.08899474 0.96953295
-0.32834250 -0.08174454 0.94101490
0.03502948 -0.02737151 0.99901138
-0.11899781 -0.02276413 0.99263353
-0.07480969 0.02665677 0.99684147
0.25114384 -0.06358454 0.96585909
-0.00863530 0.01022516 0.99991043
0.06878591 0.02071394 0.99741638
-0.15353685 -0.00436002 0.98813330
-0.14914351 -0.03301446 0.98826427
0.16047974 -0.03016447 0.98657811
-0.05392007 0.02569080 0.99821471
0.30856058 0.08202765 0.94766124
-0.10009297 -0.10170450 0.98976643
0.07671243 0.15119763 0.98552244
-0.28484787 -0.02781379 0.95816913
-0.40805108 -0.16782820 0.89740070
0.01786040 0.02015942 0.99963724
0.33342857 -0.06418112 0.94058821
-0.19287375 -0.02341493 0.98094417
-0.08840224 -0.03837168 0.99534550
-0.00213662 0.02386674 0.99971287
-0.06911303 -0.18084058 0.98108107
0.12282676 -0.19291310 0.97349788
0.02600839 -0.03004440 0.99921014
-0.30848885 -0.11824547 0.94384990
0.20361435 -0.05998790 0.97721167
0.03545718 0.06032867 0.99754862
0.09124445 0.04308606 0.99489600
0.20200283 -0.02423631 0.97908501
-0.47066058 0.20093322 0.85913006
0.24830430 -0.18201069 0.95142897
0.29717049 -0.05869658 0.95301858
0.12254592 -0.03848606 0.99171635
0.10668918 -0.09240525 0.98998924
-0.79407197 -0.10130422 0.59932225
0.22722430 -0.11891936 0.96655435
0.18183490 0.11921764 0.97607542
0.18743967 0.11981695 0.97494116
0.17333545 0.06539838 0.98268910
0.17235580 0.04860614 0.98383480
0.16359580 -0.03540800 0.98589182
0.13075339 0.01452022 0.99130859
0.05112812 -0.00118155 0.99869140
0.08196300 -0.05377042 0.99518381
0.01406370 -0.00683533 0.99987774
0.03546785 0.00849623 0.99933470
0.07048203 0.00379980 0.99750581
0.04156772 0.06219971 0.99719773
0.11536850 -0.02767441 0.99293718
0.01487807 0.02761950 0.99950778
0.01375683 -0.00549870 0.99989025
0.06840659 0.01299878 0.99757284
0.02614508 0.00430137 0.99964890
0.04198450 -0.06263727 0.99715288
-0.04820348 0.01140074 0.99877247
0.05972462 -0.00828770 0.99818049
0.04281595 0.00005555 0.99908298
-0.06530077 0.00944156 0.99782096
0.02129644 -0.04764657 0.99863720
0.00983583 0.00691465 0.99992772
-0.05800747 0.00666886 0.99829387
-0.03154714 -0.02368276 0.99922165
-0.01800948 0.00806445 0.99980529
-0.00888295 -0.02465791 0.99965648
-0.00874292 -0.01574642 0.99983779
-0.01183091 -0.01199270 0.99985809
-0.03630386 -0.03041784 0.99887776
-0.02222092 -0.01943933 0.99956408
0.00868939 -0.02552884 0.99963632
-0.00267347 -0.00598659 0.99997851
0.00722511 -0.00175654 0.99997236
-0.03361976 0.05467040 0.99793830
-0.01411922 -0.01457583 0.99979408
0.00512339 -0.04488341 0.99897909
-0.00385515 -0.01711628 0.99984607
0.00328515 -0.01316144 0.99990799
0.00944572 -0.02763040 0.99957358
0.00831455 0.00920797 0.99992304
0.12746240 0.01695843 0.99169842
0.02798399 -0.01008741 0.99955747
0.02181478 -0.00785806 0.99973115
0.01139760 -0.05726817 0.99829377
0.10196346 -0.00511516 0.99477499
0.08013866 -0.00590366 0.99676624
0.10664269 0.01563778 0.99417443
0.08974106 -0.01539159 0.99584619
0.09289877 -0.01263378 0.99559540
0.07410344 -0.00747432 0.99722255
0.19429094 -0.05149673 0.97959130
0.13592823 -0.01387069 0.99062158
0.19633942 -0.02592016 0.98019334
0.21890570 0.00092870 0.97574558
0.18293565 -0.00637359 0.98310423
0.18889981 -0.01147403 0.98192933
0.23024925 -0.02519583 0.97280545
0.19922118 -0.06131847 0.97803423
0.19615807 -0.00597386 0.98055409
0.25748799 0.00297413 0.96627692
0.20933340 -0.00476721 0.97783271
0.16450011 0.00976193 0.98632876
0.16329207 -0.02667794 0.98621701
0.14419780 -0.00623623 0.98952923
0.12517314 -0.02251692 0.99187936
0.13840226 0.02973657 0.98992957
0.11423977 0.01712233 0.99330564
0.13252161 -0.03029966 0.99071689
0.10531087 0.00296714 0.99443492
0.07176853 -0.01442139 0.99731705
0.08842598 -0.01308276 0.99599683
0.08865215 -0.00185948 0.99606091
0.07540263 -0.01514760 0.99703811
0.09030411 0.00758845 0.99588533
0.06345596 -0.02198634 0.99774242
0.12886337 0.03772447 0.99094455
0.04609898 -0.00991158 0.99888770
-0.01434932 -0.01974786 0.99970202
0.07876272 -0.02532083 0.99657177
-0.04376446 0.01174610 0.99897282
-0.09506424 -0.06722620 0.99319858
-0.18410744 -0.03745690 0.98219216
0.02824325 -0.01650945 0.99946474
0.05005120 0.01369941 0.99865269
-0.01195944 -0.01272399 0.99984752
0.00644838 -0.00511484 0.99996613
0.00108940 -0.00599379 0.99998144
-0.01899438 0.00226211 0.99981703
0.02081521 0.00569808 0.99976710
0.08831676 0.03014958 0.99563605
0.02005360 -0.01729328 0.99964934
-0.00535569 -0.01667778 0.99984657
-0.06200715 0.00103023 0.99807517
0.02419477 -0.03376547 0.99913688
0.09874254 -0.03599268 0.99446188
0.12076134 -0.03526684 0.99205491
-0.04557642 0.00930966 0.99891747
0.01795785 -0.03215346 0.99932161
-0.01419404 -0.00094488 0.99989881
-0.11265384 0.06215328 0.99168850
-0.00927414 -0.03198413 0.99944535
-0.08021907 0.04308142 0.99584582
0.00902324 -0.00168175 0.99995788
-0.05010175 0.01754578 0.99858999
0.03894603 0.01210346 0.99916801
0.01535587 -0.02111051 0.99965921
0.05758287 -0.02007693 0.99813883
-0.08931104 -0.09591896 0.99137434
0.06349555 0.01102745 0.99792119
-0.03495211 0.01220342 0.99931448
-0.02670970 -0.01808933 0.99947955
0.01361782 0.00475498 0.99989597
0.11327698 -0.03298342 0.99301582
0.00980614 0.00352943 0.99994569
-0.06741128 0.00797167 0.99769343
0.00598197 0.01249877 0.99990399
-0.00360267 0.00314142 0.99998858
-0.05219925 -0.02316847 0.99836790
-0.04964415 -0.01881998 0.99858964
-0.07909303 -0.04042877 0.99604709
0.04730883 -0.04402575 0.99790962
0.04695176 0.03302744 0.99835100
-0.05066187 -0.02179989 0.99847791
-0.01403694 -0.03213556 0.99938495
-0.02916733 -0.01267934 0.99949412
-0.01206515 0.00063643 0.99992701
-0.00503068 -0.04693298 0.99888537
-0.00055173 -0.05434783 0.99852191
-0.02892521 0.00145797 0.99958052
-0.03469322 -0.00041187 0.99939792
-0.03247065 -0.01620257 0.99934135
0.01143293 0.01989494 0.99973671
-0.03450155 -0.03814585 0.99867639
-0.00374355 0.00654676 0.99997156
-0.00892154 -0.00899645 0.99991973
-0.00843604 -0.02202044 0.99972193
0.01694717 0.00696654 0.99983212
-0.01313369 0.00239999 0.99991087
-0.01110237 -0.01933185 0.99975148
-0.00781479 -0.02413411 0.99967819
-0.01955849 -0.00467487 0.99979779
-0.02349289 -0.00542113 0.99970931
0.00125488 -0.02924224 0.99957157
0.00079658 -0.01804153 0.99983692
-0.00462460 -0.01777026 0.99983140
-0.00356846 -0.00709223 0.99996848
-0.00512764 -0.00935831 0.99994306
0.00729632 -0.01039585 0.99991934
-0.01173598 -0.01921903 0.99974642
0.00981421 -0.00538815 0.99993732
-0.00646179 -0.00487321 0.99996725
0.04512663 -0.02137438 0.99875258
-0.01435496 -0.01731927 0.99974696
0.00853127 -0.01703552 0.99981849
-0.00190662 -0.01441695 0.99989425
0.00416078 -0.02532465 0.99967062
0.01016097 0.00298203 0.99994393
-0.01065876 -0.01442551 0.99983913
-0.02295530 -0.01486891 0.99962591
0.02721737 -0.01756471 0.99947521
0.01306195 -0.01122152 0.99985172
0.00631900 -0.00421417 0.99997116
0.01407778 -0.02229326 0.99965235
0.01095841 -0.02161524 0.99970630
-0.02838082 0.00144994 0.99959613
0.00478618 -0.01065067 0.99993183
-0.02755433 -0.01996004 0.99942101
0.02034379 -0.01145965 0.99972737
-0.00075088 -0.01572110 0.99987613
0.06614814 -0.00768978 0.99778018
-0.00431274 -0.02230557 0.99974190
0.01925323 -0.01078054 0.99975652
0.00120849 -0.04125176 0.99914805
0.00831910 -0.02288939 0.99970339
-0.00499597 -0.02638150 0.99963946
0.01750878 -0.02624665 0.99950215
0.04303229 -0.01763665 0.99891800
0.00677933 -0.01621633 0.99984552
-0.00802334 -0.02363171 0.99968854
-0.00977704 0.00405120 0.99994400
-0.01905269 -0.02253673 0.99956445
-0.00780403 0.00511380 0.99995647
-0.05650372 -0.00048611 0.99840227
-0.08365359 -0.02279499 0.99623414
-0.06752028 0.02247974 0.99746462
-0.20994770 -0.01448047 0.97760538
-0.18309166 0.01777464 0.98293515
-0.13528581 -0.02107810 0.99058239
-0.22526983 -0.04783064 0.97312164
-0.16934639 -0.04510675 0.98452383
-0.13444541 -0.00885578 0.99088143
-0.19094280 -0.00399393 0.98159304
-0.22637269 -0.00767905 0.97401049
-0.18266473 0.03757008 0.98245717
-0.27098848 -0.03946916 0.96177306
-0.22567314 0.01024444 0.97414921
-0.26278995 -0.01984050 0.96464905
-0.14568167 0.01841678 0.98916009
-0.20591293 -0.00266704 0.97856668
-0.21936602 0.00199475 0.97564060
-0.16928893 -0.00526349 0.98555241
-0.21735191 -0.00779078 0.97606222
-0.20376295 -0.03291400 0.97846683
-0.18935389 -0.02296445 0.98164033
-0.17509801 -0.00608941 0.98453218
-0.19412658 -0.03002231 0.98051697
-0.17782669 -0.02738571 0.98368069
-0.11818315 -0.01992977 0.99279179
-0.13689333 -0.00924776 0.99054263
-0.07804756 0.00539594 0.99693503
-0.08250954 -0.02912221 0.99616468
-0.00668744 0.01357014 0.99988556
-0.01408939 -0.03512313 0.99928367
-0.07233567 0.00626963 0.99736064
-0.01597035 -0.00623735 0.99985301
0.00815890 -0.01045654 0.99991204
-0.02262396 -0.00624018 0.99972457
-0.00587014 -0.00338760 0.99997703
-0.02898338 -0.01545397 0.99946042
0.00856514 -0.01102395 0.99990255
0.01739641 -0.01128127 0.99978503
0.00568074 -0.01232175 0.99990795
-0.03323248 -0.01821524 0.99928165
0.00911061 -0.00732946 0.99993164
-0.01093735 -0.01067554 0.99988320
-0.01638200 -0.01182392 0.99979589
-0.03744075 -0.00002759 0.99929885
-0.01713272 -0.03023351 0.99939602
0.00118899 -0.02763110 0.99961748
-0.00926882 -0.01067999 0.99990001
-0.02486606 0.00134515 0.99968989
-0.00510574 -0.01864594 0.99981311
0.00353003 -0.03548178 0.99936409
-0.02849902 -0.01491787 0.99948250
0.00219865 -0.03470416 0.99939521
0.00374705 -0.01682670 0.99985140
-0.03413648 -0.00328030 0.99941180
0.01230041 -0.03950655 0.99914360
-0.02122194 -0.02660064 0.99942085
0.01939100 -0.03465991 0.99921103
0.10277165 0.22727898 0.96839158
-0.09258069 0.05304117 0.99429143
0.00573386 0.01654673 0.99984665
0.09268086 0.07929359 0.99253352
-0.02649708 -0.00823376 0.99961498
-0.03551986 -0.01626669 0.99923658
0.00725114 -0.01529343 0.99985676
-0.02174346 -0.00445403 0.99975366
-0.05292086 0.00737832 0.99857145
-0.02171266 -0.00579111 0.99974748
-0.01762103 -0.01400964 0.99974658
-0.00213102 -0.01928297 0.99981180
0.00510398 -0.02480574 0.99967926
0.03340622 -0.03370921 0.99887322
-0.02955064 -0.03134825 0.99907159
0.00524081 -0.02226256 0.99973842
-0.04810812 -0.00310885 0.99883730
0.00295651 -0.02032723 0.99978901
0.00162803 -0.02215504 0.99975322
-0.04124215 -0.01211184 0.99907577
0.05415663 -0.02652773 0.99818001
-0.02252461 -0.00809699 0.99971350
0.00337518 -0.02544139 0.99967062
0.01408806 -0.04369952 0.99894538
-0.05742441 0.01260033 0.99827034
-0.09673553 0.00740294 0.99528259
-0.00612175 -0.01889844 0.99980267
0.00041678 -0.01408265 0.99990075
0.02143007 -0.01814797 0.99960562
0.04484080 -0.01457564 0.99888781
0.01756852 -0.02010588 0.99964349
0.01890174 -0.03374666 0.99925166
-0.02599815 -0.02485056 0.99935306
-0.04301419 -0.04900121 0.99787207
-0.00843583 0.00058897 0.99996424
0.02948649 0.00684473 0.99954174
0.03768720 0.01167703 0.99922136
0.07840735 0.01003239 0.99687092
0.00727592 -0.02391296 0.99968757
-0.03232768 -0.00720771 0.99945133
-0.05691582 0.00700366 0.99835441
-0.00543161 0.00658168 0.99996359
0.01329724 -0.00986050 0.99986297
-0.01413077 -0.00764762 0.99987091
0.01793184 0.01471331 0.99973095
0.01641622 -0.00698660 0.99984083
-0.01005046 -0.00830661 0.99991499
0.00012148 0.00260217 0.99999661
-0.01726374 0.00877659 0.99981245
-0.00912261 -0.00402668 0.99995028
-0.00775756 -0.00407208 0.99996162
0.02708818 -0.04148667 0.99877179
-0.00818602 -0.00865356 0.99992905
0.01524238 -0.02932479 0.99945371
0.00685357 -0.01813406 0.99981207
0.03059523 -0.01974333 0.99933685
-0.03318057 -0.02262692 0.99919321
0.03451032 -0.00915407 0.99936242
0.00792328 -0.04649534 0.99888708
0.02442970 -0.02993242 0.99925334
0.06079905 -0.04319519 0.99721495
0.04230979 -0.04138460 0.99824706
-0.01565118 -0.01387486 0.99978124
0.03809976 -0.00522694 0.99926027
-0.00814512 -0.00641855 0.99994623
0.01141520 -0.01088496 0.99987560
-0.03057294 -0.03522588 0.99891162
