0.00000000 0.00000000 0.00000000
-0.00001670 0.00569011 0.43355093
-0.00691202 0.00086184 0.43299134
-0.00276791 -0.00731240 0.43133234
-0.00130091 -0.00232175 0.42938858
0.00098813 0.00238511 0.42910636
-0.00379500 -0.00440950 0.42193720
-0.00753535 0.00485467 0.42280582
-0.00995344 -0.00576560 0.41477405
-0.00626543 0.00127477 0.41081509
-0.00035882 -0.00838641 0.40516764
-0.00649920 -0.00210816 0.39938834
-0.00769622 0.00100300 0.39279907
-0.00427297 -0.00064739 0.38261022
-0.00712940 -0.00184062 0.36882255
-0.00736352 -0.00394143 0.35802264
-0.00416494 -0.00379653 0.34717054
-0.00897802 -0.00441770 0.32841730
-0.00999487 -0.00649542 0.31261177
-0.01051376 -0.00497014 0.29577811
-0.01357264 -0.00395518 0.28109968
-0.00169787 -0.00206022 0.28196853
-0.00945641 -0.00552312 0.26599337
-0.00750902 -0.00470792 0.26188861
-0.00371499 -0.00101141 0.25826901
-0.00108952 -0.00090449 0.25545929
-0.00152309 -0.00215229 0.24924870
-0.00908153 -0.00301852 0.23873876
-0.00723512 0.00076687 0.24396818
-0.01323539 0.00159701 0.23878012
-0.01231383 0.00153521 0.24039505
-0.00029723 -0.00054355 0.24493552
0.01337196 -0.00305337 0.24998604
-0.00910761 -0.00514703 0.22763163
-0.00737276 -0.00257316 0.23377663
-0.01391068 -0.00188010 0.22867175
0.00311777 0.00002005 0.23744772
0.00322484 0.00178803 0.23750732
-0.00573562 -0.00094694 0.22955822
-0.00890592 -0.00107130 0.23686294
-0.01318663 0.00199689 0.24715017
-0.00373057 0.00651779 0.27185836
0.00093051 0.00657904 0.28941796
0.00258715 0.00102131 0.30902760
-0.00460246 -0.00269185 0.32212627
-0.00211361 0.00094729 0.34396846
0.00738353 0.00260456 0.36390252
0.00044321 0.00191877 0.36144090
-0.00093105 0.00096098 0.36982638
0.00159805 0.00370102 0.39053322
-0.00490971 -0.00249180 0.39655136
0.00073176 0.00520285 0.41601247
-0.00298023 -0.00263539 0.41914662
-0.00217183 -0.00360980 0.42260680
-0.00305288 0.00081962 0.43174753
-0.00312410 -0.00452672 0.44542201
-0.00410617 -0.00974552 0.45213930
-0.00888750 -0.00560423 0.46207227
-0.00658918 -0.00259639 0.47023820
-0.01231790 0.00108091 0.47972976
-0.00773555 0.00075423 0.48219133
-0.00102088 -0.00344853 0.48836214
0.00262974 -0.00123847 0.49435052
-0.00787273 -0.01158395 0.48558677
-0.01374913 -0.01188414 0.48660803
-0.00637613 -0.01010913 0.49112043
-0.00575892 -0.00406850 0.49568564
-0.00067194 -0.00361069 0.49693484
-0.00314049 -0.00353263 0.50008585
-0.00814996 -0.00768900 0.50549857
-0.00343095 -0.00670852 0.51111611
-0.00422093 -0.00836295 0.51484159
-0.00046823 -0.00988421 0.51471930
-0.00154727 -0.00978437 0.52181311
0.00269664 -0.00792780 0.52380933
0.00195643 -0.00592990 0.53424051
0.00244385 -0.00743740 0.53556305
-0.00008156 -0.00575030 0.53848024
0.00031500 -0.00637149 0.54026209
0.00128949 -0.00860215 0.53950141
0.00085219 -0.00716853 0.55023864
0.00290934 -0.00979260 0.55200538
0.00176095 -0.00714613 0.56113482
0.00468387 -0.00638365 0.56614883
0.00027938 -0.00915499 0.57012678
-0.00390024 -0.01041644 0.57311890
0.00026907 -0.00481387 0.58085184
0.00559767 -0.00332049 0.58524983
0.00034993 -0.00450758 0.59435134
-0.00485062 -0.00464378 0.59635275
0.00039791 -0.00389577 0.59800274
0.00809418 -0.00399555 0.59916895
0.00797074 -0.00292929 0.60164832
-0.00169359 -0.01373603 0.60378096
-0.00138726 -0.00504630 0.61178576
-0.00366228 -0.01032643 0.60856681
-0.00884538 -0.01016361 0.60176665
-0.00395069 -0.00519910 0.60775513
-0.00341208 -0.00752524 0.61325005
-0.00145234 -0.01076401 0.61087586
-0.00231100 -0.00363749 0.61372745
-0.00299299 -0.00441213 0.61238900
-0.00765597 -0.00980218 0.61505683
-0.00622671 -0.01049314 0.61374940
-0.00583146 -0.01481433 0.61451651
-0.00759799 -0.00876485 0.62051106
-0.00070564 -0.00972479 0.61277388
0.00348964 -0.00593718 0.62005607
-0.00010390 -0.01069202 0.61671202
-0.00966754 -0.00899861 0.61232963
-0.00736442 -0.00384779 0.61902564
-0.00408872 -0.00615722 0.62356123
-0.00161757 -0.01169753 0.62121329
-0.00537160 -0.01239964 0.62285862
-0.00191609 -0.01530428 0.62012499
-0.00183083 -0.01113438 0.61553436
-0.00025421 -0.01064119 0.61050790
-0.00576325 -0.00608356 0.61174549
-0.00034272 -0.00510568 0.61123911
0.00082429 -0.01248326 0.60843066
-0.00265483 -0.00992592 0.60637819
-0.00857855 -0.00421026 0.61302774
-0.00580248 -0.00876630 0.61154426
0.00011038 -0.00546215 0.61389106
0.00008815 -0.00613404 0.61843707
-0.00257850 -0.01104175 0.61211970
-0.00601980 -0.00543620 0.60818873
-0.00363394 -0.00626388 0.60830345
-0.00240258 -0.00444447 0.60931434
-0.00146209 0.00030955 0.61275888
-0.01302735 -0.01040799 0.59877040
-0.01516047 -0.01256041 0.58888380
-0.00909508 -0.01223690 0.58647860
-0.01357045 -0.00798587 0.58354676
-0.00424232 -0.00967343 0.58870382
-0.00641031 -0.00940452 0.59002956
-0.00934161 -0.00752002 0.58842763
-0.00449150 -0.00675564 0.58552591
-0.00103051 -0.00947472 0.58404045
-0.01408286 -0.00727790 0.58391375
-0.00578599 -0.01046197 0.57867838
-0.00789280 -0.01103147 0.57674899
-0.00959434 -0.00414245 0.57487544
-0.00064574 -0.00422845 0.57719067
0.00010046 -0.00187472 0.58633945
0.00170477 -0.00428638 0.56788481
0.00017096 -0.00615568 0.56176094
0.00639236 -0.00559403 0.56641115
-0.00257067 -0.00959180 0.55801360
-0.00174053 -0.00591286 0.54346805
-0.00327824 -0.00818021 0.52099157
-0.00448530 -0.01056681 0.53222598
-0.00557124 -0.01134517 0.51749160
-0.01801319 -0.01129082 0.50750017
-0.00491280 -0.01297893 0.49051716
-0.00346415 -0.01297574 0.46590803
0.02859406 -0.00314935 0.48064621
0.01288881 -0.00212318 0.46644334
0.01509212 -0.00203370 0.44632113
0.02636989 -0.00501205 0.43043568
0.02804872 -0.00243076 0.42461947
0.04269230 -0.00558724 0.41808324
0.04646466 -0.00274884 0.41681852
0.05327328 -0.00233564 0.40783884
0.06836410 -0.00876141 0.40931409
0.05757547 -0.02062072 0.37231020
0.09042787 -0.00283204 0.33557725
0.06882351 -0.00566046 0.33812626
0.10811086 0.02270733 0.32733893
0.14629702 0.02317611 0.31180254
0.07971531 -0.00167610 0.38911535
0.07442741 -0.00801370 0.35616256
0.06863329 -0.00520599 0.37170529
0.07057680 0.00419108 0.39650821
0.06423218 -0.00438629 0.38485062
0.06441070 0.00080280 0.40419958
0.07777898 -0.00442001 0.39472620
0.06226957 -0.00498712 0.38733742
0.06042103 -0.00324002 0.39737343
0.06581386 -0.00178768 0.40418938
0.07644022 -0.00327201 0.39618719
0.05125742 -0.00038953 0.42490053
0.07467798 -0.00716298 0.40944003
0.05276607 0.00998549 0.43011565
0.06110575 0.00494686 0.43476226
0.05098235 0.00166363 0.43478782
0.03734960 -0.00144904 0.44129919
0.05334610 0.00553127 0.46520513
0.04013590 0.00480812 0.46739590
0.03187461 -0.00458280 0.47097159
0.05276918 -0.00861968 0.49946799
0.03146989 -0.00143789 0.50089655
0.03030584 -0.00517403 0.51156234
0.00840743 -0.00807635 0.52160795
0.01334602 -0.00424833 0.53918811
0.00313979 -0.00718456 0.54975122
0.00032915 -0.00283207 0.56167486
-0.00858179 -0.00400521 0.57254102
-0.00580719 -0.00895502 0.59507070
0.00135665 -0.00034333 0.61849212
0.00305019 -0.00064862 0.63042987
-0.01813168 0.00221808 0.62288256
-0.00810703 -0.00340301 0.64346458
0.00324661 0.00092658 0.66332264
-0.01165763 -0.00350005 0.65564993
0.00027160 0.00084225 0.67715255
-0.00641548 -0.00106404 0.67854316
-0.00922102 0.00041225 0.68493496
-0.01109207 -0.00577257 0.68516102
-0.00399642 -0.00156616 0.68898510
-0.00537415 -0.00263957 0.69951176
-0.00127490 0.00436756 0.70653506
-0.00631543 -0.00535390 0.70993955
-0.00592894 -0.00275529 0.71596016
-0.00065975 -0.00145691 0.72579673
-0.01171862 -0.00462235 0.72819223
-0.00671897 0.00572486 0.73722235
-0.00636030 0.00164700 0.73569119
0.00199034 -0.00626273 0.74085045
-0.00032679 -0.00302970 0.73802809
-0.00385177 -0.00379750 0.74248628
0.00188742 -0.01249848 0.73699057
-0.00210025 -0.00815887 0.74934668
0.00008414 -0.01098541 0.73792229
0.00114589 -0.01209824 0.74083737
-0.00059437 -0.00449083 0.74874151
0.00226733 -0.00835623 0.75072300
-0.00187802 -0.00836316 0.74278891
0.00074781 -0.00766799 0.74018297
0.00259971 -0.00392815 0.74688616
-0.00612541 -0.00432498 0.74482783
0.02993706 0.00501003 0.75933938
-0.00457593 -0.00367038 0.74093035
0.00472338 -0.00401488 0.74095811
-0.00880054 -0.00581851 0.73656011
0.00170149 -0.00731931 0.74008238
-0.00553973 -0.00638196 0.73581141
0.00234633 -0.00640925 0.74404224
0.00250221 -0.00178093 0.74295457
0.00702065 -0.00327172 0.74277669
0.00580056 -0.00205430 0.74600191
0.00081285 -0.00356535 0.74337859
-0.00362600 -0.00465216 0.73751181
0.00255671 -0.00446402 0.74026215
-0.00070540 -0.00256097 0.74262424
-0.00046300 -0.00488392 0.74249176
-0.00654484 -0.00621865 0.73733217
-0.00439524 0.00300911 0.74296298
-0.00393551 0.00005637 0.74504396
-0.00520894 0.00054228 0.73816794
-0.00313367 -0.00192722 0.73651985
0.00124601 -0.00080294 0.74631121
-0.01993582 -0.00935761 0.73102190
-0.00735256 -0.00769224 0.72977054
-0.00136527 -0.00853765 0.73493046
-0.00363915 -0.00674099 0.73884786
-0.01243598 -0.00864437 0.73765054
-0.00807617 -0.01270277 0.74114829
-0.00412528 -0.00360094 0.74542805
-0.00945406 -0.00542446 0.74138719
-0.00345449 -0.00472371 0.74575015
-0.00336632 -0.00840130 0.74049466
-0.00425809 -0.00844199 0.73577871
-0.00684769 -0.00801317 0.73706743
-0.00265602 -0.00732798 0.73758620
0.00254057 -0.01069335 0.73535206
-0.00278839 -0.01129227 0.73274547
-0.01303572 -0.01148185 0.72132205
0.00232369 -0.00415576 0.72550890
0.00017655 -0.00527140 0.72388676
-0.00834325 -0.00500845 0.71942521
-0.00266850 -0.00262030 0.71925130
-0.00752102 -0.00985315 0.70981326
-0.00656740 -0.01108449 0.70170509
-0.00577319 -0.00871996 0.71168835
0.00425029 -0.00898433 0.70884804
-0.00105058 -0.00883159 0.70210811
-0.00577339 -0.00508441 0.69937596
-0.00518028 -0.00645515 0.69617338
-0.01000884 -0.00901833 0.68376021
0.03395388 0.02006458 0.70228465
-0.00682790 0.00265418 0.68897238
-0.00677140 -0.00501651 0.68568759
-0.10577011 0.00068874 0.69984147
0.10201230 -0.00327052 0.69649209
0.08608953 -0.02231070 0.67873533
0.06040079 0.01897311 0.67786757
-0.02856598 0.05959147 0.66533540
-0.00681321 -0.01116640 0.64505972
0.07180711 -0.03567633 0.63470092
-0.03968339 -0.01521308 0.61894616
0.00679428 0.10898103 0.60534400
0.03971578 0.08529970 0.58975005
0.03219053 -0.01668774 0.58044729
0.01400349 -0.00392204 0.56913066
-0.02202737 0.02289620 0.56027110
0.04134193 0.06561021 0.54817720
0.02355592 -0.00870812 0.52917208
0.00884952 0.02154441 0.50863477
0.04883970 -0.02506139 0.48223726
-0.06770858 0.04000957 0.47601967
0.10778222 0.07495028 0.46391673
0.01265545 0.04786200 0.44035602
-0.04225699 -0.00786926 0.41931788
0.01489153 -0.00654398 0.40569347
0.04504342 -0.02804123 0.38987376
0.02274802 -0.03084218 0.38310612
0.11581908 -0.00346114 0.38325821
-0.01828464 -0.03490159 0.36201299
0.05446713 -0.00400638 0.36427868
0.07757511 -0.04427408 0.36511197
0.08468487 -0.02637337 0.35475955
0.08609754 0.01320727 0.34967289
0.09095192 0.00494237 0.34012074
0.09629081 0.00052832 0.33145009
0.06641788 -0.00692496 0.33066741
0.06230467 0.01025753 0.33518084
0.03809683 0.00830276 0.33624363
0.07299952 0.00335947 0.31875312
0.08308064 0.00010860 0.32406930
0.08811445 0.00832821 0.32233492
0.06193591 -0.00677645 0.34297787
0.06037524 0.00326361 0.34428921
0.04004619 0.01868677 0.36582959
0.04010475 0.01770800 0.37462794
0.02220773 -0.00508894 0.35430761
0.01146853 0.01530215 0.39430936
0.02598692 0.00843326 0.39130245
0.01728755 0.00033277 0.40684796
0.02907439 -0.00199030 0.40026422
0.03036611 0.00544185 0.41134938
0.03138192 -0.00168931 0.41842837
0.00817246 0.01396168 0.47219413
0.00574155 -0.00587399 0.46155139
0.00609015 0.00506058 0.47623593
-0.00224623 -0.00299255 0.49321183
0.00731946 0.00017875 0.49578758
0.00765685 -0.00121644 0.50711896
-0.00086193 0.00345959 0.53183037
0.00169040 -0.00429247 0.53369786
-0.01773227 -0.00316044 0.56551825
-0.00862018 -0.00516274 0.56620741
0.00595541 -0.00536584 0.55895342
-0.00749882 -0.00912443 0.57894741
-0.01689250 -0.00647305 0.58979089
0.00413965 0.00114982 0.55982835
-0.03182779 -0.00964843 0.60566786
-0.01085388 -0.01318309 0.57492444
-0.02672258 -0.00413951 0.58943554
0.00329330 -0.01193655 0.55810034
-0.00207487 -0.01072825 0.56439104
0.00569628 -0.00821726 0.54802299
-0.00728573 -0.00631560 0.56011115
-0.02488295 -0.00964864 0.57918702
-0.01725340 -0.01009485 0.57083949
-0.00022252 -0.01590632 0.55048719
-0.01137356 -0.00926305 0.56284182
-0.00270375 -0.01084258 0.54974150
-0.00273956 -0.01044990 0.54983229
-0.01211286 -0.00857018 0.55924605
-0.00798817 -0.01146055 0.54910992
-0.00655439 -0.00467645 0.54595231
-0.02819617 -0.00993836 0.55120034
-0.01901508 -0.01877109 0.52979192
-0.05945028 -0.01810390 0.55410820
-0.00534436 -0.00661147 0.49400519
0.00303962 -0.00650943 0.47363624
0.01435713 -0.00914032 0.45207074
0.02501089 -0.00827032 0.42880313
0.02244867 -0.00753330 0.42470641
0.03402537 -0.00678867 0.39921537
0.04536010 -0.00743429 0.39073183
0.05200920 -0.00349253 0.39038618
0.05344972 -0.00495896 0.39141372
0.06739103 0.00209487 0.37810822
0.07012538 0.00044042 0.37221501
0.07447687 0.01005431 0.38434859
0.08123369 0.01067894 0.38089074
0.09702825 -0.00892717 0.38868918
0.07172087 0.00411630 0.33632945
0.06552262 0.00191028 0.33158805
0.06734768 -0.00059349 0.33418009
0.06259943 0.00536608 0.33031093
0.04818977 -0.00447743 0.30631653
0.06970230 0.01054981 0.37452637
0.07116604 0.00411518 0.37236238
0.06447103 0.00224252 0.38583054
0.06561800 -0.00066070 0.39424933
0.06586571 -0.00124351 0.37966580
0.05774085 0.00136534 0.38715017
0.04640982 -0.00782679 0.37602485
0.03216360 -0.00103098 0.38165806
0.03764605 0.00217928 0.40360433
0.03900086 -0.00226085 0.41311699
0.02776928 0.00370037 0.41782459
0.03685060 0.00175941 0.44039834
0.03477936 0.00366356 0.45093623
0.03371330 0.00582397 0.47013863
0.02469112 0.00288226 0.47982856
0.02155449 0.00177026 0.49886507
0.00669937 -0.00160742 0.50573182
0.00634700 -0.00112967 0.52337721
0.00931508 -0.01323754 0.54539713
-0.01087520 -0.01466389 0.56991071
-0.00210841 -0.00446878 0.57669911
-0.01468873 -0.00277120 0.60013687
-0.01321982 -0.01614995 0.62969841
-0.01349915 -0.00530057 0.63440561
-0.02248574 0.01150464 0.64170397
-0.02364303 -0.00570498 0.66430600
-0.02515093 -0.00480167 0.68263255
-0.03988320 -0.00851552 0.71334703
0.00003014 -0.01838837 0.71490655
-0.01157042 -0.01266747 0.72688937
-0.01037098 -0.01584929 0.74609416
-0.00535539 -0.01188169 0.74407968
0.01420536 -0.02824359 0.77417669
0.03019478 -0.01334145 0.79294800
0.02625823 -0.00460098 0.80155360
0.02375875 -0.01280122 0.80510033
0.04272761 -0.02780860 0.83074829
0.04040055 -0.02357204 0.82420378
0.05666524 -0.02979992 0.83724533
0.03290739 -0.01385957 0.83477917
-0.02894397 -0.01475134 0.78540837
-0.00793276 0.00026674 0.80761262
-0.02384810 -0.00471170 0.80632893
-0.00680919 -0.01017662 0.83469725
-0.00283053 -0.00152049 0.83444572
-0.01370719 -0.01273890 0.84741302
0.02741486 0.00965885 0.87908996
0.01651580 -0.02291012 0.87697002
-0.01981206 -0.01624481 0.83392786
0.01118399 0.01398533 0.87835643
0.00484970 0.01500001 0.88029256
-0.00454247 -0.02141359 0.86794785
-0.00945262 -0.01722752 0.86595514
0.00874004 -0.00038721 0.85787192
0.00810836 -0.01116675 0.85545615
-0.01276296 -0.01181989 0.86623165
0.00566062 -0.00738725 0.84603631
-0.00083155 -0.01258296 0.84699612
-0.01625061 0.00410155 0.85501352
-0.00649783 -0.02609073 0.84738261
-0.01064948 -0.02511105 0.83182531
-0.00832693 -0.01934003 0.85064933
-0.00588118 -0.02822561 0.85508567
-0.01430249 -0.02153116 0.85162831
0.00302153 -0.00588478 0.82878523
0.01236118 -0.01142432 0.81346637
0.00061578 -0.02307115 0.80289782
-0.00456808 -0.01530415 0.83358461
-0.00829436 -0.00522224 0.82817222
-0.00809764 -0.00833061 0.80818570
-0.01555049 -0.01444895 0.81441333
-0.00758489 -0.01582215 0.80896618
-0.00700675 -0.00704977 0.81524495
-0.00018895 -0.01028161 0.80273707
-0.02088444 -0.00780070 0.81366832
-0.00839203 -0.00902678 0.79847861
-0.01595581 -0.01456980 0.81101283
-0.00707759 -0.01122074 0.79418982
-0.00989421 -0.01226224 0.77678733
-0.00501846 -0.01466508 0.77134193
-0.00989445 -0.01124580 0.77355029
-0.00819506 -0.01318229 0.76811295
-0.01027650 -0.01419533 0.77476291
-0.00204285 -0.01343836 0.76250370
-0.00417586 -0.01430685 0.77188167
-0.00170224 -0.01201000 0.76190543
-0.00168820 -0.00803653 0.76610066
-0.00024939 -0.01086988 0.75581110
-0.00891360 -0.01042056 0.75412575
-0.00513612 -0.01134321 0.74903905
-0.00603479 -0.01011612 0.74773747
-0.00149571 -0.01025586 0.74488369
-0.00217943 -0.00712326 0.74348009
-0.00404114 -0.00660012 0.73949077
-0.00346014 -0.00670677 0.73300918
-0.00467527 -0.00869520 0.73460432
-0.00282852 -0.01105212 0.73193026
-0.00436584 -0.01413905 0.72590636
-0.00333887 -0.01341353 0.72142448
-0.00398000 -0.01122221 0.71686364
0.00099244 -0.01629407 0.70064523
-0.00401516 -0.01439404 0.69743990
0.00144705 -0.01463262 0.68438080
-0.00392916 -0.01348574 0.67624953
0.00058087 -0.01247014 0.64967664
-0.00229921 -0.00804722 0.64053361
0.00143853 -0.01336960 0.61754320
0.00167516 -0.01288446 0.60279852
-0.00608788 -0.01299195 0.58862010
0.00469912 -0.01730351 0.56263063
0.00458362 -0.01283563 0.55343108
-0.00011827 -0.00971356 0.53683389
0.00263113 -0.01179851 0.51793817
-0.00121860 -0.01262859 0.50685203
0.00007699 -0.01048206 0.48823358
-0.00129844 -0.01147129 0.47625704
-0.00129984 -0.00726827 0.45297918
-0.00706380 -0.00466957 0.43517705
-0.01180922 -0.00576010 0.41653625
-0.01493027 -0.00559633 0.39832811
-0.02393221 -0.00534797 0.37428388
-0.03024961 -0.00621300 0.35524672
-0.03246354 -0.00654858 0.33300433
-0.03538491 -0.00524079 0.32146439
-0.04589031 -0.00592488 0.31472639
-0.05341617 -0.00571191 0.30957001
-0.06015015 -0.00286782 0.30258421
-0.05956220 0.00134624 0.30603801
-0.06423737 -0.00229286 0.29346973
-0.06247796 -0.00116824 0.28492402
-0.06649216 -0.00194090 0.27291651
-0.06739263 0.00057834 0.27175571
-0.06729389 0.00170002 0.27212071
-0.06741006 0.00041675 0.27123616
-0.06439437 -0.00059331 0.27391084
-0.05704293 0.00776448 0.28309507
-0.05024338 -0.00387036 0.26588187
-0.05617998 -0.00210986 0.27651512
-0.06155924 0.00048302 0.29583898
-0.06608892 -0.00166135 0.30714949
-0.06890735 -0.00661667 0.30696481
-0.06895141 -0.00161553 0.32007888
-0.07129868 -0.00441556 0.33631314
-0.08427109 -0.00328903 0.33521176
-0.05914154 -0.01334442 0.33878809
-0.06735490 -0.01246615 0.36134853
-0.05261766 -0.00671914 0.38010899
-0.03865420 -0.00404622 0.39813021
-0.04298190 -0.00353986 0.42070288
-0.03995149 0.00109998 0.44359973
-0.03056623 -0.00014688 0.45780918
-0.02390459 -0.00364563 0.47527542
-0.01534139 -0.00299563 0.49089581
-0.01141160 -0.00344493 0.50459572
-0.01345630 -0.00345419 0.52118544
-0.01245507 -0.00327054 0.53684332
-0.00893992 -0.00283629 0.55007591
-0.00510663 -0.00342991 0.56053371
-0.00377126 -0.00347708 0.57933687
-0.00277764 -0.00476528 0.59174698
-0.00321713 -0.00367363 0.61190623
-0.00559514 -0.00559634 0.62035987
-0.00490784 -0.00646733 0.63181161
-0.00421451 -0.00933529 0.64206708
-0.00655331 -0.00638629 0.64629587
-0.00665815 -0.00754628 0.65008567
-0.00758107 -0.01014224 0.64579358
-0.01263169 -0.01095424 0.64396071
-0.00915293 -0.01498601 0.63994228
-0.01365328 -0.01056497 0.63856752
-0.01375521 -0.00978011 0.63809681
-0.01124107 -0.01113892 0.63507225
-0.00964509 -0.01301186 0.63674099
-0.00347711 -0.01539115 0.63491668
-0.00270009 -0.01658143 0.62259372
0.00320080 -0.01625088 0.61495308
-0.00769574 -0.01151022 0.61003421
-0.00003261 -0.01400465 0.60113958
-0.00058497 -0.01203655 0.59264400
0.00194982 -0.01552319 0.58488364
-0.00719837 -0.01366883 0.57366721
0.00189078 -0.01764043 0.56701785
-0.00390283 -0.01437378 0.56039167
-0.00448153 -0.00663232 0.55453658
-0.00448943 -0.00890834 0.54489746
0.00009420 -0.01165413 0.53563989
-0.00008014 -0.00888459 0.52850488
-0.00153750 -0.00546739 0.51993321
-0.00558031 -0.00335915 0.51195462
-0.00478404 -0.00659116 0.50109613
0.00066915 -0.00993523 0.48641128
0.00278276 -0.01256662 0.47103319
-0.00181727 -0.01162542 0.45621674
-0.00520446 -0.01253610 0.43744894
-0.01849651 -0.00439292 0.43451705
-0.01204866 -0.00423520 0.41945996
-0.00984339 -0.00835453 0.41323386
-0.00636683 -0.00546384 0.40078071
0.01286160 -0.00930154 0.36632192
0.00024693 -0.01028842 0.37792560
0.01797256 -0.01849118 0.34220491
-0.00838020 -0.00554472 0.39045312
-0.00746284 -0.00590732 0.38652658
-0.00624853 -0.00478550 0.38370368
-0.00166249 -0.00569641 0.37248393
-0.00311906 -0.00709552 0.37644434
-0.00859533 -0.00524193 0.38526363
-0.00910072 -0.00691950 0.38344710
-0.00972589 -0.00515631 0.39021844
0.00199569 -0.00255301 0.39081630
0.00087792 -0.00635261 0.39512583
-0.00199197 -0.01273315 0.39171548
0.00013752 -0.00725163 0.40472361
-0.00205128 -0.00045947 0.41070915
-0.00302213 0.00097603 0.41760897
-0.00247341 0.00286529 0.42192193
-0.00195878 0.00348876 0.42813742
-0.00159825 -0.00847738 0.43222695
-0.00579479 -0.01115064 0.43626321
-0.00320087 -0.00671680 0.43595097
-0.00116842 -0.00177959 0.43867614
0.00134072 -0.00353690 0.44326420
-0.00414504 -0.00418261 0.45128470
-0.00311920 -0.00427952 0.45987156
-0.00490227 -0.00619826 0.46828988
-0.00081949 -0.00423514 0.47213061
0.00250827 -0.00217518 0.47688886
-0.00145123 -0.00631779 0.48029831
0.00009570 -0.00672731 0.47858654
0.00314297 -0.01059048 0.47813422
-0.00570213 -0.00756848 0.48213914
-0.00288055 -0.00767749 0.47809596
-0.00612728 -0.00573130 0.47742295
-0.00087289 -0.00479779 0.47464722
0.00230244 -0.00913730 0.46953117
0.00238130 -0.00989819 0.46812025
0.00438630 -0.00665346 0.46022746
-0.00289827 -0.00675126 0.45952193
-0.00271074 -0.00705358 0.45594740
-0.00592841 -0.00886620 0.44953708
0.00143080 -0.00855488 0.44680355
0.00103494 -0.00869509 0.44720063
0.00303062 -0.00870845 0.44349500
0.00386239 -0.00807961 0.43548678
0.00239828 -0.01472772 0.41928971
0.00319897 -0.00698534 0.41672060
