-0.01679109 -0.01232200 0.99978309
0.02226823 -0.04044102 0.99893376
-0.02050190 -0.01776972 0.99963189
0.00001273 0.00857301 0.99996325
0.02297673 0.01218541 0.99966174
0.01806219 -0.01370052 0.99974299
-0.01745909 -0.00629873 0.99982774
0.04094202 -0.00428928 0.99915232
-0.00715962 -0.00318709 0.99996929
0.00424227 -0.01948411 0.99980117
0.00585529 -0.02037208 0.99977532
-0.04440521 -0.01454235 0.99890775
-0.02723606 0.00756401 0.99960041
-0.00698432 -0.00014766 0.99997560
-0.00802828 -0.02155016 0.99973553
0.03547873 -0.02147216 0.99913973
-0.01418770 -0.01044827 0.99984476
-0.02987855 -0.00280701 0.99954959
-0.00171779 -0.00823394 0.99996463
0.00096291 -0.00779913 0.99996912
-0.00702591 -0.00244981 0.99997232
-0.00273691 -0.02324686 0.99972601
-0.02858864 -0.01473495 0.99948265
-0.02820840 -0.01263817 0.99952217
0.00281775 -0.02239858 0.99974515
-0.04462890 -0.01252094 0.99892517
-0.03599617 -0.00839571 0.99931666
-0.00982860 -0.01511591 0.99983744
-0.00013216 -0.00521975 0.99998637
-0.05071910 -0.00789866 0.99868172
-0.01318793 -0.01504841 0.99979979
-0.02336365 -0.01899744 0.99954652
-0.00661208 -0.02063700 0.99976517
0.01438970 -0.02125179 0.99967059
0.02790127 -0.00349937 0.99960456
0.00833835 0.00842984 0.99992970
0.01888165 -0.01968140 0.99962799
-0.00295505 -0.01510317 0.99988157
-0.01546219 -0.01508166 0.99976670
0.05816011 -0.01757262 0.99815260
-0.03487248 -0.02059256 0.99917959
-0.02429921 -0.00434145 0.99969530
0.01191600 -0.00808560 0.99989631
0.03011229 -0.01817842 0.99938121
0.00988312 -0.01766622 0.99979509
0.01020039 -0.02330885 0.99967627
-0.01227290 -0.03469946 0.99932243
-0.06266225 -0.00133121 0.99803390
0.00884805 -0.00941249 0.99991656
-0.04364946 0.00639400 0.99902645
-0.09115665 -0.00753582 0.99580805
0.04343840 -0.00167349 0.99905471
-0.00432504 -0.01603738 0.99986204
0.23430155 -0.05046123 0.97085346
-0.04623999 -0.00124665 0.99892958
0.01976285 -0.03830485 0.99907065
-0.03153863 -0.01206222 0.99942975
0.12423808 -0.03848985 0.99150564
0.10769160 -0.00853247 0.99414773
-0.04571653 -0.02435193 0.99865759
-0.02096198 -0.01553739 0.99965953
-0.02521650 -0.01735542 0.99953135
-0.03209336 -0.01155582 0.99941807
-0.05282840 -0.01013066 0.99855222
-0.03649772 0.00017161 0.99933372
-0.03527306 -0.02368293 0.99909706
-0.03865345 0.01108068 0.99919124
-0.02738669 -0.01739721 0.99947351
-0.02199168 -0.01297575 0.99967394
-0.05183125 -0.01665801 0.99851692
-0.00963809 0.00109505 0.99995295
-0.04147798 -0.05518147 0.99761445
-0.02762905 -0.01062663 0.99956176
-0.01870038 -0.03485957 0.99921725
0.01304182 -0.02033789 0.99970810
-0.00924488 -0.00893995 0.99991730
-0.03872090 -0.02778307 0.99886375
-0.02678338 -0.02102387 0.99942016
-0.00936126 -0.00490170 0.99994417
-0.00371917 -0.00247279 0.99999003
0.02655013 -0.02188620 0.99940787
-0.01549735 -0.01682175 0.99973840
0.00818836 -0.01666252 0.99982764
-0.04464405 -0.01576669 0.99887853
-0.01561102 -0.02451494 0.99957757
-0.00282106 -0.01336132 0.99990675
0.01029270 -0.01143473 0.99988165
0.00738897 -0.00979811 0.99992470
0.02167647 -0.00849551 0.99972894
0.02845909 -0.01867790 0.99942044
-0.00537481 -0.01538873 0.99986714
-0.00195731 -0.01678825 0.99985715
0.00519897 -0.01664984 0.99984787
0.01173688 -0.02099784 0.99971063
0.01305433 -0.01703570 0.99976966
0.01977856 -0.02103555 0.99958307
0.02060726 -0.01343359 0.99969739
0.02838398 -0.01148942 0.99953106
-0.01619791 -0.01616343 0.99973815
0.04903087 0.00280471 0.99879333
0.00274770 -0.01457729 0.99988997
-0.01011437 -0.02058268 0.99973699
-0.00899223 -0.01229695 0.99988396
-0.02338744 -0.02665146 0.99937117
0.02391500 0.00004452 0.99971399
-0.00489790 -0.01101988 0.99992728
-0.06220142 -0.03207786 0.99754799
0.03773042 -0.00859274 0.99925101
0.00438972 -0.01687477 0.99984797
0.02408110 0.01690238 0.99956711
0.00077282 0.00064420 0.99999949
-0.01714104 -0.01155036 0.99978636
0.02483468 0.01523518 0.99957547
-0.03377494 -0.04520149 0.99840677
-0.01562965 -0.03180466 0.99937189
-0.04305877 -0.01718225 0.99892478
-0.02838549 -0.01142027 0.99953181
0.00825277 -0.03338463 0.99940850
-0.03341799 -0.02899574 0.99902076
-0.06675921 -0.00774240 0.99773908
0.00553793 -0.04124270 0.99913381
-0.00159647 -0.01002219 0.99994850
-0.00399191 -0.01209016 0.99991894
0.02355210 -0.01456589 0.99961649
0.00142622 0.00863704 0.99996168
-0.01610820 -0.01264572 0.99979028
0.02318137 -0.01142395 0.99966600
0.02862622 0.00283702 0.99958616
0.00852410 -0.00049098 0.99996355
0.00149349 -0.01306210 0.99991357
0.04177167 -0.00875118 0.99908886
0.01275453 -0.00749186 0.99989059
-0.00357503 -0.00806135 0.99996112
0.01318371 -0.01610013 0.99978346
-0.02699313 0.00040581 0.99963554
0.01064168 -0.01580040 0.99981853
0.03242238 -0.01866641 0.99929993
0.04484945 -0.03071529 0.99852146
0.00169079 -0.02713310 0.99963040
-0.00771311 -0.00679947 0.99994714
0.04909592 -0.00770751 0.99876433
0.04647933 -0.01550729 0.99879888
0.03192895 -0.01002911 0.99943982
0.05652030 -0.02827097 0.99800111
0.04792517 -0.01179462 0.99878129
0.01233522 -0.03461254 0.99932468
0.06831675 -0.02039112 0.99745527
0.00789334 -0.00725104 0.99994256
0.09692010 -0.02184573 0.99505239
0.04305879 -0.01484000 0.99896232
0.04636253 -0.00073613 0.99892441
0.04474740 -0.01144422 0.99893278
-0.00694957 -0.02616098 0.99963359
0.01913034 -0.01977647 0.99962139
-0.02995854 -0.03588958 0.99890661
-0.07310957 -0.02938709 0.99689086
-0.05238792 -0.00083555 0.99862646
-0.01006205 0.00565135 0.99993341
-0.06106435 0.00338741 0.99812808
-0.03798414 -0.01341769 0.99918826
-0.09537554 -0.03300165 0.99489416
-0.07482851 -0.01288015 0.99711323
-0.08211832 -0.02437544 0.99632445
-0.09134373 -0.01309546 0.99573331
-0.09776925 -0.00739356 0.99518165
-0.14375508 0.00165313 0.98961192
-0.09661864 -0.00505362 0.99530865
-0.11805729 -0.01785828 0.99284619
-0.12315238 -0.02574494 0.99205377
-0.03076369 -0.01785820 0.99936714
-0.04316962 -0.00464418 0.99905696
-0.03188999 -0.01405117 0.99939261
0.03296419 -0.01792122 0.99929585
-0.02464855 -0.02149535 0.99946506
0.00617089 -0.00826371 0.99994681
0.16786158 0.03287385 0.98526230
-0.08792589 -0.01740993 0.99597487
-0.00172165 0.00215825 0.99999619
0.00856098 -0.00684061 0.99993996
0.03329439 0.01923061 0.99926056
0.01912412 0.00099845 0.99981662
0.01260463 0.02232591 0.99967128
0.00549620 0.01067839 0.99992788
0.03726281 0.01694332 0.99916185
0.03278680 -0.01746121 0.99930983
0.02727614 0.01146040 0.99956224
-0.01466749 -0.02531820 0.99957184
0.04120614 0.00762768 0.99912155
0.00274003 -0.00915965 0.99995430
0.04919935 0.02168216 0.99855361
0.03654449 -0.00090692 0.99933162
-0.04633654 -0.05375698 0.99747838
-0.00147585 -0.00781394 0.99996838
-0.00224187 -0.00847860 0.99996154
0.01208597 -0.00477540 0.99991556
-0.05163212 -0.00234164 0.99866343
-0.00854607 -0.00578980 0.99994672
-0.00808944 -0.01886511 0.99978931
-0.02805974 -0.01074394 0.99954851
0.03619847 -0.00226267 0.99934206
-0.00447502 -0.01222145 0.99991530
-0.01156741 -0.00945466 0.99988840
-0.01887088 -0.01258514 0.99974272
-0.01222536 -0.01441759 0.99982132
-0.00506897 -0.00500398 0.99997463
-0.00149942 -0.00263529 0.99999540
0.00161708 0.00147694 0.99999760
0.00206260 -0.00871637 0.99995988
-0.01251920 -0.01568923 0.99979854
0.05477498 -0.00688606 0.99847498
0.00683190 -0.01286413 0.99989391
0.02096597 -0.01092772 0.99972047
0.00353423 -0.00985537 0.99994519
0.00334608 0.03359120 0.99943006
0.04219011 -0.01654296 0.99897263
0.00744064 -0.01423287 0.99987102
0.05929018 0.00403008 0.99823265
0.01761353 -0.01322002 0.99975747
0.02106328 -0.02142024 0.99954865
0.05427430 0.00337472 0.99852036
0.05186449 -0.01493701 0.99854242
-0.02573293 -0.01102130 0.99960810
-0.01253043 -0.00403054 0.99991337
-0.04637428 -0.00882178 0.99888518
-0.01764026 -0.01298944 0.99976002
-0.01231838 -0.00950228 0.99987897
-0.01968895 -0.00617910 0.99978706
-0.02651293 0.00225478 0.99964593
-0.06735809 -0.01235400 0.99765238
-0.02892354 -0.01764786 0.99942583
-0.00354958 -0.04287173 0.99907428
-0.01197157 -0.02767384 0.99954532
-0.00880015 -0.00991545 0.99991212
-0.00762953 -0.00741004 0.99994344
-0.04424563 -0.01680624 0.99887931
-0.04257199 -0.00497417 0.99908102
-0.08336041 -0.02305350 0.99625277
-0.11906813 -0.02449562 0.99258387
0.00928272 0.02625268 0.99961224
-0.08141026 -0.04020117 0.99586959
0.07313542 -0.04391169 0.99635484
0.01656608 -0.02559240 0.99953519
-0.00243430 -0.02681014 0.99963758
0.02059927 -0.01800388 0.99962570
-0.00338817 -0.04260800 0.99908612
-0.03344456 0.03794041 0.99872017
-0.05449013 -0.02025274 0.99830890
-0.04141447 -0.00464047 0.99913128
0.09390612 -0.02002129 0.99537972
-0.03364610 0.03039195 0.99897161
0.03316936 -0.00137687 0.99944880
0.07069836 0.00234037 0.99749499
0.04135959 -0.01370751 0.99905029
0.11811434 -0.00791049 0.99296849
0.08203943 -0.02041404 0.99641999
0.02027910 0.01443600 0.99969013
0.08371827 -0.01731376 0.99633904
-0.01660216 -0.08105416 0.99657142
0.06418130 -0.02375988 0.99765537
-0.07298911 -0.03771137 0.99661951
0.10985717 -0.02746683 0.99356780
0.14889157 -0.03981945 0.98805147
0.12678822 0.00887461 0.99189011
0.09561569 0.02118693 0.99519282
0.19553415 -0.01483912 0.98058462
0.11502244 -0.01065414 0.99330576
0.10754804 -0.02680027 0.99383860
0.12852849 -0.04129390 0.99084572
0.17706174 -0.00795794 0.98416757
0.11794198 0.02624329 0.99267365
0.15944666 0.00526895 0.98719248
0.08752781 -0.00600883 0.99614395
0.11379809 -0.00820370 0.99347003
0.10278481 -0.01920878 0.99451813
0.14240387 0.02311558 0.98953868
0.12714183 0.01064185 0.99182746
0.09280632 0.01719775 0.99553565
0.07659552 0.01724943 0.99691303
0.14642602 -0.02527491 0.98889868
-0.13080317 -0.04403528 0.99042992
0.04194772 -0.00406634 0.99911153
0.07295072 -0.00003789 0.99733555
0.13179715 -0.00368333 0.99126986
0.03569071 -0.00167793 0.99936148
0.09172773 -0.01233056 0.99570778
0.07464424 -0.03268392 0.99667447
-0.00058722 0.00299068 0.99999536
0.03277489 0.00364093 0.99945613
0.02499253 0.01274426 0.99960640
-0.00880418 -0.00947931 0.99991631
0.03550109 -0.00521689 0.99935602
0.03824201 -0.01482232 0.99915857
0.06048152 0.00207591 0.99816716
0.01648949 -0.00127097 0.99986323
0.01263536 0.00299119 0.99991570
0.02027294 -0.01704333 0.99964920
0.01310406 -0.00748072 0.99988615
0.01327621 -0.00812202 0.99987888
0.00605906 -0.00241663 0.99997872
0.00098761 0.00110405 0.99999890
-0.02616160 -0.00250086 0.99965460
0.00008631 -0.01429155 0.99989787
-0.00941950 -0.00515915 0.99994233
0.00742645 -0.00512929 0.99995927
0.01208361 -0.01649112 0.99979099
-0.00693996 -0.00875369 0.99993760
-0.01160271 -0.01211382 0.99985931
-0.03248579 -0.01271149 0.99939136
0.03844112 -0.01673185 0.99912078
0.00828697 -0.01313101 0.99987944
-0.00620437 -0.00349509 0.99997464
-0.00891551 -0.00083393 0.99995991
0.01703452 -0.00944558 0.99981029
0.00331353 -0.00991106 0.99994539
0.01139463 -0.00683485 0.99991172
0.01346220 -0.01598632 0.99978158
-0.00283027 0.00325838 0.99999069
0.00264667 -0.01059718 0.99994035
-0.00572864 -0.00556298 0.99996812
0.02931291 -0.01629926 0.99943739
0.00282764 -0.01176352 0.99992681
0.00273815 -0.01529960 0.99987921
-0.03202687 -0.02117155 0.99926275
0.00678799 -0.01090891 0.99991746
-0.01220181 -0.01400308 0.99982750
-0.00962403 -0.01003410 0.99990334
-0.02174518 -0.01205007 0.99969092
0.02772120 -0.02042663 0.99940697
-0.03145716 -0.01730695 0.99935525
-0.00068591 -0.01387188 0.99990355
0.01401575 -0.01648270 0.99976591
-0.00208330 -0.01291896 0.99991438
0.00293989 -0.00347537 0.99998964
0.03648492 -0.00924157 0.99929147
0.03050318 -0.02497852 0.99922251
-0.00652409 -0.00719178 0.99995286
-0.00507993 -0.01349679 0.99989601
-0.00180996 -0.02307822 0.99973202
0.05289526 -0.02135740 0.99837165
0.01804712 -0.00889669 0.99979755
0.09196332 -0.02869690 0.99534880
-0.01228004 -0.00454617 0.99991426
-0.00811493 -0.01069410 0.99990989
-0.01218650 -0.00982540 0.99987747
-0.01546712 -0.01021541 0.99982819
0.02417428 -0.02535976 0.99938606
-0.03971726 -0.01251569 0.99913257
-0.00928754 -0.00060566 0.99995669
-0.00492080 -0.02217613 0.99974197
-0.01126499 -0.01297938 0.99985231
-0.05119498 -0.03819137 0.99795816
-0.02375253 -0.00942570 0.99967343
0.02600423 0.01303053 0.99957690
0.01083214 -0.02137322 0.99971288
-0.01928716 0.00456985 0.99980354
-0.01838637 -0.01392377 0.99973400
-0.00769317 -0.00927812 0.99992736
-0.00745743 -0.00443386 0.99996236
-0.00451031 0.00430661 0.99998055
-0.02362835 0.00496494 0.99970848
0.00358212 -0.00841369 0.99995819
0.02349246 -0.00766299 0.99969464
0.00219999 -0.00200282 0.99999557
-0.00521670 -0.00869995 0.99994855
-0.02449187 -0.01785802 0.99954051
0.00219562 -0.02649444 0.99964655
-0.00919988 -0.00977474 0.99990990
0.01648632 -0.02213080 0.99961914
0.00981421 -0.02277083 0.99969254
0.01236341 -0.03319021 0.99937258
-0.02677679 -0.01310955 0.99955547
0.01831636 -0.01371685 0.99973815
0.02023470 -0.01092929 0.99973552
0.03064077 -0.01856177 0.99935810
-0.01162508 -0.01214946 0.99985861
-0.01045280 -0.01042345 0.99989104
0.01977547 -0.01384607 0.99970857
-0.00831211 -0.00604873 0.99994716
-0.02742663 -0.00041827 0.99962373
0.01283207 -0.00503622 0.99990498
-0.01432533 0.00520489 0.99988384
0.01808461 -0.01722460 0.99968808
0.01196165 -0.01245487 0.99985089
-0.01038330 -0.01280905 0.99986405
0.00642605 -0.03212250 0.99946328
-0.03770174 -0.01493311 0.99917745
-0.02104774 -0.00622237 0.99975911
0.00546551 -0.01861943 0.99981170
-0.01130299 -0.02869944 0.99952418
-0.00204233 -0.01564701 0.99987549
-0.01511916 -0.01896034 0.99970591
-0.00120495 -0.01303762 0.99991428
-0.00127288 0.00409710 0.99999080
-0.00819936 -0.00307935 0.99996164
-0.01624318 -0.00753276 0.99983970
-0.00056812 -0.01915768 0.99981631
0.03785528 -0.03746736 0.99858058
0.04761058 -0.04775240 0.99772388
0.00861454 -0.03122769 0.99947517
-0.00008162 -0.00283329 0.99999598
0.01428912 -0.01129653 0.99983409
-0.04204177 0.01148385 0.99904985
-0.02577807 -0.01508628 0.99955385
-0.00465495 -0.01181656 0.99991935
-0.00271836 -0.02036845 0.99978885
0.00753539 -0.02565043 0.99964257
0.01856039 -0.03182471 0.99932112
-0.00014397 -0.01453580 0.99989434
0.00294042 -0.01137331 0.99993100
0.00903407 -0.00262149 0.99995576
0.01741551 -0.00187568 0.99984658
0.01462942 -0.02060468 0.99968066
0.02932844 -0.01173396 0.99950095
-0.00855939 -0.01928965 0.99977730
0.03170646 -0.03064262 0.99902739
-0.04454490 -0.00740647 0.99897993
-0.01035182 -0.01729895 0.99979677
-0.00849197 -0.01608443 0.99983458
-0.02542638 0.00025351 0.99967667
-0.01175454 -0.02028002 0.99972524
-0.00265003 -0.01255716 0.99991764
-0.01598878 -0.00905713 0.99983115
-0.00226377 -0.02481706 0.99968945
0.00336593 -0.01122685 0.99993131
0.00548658 -0.01395697 0.99988754
-0.01530417 -0.02074770 0.99966760
-0.05191576 -0.02240936 0.99840001
0.01710286 -0.04871357 0.99866635
-0.04128567 0.01354298 0.99905559
-0.00660241 -0.00788873 0.99994709
0.03667456 -0.01663480 0.99918880
0.00707254 -0.02677058 0.99961658
-0.02172590 -0.03622371 0.99910752
0.02403926 -0.03518816 0.99909154
0.04938070 -0.01053873 0.99872443
-0.01229860 -0.00745663 0.99989657
-0.02638292 -0.00884540 0.99961278
0.04948169 -0.00372219 0.99876809
0.05425339 -0.02386567 0.99824195
0.02782323 -0.05194833 0.99826211
0.01504221 -0.00941549 0.99984253
0.03530574 -0.01190097 0.99930569
0.03155099 -0.01088071 0.99944292
0.09536941 -0.01525969 0.99532498
0.11159702 -0.01524574 0.99363659
0.13675049 -0.02353375 0.99032594
0.18071279 -0.02856475 0.98312102
0.22155134 -0.00406184 0.97514025
0.25334079 -0.07931744 0.96411990
0.21420396 -0.02327532 0.97651161
0.17991908 -0.01069398 0.98362328
0.17309485 -0.02158907 0.98466851
0.19040280 0.01063690 0.98164842
0.17906082 -0.10597312 0.97811396
0.20655451 -0.06492658 0.97627853
-0.02000346 -0.06726376 0.99753469
0.20071361 -0.02438257 0.97934648
0.12287512 0.01357905 0.99232924
0.16441036 0.03383156 0.98581168
0.22308139 0.05776407 0.97308684
0.10715972 0.03213049 0.99372251
0.10135025 -0.01320955 0.99476310
0.08692060 0.03211666 0.99569741
0.11236187 -0.01407005 0.99356773
0.24867240 -0.03198729 0.96805932
0.19290088 0.00920973 0.98117503
0.17133511 -0.03169339 0.98470290
0.16490460 -0.07278076 0.98362057
0.08544165 -0.01770018 0.99618594
0.18178996 -0.07453353 0.98050863
0.08575390 -0.01286349 0.99623331
0.08331324 -0.02517108 0.99620546
0.07946068 -0.06438222 0.99475672
-0.00374761 0.06313451 0.99799799
0.06026349 0.00972836 0.99813510
0.02548224 -0.00107221 0.99967470
0.04618832 -0.01953437 0.99874173
0.05310470 -0.02008210 0.99838700
0.00006817 0.00722921 0.99997387
0.00558184 0.01243467 0.99990711
-0.04042393 -0.02016466 0.99897913
0.00341473 -0.00235043 0.99999141
-0.01192784 -0.01802122 0.99976645
-0.01357416 -0.00368173 0.99990109
0.00687753 0.00267440 0.99997277
-0.01713246 0.01562219 0.99973118
-0.02083373 0.00177984 0.99978137
-0.00634513 0.01803812 0.99981717
-0.03485506 -0.00909525 0.99935099
-0.01612818 -0.00434802 0.99986048
-0.00344939 -0.01774633 0.99983657
-0.07655188 0.00622372 0.99704617
0.01602394 -0.00810123 0.99983879
0.00508986 -0.01387321 0.99989081
0.00563382 -0.01513983 0.99986951
-0.01373791 -0.01217263 0.99983153
-0.01079058 -0.01506538 0.99982828
-0.01022430 0.00601217 0.99992966
-0.00388266 -0.02300298 0.99972786
-0.02166687 -0.00645664 0.99974440
-0.00750107 -0.00253753 0.99996865
-0.00771549 -0.00301637 0.99996569
-0.01138032 -0.02932363 0.99950518
-0.02033179 -0.00816875 0.99975992
-0.01364499 -0.00579924 0.99989009
0.01864635 -0.03709334 0.99913783
-0.00420815 -0.00417839 0.99998242
-0.00832272 -0.00651127 0.99994417
0.00196352 -0.02419809 0.99970526
0.00275486 -0.02452327 0.99969546
0.00616048 -0.01305762 0.99989577
0.01304552 -0.01705742 0.99976940
0.01384985 -0.01398097 0.99980634
-0.01029978 -0.00885178 0.99990778
-0.00805262 -0.02199767 0.99972559
0.00005446 -0.02301284 0.99973517
0.00590350 -0.01553220 0.99986194
-0.00430593 -0.00561264 0.99997498
-0.01408362 -0.01770897 0.99974399
-0.01577639 -0.01881079 0.99969858
0.03546482 -0.01110658 0.99930921
0.00737454 -0.02256894 0.99971809
-0.03619766 0.00160227 0.99934337
0.04644555 -0.00477816 0.99890940
0.01112959 -0.01539068 0.99981961
0.01496109 -0.02408593 0.99959794
0.06899635 -0.00397963 0.99760897
0.09034722 -0.01704878 0.99576439
0.06023445 -0.02746838 0.99780624
0.04226175 -0.01629973 0.99897360
0.10901530 -0.00675901 0.99401709
0.05526477 -0.01497835 0.99835938
0.08436096 -0.01444169 0.99633060
0.00608499 -0.03055512 0.99951456
0.00951894 -0.00572420 0.99993831
-0.02367839 -0.02379551 0.99943640
0.02059989 -0.01489073 0.99967690
-0.01714784 -0.02046193 0.99964357
-0.02953165 -0.02390260 0.99927801
-0.01509830 -0.01164253 0.99981823
-0.03383751 -0.01108666 0.99936585
-0.02650350 -0.02279190 0.99938886
-0.07197710 -0.01563576 0.99728372
-0.05753807 -0.02197399 0.99810145
-0.01961218 -0.02117595 0.99958338
-0.03881962 -0.00338634 0.99924050
-0.00420472 -0.01886502 0.99981320
-0.05082295 -0.02030350 0.99850127
-0.05272861 -0.01273730 0.99852764
-0.03237283 0.02793592 0.99908537
-0.02951423 0.01353013 0.99947278
-0.00274996 -0.00221324 0.99999377
-0.03988618 -0.05083136 0.99791045
-0.05220764 -0.04901285 0.99743276
-0.09144778 -0.01037664 0.99575581
-0.04076160 -0.01823603 0.99900247
0.00414413 0.03444492 0.99939801
-0.00391685 0.01723403 0.99984381
-0.03921869 -0.00632556 0.99921063
-0.08676083 -0.04340921 0.99528297
0.03376279 -0.01091949 0.99937022
0.00475446 -0.00828618 0.99995437
-0.11621621 0.00364846 0.99321724
-0.05105145 0.00768252 0.99866647
-0.02042898 -0.01586433 0.99966543
-0.05622947 -0.01192272 0.99834668
0.02999062 -0.00805466 0.99951773
0.01764659 0.00981271 0.99979613
0.00283334 -0.00141511 0.99999498
-0.05271375 0.00501034 0.99859709
-0.05994520 -0.01277235 0.99811995
-0.02254191 -0.03385668 0.99917245
0.01566334 -0.00838582 0.99984216
-0.02424062 -0.01326474 0.99961815
-0.00747166 0.00476582 0.99996073
0.00256046 -0.00648103 0.99997572
-0.00492421 -0.01212351 0.99991438
-0.00946014 0.00834510 0.99992043
0.00280682 -0.01136907 0.99993143
-0.01593385 -0.00163734 0.99987171
0.02221670 -0.02016938 0.99954971
-0.02265980 -0.01187315 0.99967273
0.01204804 0.00113577 0.99992677
-0.05053892 0.00630324 0.99870220
0.03796506 -0.00052529 0.99927893
-0.04166277 -0.00997055 0.99908198
0.00695714 -0.00375449 0.99996875
-0.03616481 -0.00108093 0.99934525
0.04418063 -0.01802714 0.99886090
0.01172331 -0.01213002 0.99985770
-0.00954654 -0.00790094 0.99992322
0.00498706 0.00943953 0.99994301
-0.01276886 -0.02132118 0.99969113
-0.00696889 0.00310010 0.99997091
0.04298003 -0.01153910 0.99900929
-0.01608493 -0.00324224 0.99986537
0.01278717 -0.00870335 0.99988036
-0.02117292 -0.02440437 0.99947793
-0.01989305 -0.01574386 0.99967815
-0.01279375 -0.00845909 0.99988237
-0.00531305 -0.02645741 0.99963582
-0.00807960 -0.01518265 0.99985209
-0.00942378 0.00237510 0.99995277
-0.00577593 -0.00917402 0.99994124
0.00496081 -0.02284172 0.99972679
-0.02018802 -0.01985126 0.99959911
-0.01556180 -0.01366305 0.99978555
0.01242226 -0.01209371 0.99984970
-0.03510945 -0.00475552 0.99937216
-0.00400877 -0.02347098 0.99971648
-0.00175789 -0.02355807 0.99972092
-0.00422203 -0.02413906 0.99969970
-0.01027944 -0.02686654 0.99958618
0.00087982 -0.00430941 0.99999033
-0.00074045 -0.00451752 0.99998952
-0.01428649 -0.00181134 0.99989630
-0.01097050 -0.01755423 0.99978573
0.00630987 -0.01424435 0.99987863
0.00133467 -0.01153237 0.99993261
-0.01642809 -0.00839435 0.99982981
0.00229175 -0.01281534 0.99991525
-0.00394387 -0.01232166 0.99991631
0.00510333 -0.01292586 0.99990343
-0.00966259 -0.02301069 0.99968852
-0.03047047 -0.01071114 0.99947827
0.03078390 -0.00352211 0.99951986
0.01236473 -0.01126741 0.99986007
-0.00437145 -0.01868481 0.99981587
-0.04566721 -0.01523786 0.99884048
-0.00675081 -0.02221144 0.99973050
-0.00174904 -0.02761085 0.99961722
0.00974216 -0.03738027 0.99925362
0.01751465 0.01218172 0.99977240
-0.00536290 -0.00740200 0.99995822
-0.00764834 0.00012405 0.99997074
0.01013535 -0.03756520 0.99924278
0.01432115 -0.02407685 0.99960753
-0.02326587 -0.00732203 0.99970250
-0.01370168 -0.00647339 0.99988517
-0.03938858 0.00150335 0.99922284
-0.00076067 -0.02060791 0.99978735
-0.00059196 -0.02645734 0.99964977
-0.00859335 -0.02089514 0.99974474
0.01523337 -0.01242109 0.99980681
-0.00385777 -0.02082745 0.99977564
0.05204047 -0.01017229 0.99859317
0.02134114 -0.02983274 0.99932706
-0.01816404 -0.01372284 0.99974084
-0.00268706 -0.00145178 0.99999534
0.00723952 -0.00989533 0.99992483
0.03422776 -0.01737553 0.99926300
-0.01568626 -0.03627306 0.99921880
0.00372119 -0.02949065 0.99955813
0.00157393 -0.02007529 0.99979723
-0.07554555 -0.03158356 0.99664204
0.02848380 0.03225802 0.99907362
-0.00259851 -0.01777971 0.99983855
0.01401389 -0.00574317 0.99988531
-0.05742489 -0.06738188 0.99607332
-0.01718400 -0.04309683 0.99892311
-0.06141156 -0.05748464 0.99645579
-0.06116166 -0.00446334 0.99811789
-0.01889719 -0.00370491 0.99981457
-0.09022098 -0.05661894 0.99431105
-0.09924034 0.05190002 0.99370908
-0.08637497 -0.04946016 0.99503420
-0.11719152 0.06596395 0.99091619
-0.12783826 -0.00052980 0.99179489
-0.10743326 -0.03847136 0.99346769
-0.14234349 0.03048914 0.98934764
-0.28401697 -0.04620569 0.95770527
-0.21085674 -0.04794497 0.97634047
-0.17239246 -0.03502318 0.98440551
-0.17411932 0.01677409 0.98458168
-0.15202713 0.03426251 0.98778228
-0.20675791 -0.07242896 0.97570755
-0.25499194 0.04645942 0.96582640
-0.20639684 0.03238398 0.97793232
-0.16781984 0.06563022 0.98363061
-0.07974774 0.03852187 0.99607046
-0.19154358 0.07102392 0.97891096
-0.18210448 -0.09854051 0.97832905
-0.18033450 -0.04961849 0.98235303
-0.21986840 0.02644014 0.97517117
-0.25042115 -0.08807917 0.96412204
-0.23369434 0.04872158 0.97108865
-0.14977650 0.01752327 0.98856458
-0.14832516 0.01210246 0.98886459
-0.21713017 0.01382490 0.97604475
-0.18348638 -0.00810003 0.98298888
-0.10726495 -0.07614336 0.99131046
-0.16457594 0.00220841 0.98636194
-0.10616033 -0.02322669 0.99407772
-0.06368582 0.02591016 0.99763359
-0.11776385 0.00244318 0.99303862
-0.05266246 -0.00422834 0.99860342
-0.08613520 0.00957894 0.99623741
-0.06780481 -0.00033638 0.99769855
0.06780612 -0.02222124 0.99745103
-0.02276972 0.01114137 0.99967865
-0.08226559 0.01540377 0.99649139
0.01111633 0.00215751 0.99993588
-0.05016575 0.02356986 0.99846275
-0.04541252 0.00414574 0.99895972
0.01404915 0.01631911 0.99976813
0.04162419 -0.01487217 0.99902265
0.02018364 -0.00871220 0.99975833
-0.03560547 -0.00259130 0.99936256
-0.01804126 0.00394790 0.99982945
-0.02399126 0.00677784 0.99968919
-0.02466877 0.00216618 0.99969333
0.00405168 -0.01775735 0.99983412
0.01863951 -0.00908624 0.99978498
0.03323786 -0.00359647 0.99944100
0.00708461 -0.01037597 0.99992107
-0.05703961 0.00520215 0.99835836
-0.02937145 -0.00890161 0.99952893
0.01045052 0.00049154 0.99994527
-0.01029699 -0.00454905 0.99993664
0.00166173 -0.00996240 0.99994899
0.01142554 -0.01970886 0.99974048
-0.03697581 -0.01627437 0.99918363
-0.00520090 -0.01074139 0.99992878
-0.03318848 -0.00653319 0.99942776
-0.01467650 -0.00501666 0.99987971
0.02401528 -0.01473904 0.99960293
0.05571095 -0.01899753 0.99826619
0.01690582 -0.00863714 0.99981978
-0.00659793 0.00715547 0.99995263
-0.02640585 -0.04072434 0.99882144
0.00909848 0.00184174 0.99995691
0.03952611 -0.00080402 0.99921821
0.03293819 -0.02441990 0.99915902
0.01689077 -0.02086328 0.99963965
0.01758222 -0.02269936 0.99958772
-0.00032872 -0.03125550 0.99951137
-0.02327687 -0.00659978 0.99970727
0.04320880 -0.01856079 0.99889364
0.00307929 -0.01637317 0.99986121
0.03787189 -0.00287852 0.99927846
-0.01282567 -0.01475360 0.99980890
0.04267335 -0.00142917 0.99908806
-0.00703772 -0.00990957 0.99992613
-0.00548872 -0.02465323 0.99968100
0.05363290 -0.01387236 0.99846436
-0.02277586 -0.00320330 0.99973546
-0.05483377 -0.02904116 0.99807308
0.00557879 0.00265459 0.99998091
0.01254872 -0.01914809 0.99973791
0.00201641 -0.01858076 0.99982533
-0.01687603 -0.02117768 0.99963329
-0.00266770 -0.01053000 0.99994100
-0.00773717 -0.01988446 0.99977235
0.01529197 -0.01626165 0.99975083
0.00407178 -0.01235999 0.99991532
-0.01704564 -0.02337441 0.99958145
-0.00835356 -0.01898465 0.99978488
-0.01296351 -0.00591141 0.99989850
-0.02658287 -0.01953359 0.99945575
-0.01348429 -0.01848859 0.99973814
-0.00133872 -0.03282802 0.99946012
-0.12359803 -0.00341731 0.99232648
-0.07238110 -0.01000751 0.99732684
-0.00684700 -0.01856760 0.99980416
-0.05036834 -0.01606418 0.99860151
-0.00429775 -0.02593961 0.99965427
-0.00747394 -0.00729747 0.99994544
0.01426517 -0.02701728 0.99953318
-0.03412125 -0.04301119 0.99849175
-0.04717655 -0.00449513 0.99887645
0.01363208 -0.01757211 0.99975266
0.13612793 0.00046598 0.99069116
-0.01341010 -0.02907506 0.99948727
0.05770565 0.01755358 0.99817931
0.03601960 0.00822129 0.99931727
0.10110884 -0.01596803 0.99474722
0.05619349 -0.02506171 0.99810531
0.09006321 -0.01725890 0.99578650
0.24803556 0.00324691 0.96874549
0.12253608 -0.02988942 0.99201388
0.09212197 -0.01895461 0.99556731
0.19393298 -0.01479079 0.98090327
0.09829243 -0.01147100 0.99509146
0.08911538 0.01206301 0.99594826
0.16896818 0.02951517 0.98517948
0.09700074 -0.01226907 0.99520869
0.13639107 -0.03600647 0.99000051
0.13130466 -0.05481890 0.98982522
0.11840079 -0.04611236 0.99189460
0.10056338 -0.00899591 0.99488998
0.03304082 0.01266973 0.99937369
0.11885035 0.00439303 0.99290246
0.18014843 0.01895650 0.98345676
0.17742073 -0.02332379 0.98385867
0.17635400 -0.01094619 0.98426594
0.15947116 -0.01273361 0.98712046
0.08382315 -0.00990853 0.99643138
0.05962908 0.01939879 0.99803209
0.12496349 -0.01380045 0.99206536
0.11964183 -0.00634265 0.99279686
0.10037266 -0.03782215 0.99423077
0.13222255 -0.00988833 0.99117073
0.05941883 -0.00832738 0.99819841
0.12914594 -0.03390999 0.99104563
0.11590507 -0.00939055 0.99321590
0.05356351 0.00514004 0.99855122
0.03619887 0.02233833 0.99909491
-0.04021315 0.01717673 0.99904347
0.04674871 -0.00873560 0.99886848
0.01952734 0.00035961 0.99980926
0.05831836 -0.01772939 0.99814059
0.03867519 0.01119588 0.99918911
0.03787384 -0.02054806 0.99907124
0.03404931 -0.00658191 0.99939848
-0.02164024 0.00311066 0.99976098
-0.01697225 0.00276227 0.99985215
-0.00253753 -0.00511805 0.99998368
-0.00889274 -0.01649392 0.99982442
-0.01342255 -0.00477734 0.99989850
-0.05349995 -0.00510690 0.99855479
0.02091006 -0.00019719 0.99978134
0.00029539 -0.00675054 0.99997717
-0.01226573 -0.00409238 0.99991640
0.02647712 -0.00300698 0.99964490
-0.01954119 -0.01587341 0.99968304
-0.01574919 -0.01064234 0.99981934
-0.00421780 -0.00538351 0.99997661
-0.01669795 -0.01931808 0.99967394
-0.00805866 -0.00284787 0.99996347
-0.02136670 -0.01104303 0.99971072
0.03442841 -0.04206357 0.99852158
-0.04907503 -0.00743170 0.99876745
-0.02228071 -0.00890889 0.99971206
-0.02511099 -0.01003947 0.99963426
-0.02733214 -0.03082813 0.99915093
-0.01590751 0.00499864 0.99986097
-0.01805925 -0.01216396 0.99976292
-0.00847368 -0.01819785 0.99979850
-0.01076345 -0.00839140 0.99990686
-0.01554740 -0.00079924 0.99987881
-0.01128173 -0.01426498 0.99983460
0.00088878 -0.01005790 0.99994902
-0.02429568 -0.00185256 0.99970310
0.01462303 -0.01911532 0.99971034
-0.03738764 -0.01814662 0.99913606
-0.03354193 -0.01872761 0.99926184
0.00143586 -0.02046629 0.99978951
0.02462295 -0.01676222 0.99955627
0.00324969 -0.02011774 0.99979234
-0.03337020 0.01411353 0.99934340
0.00293699 -0.01133242 0.99993147
-0.00110793 -0.01082426 0.99994080
0.00571918 -0.02195856 0.99974252
-0.01375358 -0.00191064 0.99990359
0.00222344 -0.01530719 0.99988037
-0.00799562 -0.00898157 0.99992770
-0.00890469 -0.02141354 0.99973105
0.00054592 -0.01625130 0.99986779
-0.01076813 -0.02460869 0.99963916
-0.00670078 -0.01553240 0.99985691
-0.01054402 -0.00830392 0.99990993
-0.01728964 -0.00678770 0.99982748
0.01333702 -0.00913802 0.99986930
0.00513487 -0.02150132 0.99975563
-0.02107625 -0.01468264 0.99967005
0.00559985 -0.01056118 0.99992855
0.01592045 -0.01266503 0.99979305
-0.00420450 -0.00697358 0.99996685
-0.00737744 -0.01102554 0.99991200
0.02398346 -0.01155269 0.99964560
0.00120325 -0.01475427 0.99989043
-0.00709884 -0.01449945 0.99986968
-0.01712520 -0.01934816 0.99966613
0.01697087 -0.02466558 0.99955170
-0.04465518 -0.01690310 0.99885945
0.00688708 -0.00169145 0.99997485
0.01005621 -0.01042389 0.99989510
-0.01125219 -0.01526599 0.99982015
-0.01785969 -0.00329335 0.99983508
-0.00999810 -0.01356508 0.99985800
-0.01574475 -0.01028241 0.99982317
-0.04864541 -0.00395659 0.99880827
-0.02717909 -0.01536589 0.99951247
-0.03326403 -0.01491142 0.99933536
0.00144696 -0.00550439 0.99998380
-0.01282310 -0.01141658 0.99985260
-0.00487247 -0.01390059 0.99989151
-0.02191889 -0.00240080 0.99975687
0.00624337 -0.00552171 0.99996526
-0.00927236 -0.01235617 0.99988067
-0.00402650 -0.02058470 0.99978000
-0.00618235 -0.00856011 0.99994425
-0.01952614 -0.01545458 0.99968989
0.01429671 -0.02830612 0.99949706
-0.00972971 -0.00815974 0.99991937
0.02031641 -0.02335177 0.99952085
0.01903927 -0.01711291 0.99967227
0.03907954 -0.01930381 0.99904962
0.02339793 -0.02764456 0.99934394
0.03749972 -0.01615045 0.99916612
0.00722621 -0.01034840 0.99992034
0.01660306 -0.00727859 0.99983567
-0.00583691 -0.02780667 0.99959628
-0.01100131 -0.01353397 0.99984789
0.00405978 -0.01110607 0.99993008
0.00762134 -0.01354059 0.99987928
0.01420379 -0.03131106 0.99940876
-0.01325361 -0.03815416 0.99918397
0.01218123 0.00214578 0.99992350
-0.01205549 -0.01711312 0.99978088
-0.02450957 -0.02401251 0.99941117
-0.04517183 -0.02040431 0.99877083
-0.01732496 -0.01646893 0.99971427
-0.03289243 -0.01337366 0.99936942
-0.03205510 -0.00163893 0.99948476
0.00180759 0.00338031 0.99999265
-0.01304916 0.02266529 0.99965794
0.02171403 -0.00467034 0.99975331
-0.02654840 -0.02304599 0.99938184
-0.09748291 -0.06676445 0.99299526
-0.06872042 -0.04643707 0.99655462
-0.03886260 0.01033549 0.99919111
-0.02170380 -0.00536651 0.99975004
-0.05764628 0.00364768 0.99833041
-0.03628248 -0.05744529 0.99768914
-0.21263201 0.02018316 0.97692388
0.03784927 0.02653810 0.99893101
-0.04948137 -0.03682071 0.99809610
-0.11754561 0.01295159 0.99298302
-0.07405514 0.00297402 0.99724971
-0.22686986 -0.03236524 0.97338716
-0.10928375 -0.01772048 0.99385263
-0.12695331 0.04520491 0.99087808
-0.11659168 0.01669319 0.99303963
-0.29027673 -0.05938548 0.95509831
-0.20579494 -0.02095362 0.97837078
-0.14126984 -0.07443540 0.98716878
-0.09703193 -0.02572802 0.99494868
-0.03473456 0.00265142 0.99939306
-0.11175840 -0.01169881 0.99366654
-0.14353064 0.02676333 0.98928392
-0.15306488 0.00101823 0.98821562
-0.12570573 -0.01397822 0.99196909
-0.10435561 -0.03155522 0.99403932
-0.14609459 -0.00257933 0.98926726
-0.07236921 0.00222860 0.99737542
-0.07350228 -0.03858966 0.99654817
-0.11801101 -0.02231795 0.99276146
-0.12154344 -0.01062131 0.99252928
-0.11557850 0.00156963 0.99329711
-0.08935804 0.00640106 0.99597900
-0.06583743 0.00711941 0.99780496
-0.08282880 0.00771496 0.99653393
-0.03818857 -0.00612454 0.99925178
-0.04998550 0.01396342 0.99865233
-0.07884496 -0.00534234 0.99687258
-0.03985724 -0.01451436 0.99909996
-0.13881022 0.05639660 0.98871186
-0.04113693 0.02409310 0.99886299
-0.03827666 0.02165136 0.99903259
-0.07152299 0.03095570 0.99695848
0.00616114 0.00604695 0.99996274
0.06596681 -0.02453620 0.99752010
0.00355739 0.00489152 0.99998171
-0.02279901 -0.00300245 0.99973556
-0.04852573 -0.00412051 0.99881343
-0.02374289 0.01158507 0.99965097
-0.00059441 0.00187082 0.99999807
0.01505785 -0.00286784 0.99988251
0.04850425 -0.03258844 0.99829121
-0.02104618 -0.01207738 0.99970555
-0.01498052 0.00312718 0.99988290
0.02337661 -0.01919974 0.99954235
-0.01104888 0.00092336 0.99993853
-0.02593411 -0.02045663 0.99945433
0.05240642 -0.03880776 0.99787150
0.02582509 -0.01046222 0.99961173
0.04633020 -0.00741675 0.99889865
-0.00841140 -0.00249789 0.99996150
-0.00799367 -0.00631759 0.99994809
-0.00809266 -0.01406461 0.99986834
0.00407621 -0.00834563 0.99995687
0.00466300 -0.01082225 0.99993057
-0.00744691 -0.01493011 0.99986081
0.00310694 -0.01245311 0.99991763
-0.03891054 -0.00874426 0.99920444
-0.02918284 -0.00734644 0.99954709
-0.03802128 -0.01820547 0.99911108
0.01856080 -0.00840886 0.99979237
0.00229473 -0.00910343 0.99995593
-0.02968908 0.00581796 0.99954225
0.01654482 -0.00025374 0.99986309
-0.00031296 0.00852604 0.99996360
0.04273023 -0.06830187 0.99674921
-0.00782372 -0.05249016 0.99859079
-0.10374998 0.01612012 0.99447277
0.00602708 -0.00932309 0.99993838
-0.07425901 0.05777286 0.99556411
0.00839884 -0.01986747 0.99976734
0.00191220 -0.02239802 0.99974730
0.06491716 -0.04823884 0.99672402
-0.02263542 -0.01091438 0.99968421
0.08355868 -0.02749597 0.99612345
0.08064211 -0.03404757 0.99616144
0.04809895 -0.03708641 0.99815384
0.02153685 -0.03190194 0.99925894
0.04610402 -0.01445520 0.99883205
0.05902156 -0.05274106 0.99686250
-0.00310399 -0.02024015 0.99979033
-0.03167408 -0.00116785 0.99949757
-0.03508693 0.02541271 0.99906111
0.04111530 -0.04506666 0.99813753
0.04850752 -0.05132393 0.99750332
-0.00110047 -0.01725545 0.99985051
-0.01329673 -0.00957348 0.99986576
-0.01464797 -0.00978255 0.99984486
-0.07021000 0.03450904 0.99693514
-0.07429636 -0.01134555 0.99717167
-0.01500197 -0.01821920 0.99972146
-0.07315737 0.00826954 0.99728612
-0.00832439 -0.01725665 0.99981644
0.00405784 -0.12405740 0.99226675
-0.00440563 0.01489732 0.99987932
-0.11103829 0.03369678 0.99324470
-0.12005859 -0.01992332 0.99256687
-0.25108945 0.02828911 0.96755042
0.12686013 -0.09130591 0.98770934
-0.01535915 -0.09923735 0.99494525
0.05374007 -0.02229258 0.99830609
0.14581653 -0.04307845 0.98837330
0.03816165 0.01913430 0.99908837
-0.01024815 0.01823216 0.99978126
0.03479153 -0.03059138 0.99892628
0.02331093 0.02887881 0.99931107
0.05080562 -0.02951177 0.99827243
0.22957147 -0.01761273 0.97313243
0.26775180 0.05089525 0.96214274
0.29139689 0.00962135 0.95655386
0.13142103 -0.04535299 0.99028865
-0.01496752 -0.05893830 0.99814941
-0.05746256 -0.05740118 0.99669612
-0.01265379 -0.06505931 0.99780117
0.04073894 -0.01928787 0.99898364
0.11082452 0.01982847 0.99364217
0.06047461 -0.08762305 0.99431636
0.14798381 0.01688846 0.98884557
0.12639484 -0.00572831 0.99196347
0.19632076 -0.04337938 0.97957970
0.18293387 0.05510938 0.98157942
0.11114860 0.04274493 0.99288411
0.14862716 -0.01302859 0.98880748
0.06456728 -0.03503320 0.99729822
0.08057286 -0.02062467 0.99653532
0.09086236 -0.00008089 0.99586346
0.08503808 -0.00031266 0.99637765
0.10362800 -0.01378217 0.99452063
0.02174633 0.04135879 0.99890768
0.06464285 0.00947762 0.99786346
0.03827999 -0.02962666 0.99882776
0.04470885 -0.00802354 0.99896784
-0.00885123 0.00470435 0.99994976
0.01703592 -0.00635363 0.99983469
0.01851817 -0.01044826 0.99977393
0.01850475 -0.00569359 0.99981256
0.01455187 -0.01067119 0.99983717
0.00689158 -0.00507770 0.99996336
0.02551048 -0.00181480 0.99967291
0.00784682 -0.00671494 0.99994667
-0.03924984 -0.00992071 0.99918018
-0.00348108 -0.00591964 0.99997642
0.02711152 -0.01643254 0.99949734
0.03854453 -0.01204702 0.99918426
0.03010225 -0.00799892 0.99951482
0.02993380 -0.00725960 0.99952552
0.02035902 -0.00524387 0.99977898
0.02044911 -0.00461548 0.99978024
0.05418183 0.00103246 0.99853055
0.02733242 -0.01842344 0.99945661
0.04669326 -0.00876407 0.99887083
0.00487858 -0.01461171 0.99988134
0.03046565 -0.00064924 0.99953560
0.04023994 -0.00700519 0.99916549
0.04316967 -0.02187849 0.99882817
0.02549984 -0.02249044 0.99942180
0.01275696 0.00899984 0.99987812
0.02861644 -0.00387963 0.99958294
-0.02293346 -0.01488824 0.99962613
-0.01585835 -0.00283812 0.99987022
0.01016676 -0.00678593 0.99992529
-0.05216628 -0.03021990 0.99818106
0.00075060 -0.04012643 0.99919433
-0.01646523 -0.01128715 0.99980073
-0.04503261 -0.00730857 0.99895878
-0.03683249 -0.00860069 0.99928444
-0.00342480 0.00171229 0.99999267
-0.00984676 -0.00775284 0.99992146
-0.02093840 -0.00618116 0.99976166
0.01625095 0.00434591 0.99985850
-0.03142374 -0.00687179 0.99948253
-0.02780575 -0.01923963 0.99942817
-0.00988338 -0.00384839 0.99994375
0.02029761 -0.00647530 0.99977301
-0.02203859 -0.00328417 0.99975173
-0.02313176 -0.00356170 0.99972608
-0.00845089 -0.00493224 0.99995213
-0.00856830 -0.02018376 0.99975957
-0.00866319 -0.00548134 0.99994745
0.00654294 -0.00153408 0.99997742
-0.03010589 -0.00853751 0.99951025
0.01190757 -0.00823722 0.99989517
-0.02452766 -0.00828125 0.99966485
-0.01678382 -0.00945993 0.99981439
0.01084094 -0.01827842 0.99977416
0.00934041 -0.00522559 0.99994272
0.00767768 -0.00499697 0.99995804
0.01788338 -0.01493951 0.99972846
-0.01014427 -0.00492728 0.99993641
0.01147965 -0.01842156 0.99976440
-0.00204642 -0.01152211 0.99993152
-0.01349132 -0.01338305 0.99981942
-0.01051958 -0.01464758 0.99983738
-0.00156383 -0.00558797 0.99998316
0.00051860 -0.00599509 0.99998189
0.02798315 -0.01388159 0.99951200
0.00652329 -0.01311510 0.99989271
-0.00011350 -0.00908248 0.99995875
-0.00003689 -0.02590989 0.99966428
0.02514561 -0.01360704 0.99959119
-0.03909452 -0.01620465 0.99910411
-0.03138028 -0.01852837 0.99933577
-0.04904834 -0.01187934 0.99872576
-0.00286528 -0.01151349 0.99992961
-0.01124649 -0.01111477 0.99987498
-0.00246412 -0.01561503 0.99987504
0.02225231 -0.01686803 0.99961008
0.00685281 -0.01127316 0.99991297
0.05628659 -0.03711634 0.99772451
-0.00327800 -0.01648000 0.99985882
-0.01488705 -0.00371425 0.99988228
0.01107906 -0.01423749 0.99983726
0.02284440 -0.02114807 0.99951533
-0.01934044 -0.01294397 0.99972916
0.01562851 -0.01390849 0.99978113
-0.01353726 -0.02181329 0.99967041
0.00774617 -0.03599237 0.99932204
-0.00745938 -0.02826416 0.99957266
-0.01187883 -0.01986041 0.99973219
-0.01073609 -0.00981668 0.99989418
0.00906661 0.00780026 0.99992847
0.05331877 0.00129518 0.99857670
-0.01744462 -0.00932806 0.99980432
0.02201602 -0.03317545 0.99920703
0.01043691 -0.01556850 0.99982433
0.00906208 -0.01779926 0.99980051
0.01326132 -0.02291698 0.99964941
-0.01305124 -0.00892171 0.99987503
0.02026896 -0.01934896 0.99960732
-0.02589189 -0.05673977 0.99805321
0.03231728 -0.01690326 0.99933472
0.01244198 -0.01079235 0.99986435
0.01206900 -0.03341490 0.99936869
0.01107964 -0.02354799 0.99966131
0.06577461 -0.03595274 0.99718659
0.05297462 -0.00173398 0.99859435
0.05409061 -0.01283749 0.99845351
0.07742198 -0.00734962 0.99697132
0.04413635 0.02193114 0.99878477
0.08082415 -0.02417843 0.99643508
0.03724182 0.00080715 0.99930596
0.05226092 -0.02644588 0.99828323
0.10675084 0.00240821 0.99428289
0.06284738 -0.03361889 0.99745675
0.08563530 -0.01718499 0.99617833
0.06460131 -0.01606614 0.99778181
0.09081269 -0.01696048 0.99572356
0.07806233 -0.01168466 0.99688000
0.08220267 -0.01852065 0.99644353
0.13544863 -0.01828442 0.99061564
0.14638973 0.00211117 0.98922474
0.12959074 -0.01411080 0.99146716
0.06746743 -0.01789959 0.99756090
0.09371501 -0.00899238 0.99555845
0.07936646 -0.03435934 0.99625318
0.04392088 0.02031127 0.99882852
0.06204128 -0.01560287 0.99795162
0.07761525 -0.01401634 0.99688486
0.07626920 -0.02199214 0.99684470
0.02961639 -0.01864014 0.99938752
0.01729368 -0.00986289 0.99980181
0.10405447 0.00062503 0.99457140
0.03638547 0.00820019 0.99930419
0.01033092 -0.01012716 0.99989535
-0.00591211 -0.01967081 0.99978903
0.03973453 -0.00765343 0.99918096
-0.03000630 -0.00476066 0.99953837
-0.00999817 -0.00165582 0.99994865
0.00390421 -0.02753212 0.99961330
-0.07011494 -0.03364335 0.99697142
-0.01470457 -0.01425023 0.99979033
-0.01174802 -0.00906672 0.99988988
-0.01988701 0.00549523 0.99978713
-0.02185302 -0.01808533 0.99959760
-0.03196120 -0.00717200 0.99946338
0.00739812 0.00430409 0.99996337
-0.00781711 -0.01678958 0.99982849
0.03593130 0.01554133 0.99923341
0.03842839 0.00525621 0.99924753
-0.03501862 0.00453411 0.99937637
-0.00543011 -0.00178581 0.99998366
0.02226054 -0.01414676 0.99965211
0.03294644 -0.00094079 0.99945668
0.02723513 -0.00779309 0.99959868
0.00564099 0.00898171 0.99994375
0.02059687 -0.00777516 0.99975763
0.00309428 -0.01738322 0.99984411
-0.00885624 -0.00940540 0.99991655
0.00460594 -0.03231940 0.99946698
0.01245110 -0.01951851 0.99973196
0.00296688 -0.00917253 0.99995353
-0.00637418 -0.00903952 0.99993883
-0.00151284 -0.00448607 0.99998879
-0.00833730 -0.00405957 0.99995700
-0.00626458 0.00784768 0.99994958
-0.03344244 -0.02853933 0.99903309
-0.02050228 -0.02339047 0.99951615
0.00122254 -0.01875285 0.99982340
0.01174732 -0.01035722 0.99987736
0.04096104 -0.01099750 0.99910022
0.02314741 0.00838477 0.99969690
0.00532896 0.00060829 0.99998562
-0.01798121 -0.01370132 0.99974444
0.01613216 -0.02321081 0.99960043
0.00487611 -0.02385304 0.99970358
-0.04614662 0.01814238 0.99876992
-0.00453145 -0.00080399 0.99998941
0.00762119 -0.00457374 0.99996050
0.02234656 -0.00605755 0.99973193
0.03058192 0.01895860 0.99935245
0.01304140 -0.01369907 0.99982111
-0.02756773 -0.01600681 0.99949177
0.03065943 -0.01041605 0.99947562
-0.02466071 -0.02140693 0.99946665
-0.03744160 -0.01296567 0.99921470
-0.00117731 -0.00454119 0.99998900
-0.01714192 0.00329503 0.99984764
-0.01027350 -0.01477966 0.99983800
-0.02050368 -0.01056593 0.99973394
-0.01457284 -0.00934753 0.99985012
-0.01831733 -0.00846996 0.99979635
0.00501201 -0.01691138 0.99984443
0.02761401 -0.00850847 0.99958245
-0.00321520 -0.01104976 0.99993378
-0.00019664 -0.00340389 0.99999419
-0.02328082 -0.00535488 0.99971462
0.00674161 -0.01040584 0.99992313
-0.01302012 -0.00908232 0.99987399
-0.01003721 -0.00493336 0.99993746
0.00831418 -0.00880083 0.99992671
-0.00553520 -0.00058908 0.99998451
-0.02493304 -0.02728433 0.99931672
-0.00950503 0.01144934 0.99988928
-0.01434657 -0.01660915 0.99975913
-0.01279500 -0.00053916 0.99991800
-0.00366208 -0.01145020 0.99992774
-0.00778568 0.00133531 0.99996880
-0.00785064 -0.01310024 0.99988337
-0.00215293 -0.02157293 0.99976496
-0.02369192 -0.02289019 0.99945722
-0.00396124 -0.01736480 0.99984137
0.00296459 -0.01836014 0.99982704
-0.01105564 -0.00738890 0.99991158
-0.01990719 -0.01683854 0.99966003
0.00113656 -0.02277243 0.99974003
-0.02084937 -0.01091573 0.99972304
0.00682309 -0.02285312 0.99971555
-0.01359008 -0.03011247 0.99945413
-0.00113131 -0.01863994 0.99982562
-0.00431983 -0.01639345 0.99985629
-0.02293854 -0.01709014 0.99959079
-0.02245090 -0.01436758 0.99964470
-0.00043031 -0.02004865 0.99979891
0.00043800 -0.01729608 0.99985032
-0.00448595 -0.02224662 0.99974245
0.01361494 -0.02177702 0.99967014
-0.03718327 -0.01240931 0.99923141
-0.00098420 0.00046621 0.99999941
-0.00296494 -0.01538860 0.99987719
0.00057951 -0.01773639 0.99984253
-0.00898155 -0.01848416 0.99978881
-0.01694949 -0.01551371 0.99973598
0.02949771 -0.02739410 0.99918940
0.00572198 0.00354373 0.99997735
-0.03640280 -0.00987140 0.99928844
-0.05486809 -0.01794844 0.99833228
0.00204860 0.02145566 0.99976770
-0.06179239 -0.02769181 0.99770480
0.00944507 0.00921136 0.99991297
-0.02605491 -0.02874695 0.99924709
-0.02748151 -0.02945043 0.99918839
-0.01797191 -0.00927370 0.99979548
0.00361743 -0.01550838 0.99987319
0.01531759 0.05550777 0.99834075
0.03072408 -0.01297796 0.99944365
-0.01709862 -0.04925402 0.99863991
0.00146300 -0.02841991 0.99959500
-0.00841331 0.00065573 0.99996439
-0.03468325 -0.00916687 0.99935631
-0.04604947 -0.00096825 0.99893869
0.00786417 -0.01853204 0.99979734
0.01086808 -0.01732359 0.99979087
-0.01414366 0.00668210 0.99987765
0.00170459 0.01912338 0.99981568
-0.02804272 -0.01368240 0.99951308
-0.02529108 -0.01318628 0.99959316
0.05847203 -0.00723774 0.99826281
-0.02962204 0.02187957 0.99932168
0.00515945 -0.02246729 0.99973427
-0.21229850 -0.03413023 0.97660866
0.01802236 -0.02412906 0.99954639
0.01767747 0.00525755 0.99982992
-0.05368372 -0.02548482 0.99823273
0.09029964 -0.03924568 0.99514107
-0.00628389 0.00928316 0.99993717
0.07079642 0.01041681 0.99743639
-0.00860904 0.01401372 0.99986474
0.00525709 -0.01032657 0.99993286
-0.03402072 -0.00298464 0.99941667
-0.02531174 -0.00812823 0.99964656
0.00674618 -0.01719855 0.99982933
0.01243639 -0.01248628 0.99984470
-0.00264022 -0.01095201 0.99993654
-0.01943838 -0.00519038 0.99979758
-0.03586553 0.00842373 0.99932112
-0.01852567 0.00199351 0.99982640
-0.00365520 0.00447423 0.99998331
-0.00516551 0.00938211 0.99994265
-0.01204717 -0.00604089 0.99990918
0.01360083 -0.01689907 0.99976469
-0.02421598 -0.02398339 0.99941902
-0.00119501 0.00155906 0.99999807
0.04587227 -0.01321340 0.99885992
-0.03694811 0.00202785 0.99931513
-0.02001957 -0.02625299 0.99945485
-0.01869903 -0.01879235 0.99964854
-0.00053791 -0.01369450 0.99990608
-0.01280407 -0.00352759 0.99991180
-0.01573132 -0.01316633 0.99978956
-0.00085848 -0.02080765 0.99978313
-0.00987870 -0.02100129 0.99973064
0.01072721 -0.00987702 0.99989368
-0.03007883 -0.04393510 0.99858148
0.01776631 -0.02049993 0.99963199
0.01772271 -0.00393652 0.99983519
0.01752734 -0.01222961 0.99977159
-0.04589171 -0.05151745 0.99761711
-0.00097090 -0.02863991 0.99958932
-0.04625656 -0.00251699 0.99892642
0.01352932 -0.02300196 0.99964387
0.01095640 0.00926726 0.99989703
-0.02533901 -0.02235448 0.99942894
0.02837432 -0.01794701 0.99943624
-0.04529726 -0.04868177 0.99778667
0.02098679 -0.02258536 0.99952462
-0.02648221 -0.01728028 0.99949992
-0.02903140 -0.03608440 0.99892697
0.00976067 -0.04606948 0.99889055
0.00300786 -0.03930863 0.99922259
-0.03565586 -0.08140873 0.99604281
-0.02234892 -0.01898745 0.99956991
-0.22021885 -0.05179534 0.97407438
-0.02605262 -0.00461538 0.99964992
-0.07973692 -0.03813311 0.99608629
-0.04317122 -0.01797612 0.99890595
-0.09948997 -0.00505918 0.99502570
-0.01309454 -0.02889658 0.99949663
-0.21616857 -0.03856075 0.97559429
-0.08253795 -0.06830933 0.99424410
-0.00270627 0.01322498 0.99990888
-0.06854124 -0.00559687 0.99763258
-0.06686188 -0.03826302 0.99702830
-0.18029098 -0.02347360 0.98333318
-0.18157189 -0.03660639 0.98269610
-0.11640345 -0.00591258 0.99318441
-0.00790416 0.03881089 0.99921531
-0.09216235 0.08187525 0.99237218
-0.19370623 -0.01153126 0.98099181
-0.31816379 -0.04034359 0.94717696
-0.13048269 0.02958297 0.99100914
-0.39175305 -0.07824576 0.91673723
-0.26242064 -0.02501905 0.96462918
-0.29041067 0.03773429 0.95615782
-0.20958684 -0.01273775 0.97770707
-0.00308604 0.03083607 0.99951969
0.02468673 0.00780660 0.99966475
-0.01755915 0.00916625 0.99980381
0.13329602 0.06980600 0.98861484
0.05636664 -0.01526315 0.99829346
0.10670780 -0.01484550 0.99417959
0.08499692 -0.02929364 0.99595050
0.10694282 0.02937919 0.99383102
0.13643454 0.00500038 0.99063647
-0.07029965 -0.04089437 0.99668732
0.06290899 -0.00563559 0.99800336
0.07051959 -0.02981384 0.99706475
0.06610588 -0.00715565 0.99778696
0.09097119 -0.00566561 0.99583741
0.07240789 0.00434946 0.99736562
0.08844627 0.01297624 0.99599642
0.06314457 -0.01160118 0.99793696
0.10897766 0.02694892 0.99367883
0.02318577 0.04524062 0.99870702
0.12751470 0.01602634 0.99170719
0.01760794 -0.00184035 0.99984327
-0.02250311 -0.00791437 0.99971545
-0.02718112 -0.00251625 0.99962736
-0.03467261 0.00817348 0.99936530
0.03785551 0.01057970 0.99922722
0.00598017 -0.00647045 0.99996118
0.01363234 0.01702984 0.99976204
-0.01830882 -0.00903317 0.99979157
-0.01798025 0.00202599 0.99983629
-0.00702936 -0.01660581 0.99983740
-0.01691225 -0.01822016 0.99969095
0.00827211 -0.00424181 0.99995679
0.02530170 -0.01767705 0.99952356
-0.02945949 -0.00527416 0.99955206
-0.02108236 -0.02577626 0.99944541
0.03847777 -0.00422434 0.99925053
-0.02832447 -0.00839928 0.99956349
-0.02224420 0.00439390 0.99974291
-0.00124947 -0.01159200 0.99993203
0.00920924 -0.01893718 0.99977826
-0.01747500 -0.02203620 0.99960444
-0.00162004 -0.01391875 0.99990182
0.00963198 -0.00658779 0.99993191
-0.02220709 -0.01477961 0.99964414
-0.00505424 -0.01632354 0.99985399
0.00283370 -0.01047382 0.99994113
-0.01346356 -0.02264084 0.99965300
0.01059920 -0.01405615 0.99984503
-0.00640952 -0.00683925 0.99995607
0.01590055 -0.00597433 0.99985573
-0.00520201 -0.01100005 0.99992597
-0.01897321 -0.02976633 0.99937680
0.01823039 -0.03256244 0.99930343
0.05668402 -0.01422463 0.99829083
-0.05206655 -0.00589934 0.99862619
-0.00552870 -0.00803737 0.99995242
0.04342358 -0.01948927 0.99886664
0.07394007 -0.02525305 0.99694290
0.04608593 -0.01179932 0.99886779
0.07442135 -0.00323273 0.99722165
0.03050049 -0.01737684 0.99938369
0.04821089 -0.00956293 0.99879140
0.05768379 -0.00484065 0.99832317
0.04595703 -0.02880115 0.99852814
0.06628166 -0.00725424 0.99777458
0.01396986 -0.02689542 0.99954063
-0.02686951 -0.01404984 0.99954021
-0.01841421 -0.00424114 0.99982145
-0.02999007 -0.00960801 0.99950402
-0.01550790 -0.01615358 0.99974925
-0.02411700 -0.01182434 0.99963921
-0.01403485 0.00584445 0.99988443
-0.01979056 0.00418281 0.99979540
-0.03097175 -0.02334167 0.99924768
-0.01803259 -0.00160212 0.99983612
-0.07360740 -0.00744649 0.99725950
-0.04508257 -0.01771587 0.99882617
-0.08509084 -0.04935306 0.99515015
-0.02528746 0.02735050 0.99930601
-0.00161558 0.01378447 0.99990368
-0.00564792 -0.00474299 0.99997280
-0.00425454 -0.01629749 0.99985814
0.02425083 -0.01086035 0.99964691
-0.00345975 -0.01614696 0.99986364
-0.02926203 -0.01150304 0.99950558
-0.00836147 0.00968385 0.99991815
-0.01531113 -0.00652942 0.99986146
-0.02597274 -0.00104250 0.99966211
-0.02227882 0.00283343 0.99974778
-0.03836976 -0.01635240 0.99912980
-0.00703557 -0.00660850 0.99995341
-0.02799495 -0.00436808 0.99959852
-0.03451627 -0.00270555 0.99940047
-0.01439998 -0.00795193 0.99986469
-0.01361999 -0.00957850 0.99986136
-0.02591035 -0.00728696 0.99963771
-0.04055957 0.00231690 0.99917444
0.01190298 -0.01624985 0.99979711
-0.06406629 0.00425523 0.99793657
-0.01263169 -0.00190326 0.99991841
-0.00496219 -0.00461147 0.99997706
0.00362955 -0.00862130 0.99995625
-0.02812027 -0.01255835 0.99952566
-0.01769947 -0.00742600 0.99981577
-0.01931362 -0.02093549 0.99959426
-0.02355147 -0.02092596 0.99950359
0.00026009 -0.01722734 0.99985156
0.00699226 -0.00897792 0.99993525
0.02514447 -0.01880776 0.99950689
0.01415287 -0.01660802 0.99976191
0.05140681 -0.01755376 0.99852351
0.05785235 -0.01674890 0.99818464
0.00718623 -0.00951527 0.99992891
0.01906979 0.00617239 0.99979910
0.00265002 -0.01871942 0.99982126
0.02805383 -0.00462408 0.99959572
0.11321525 -0.00180769 0.99356884
0.00084525 -0.00913904 0.99995788
0.02984516 -0.03143339 0.99906016
0.04564153 -0.02391538 0.99867157
0.06404775 0.00596249 0.99792902
-0.00774903 -0.00294565 0.99996564
0.01185042 0.00341405 0.99992395
-0.02431519 -0.01808830 0.99954069
-0.05020883 -0.01768342 0.99858218
-0.02078216 0.00179508 0.99978242
-0.02003133 -0.01228177 0.99972391
-0.03330915 -0.00999113 0.99939516
-0.02457106 -0.01570097 0.99957478
-0.02879622 -0.00199955 0.99958330
-0.05794572 -0.01489969 0.99820854
-0.02230417 -0.01763071 0.99959576
-0.04754270 -0.01573212 0.99874531
-0.02379378 -0.00550437 0.99970173
-0.04458079 0.00439246 0.99899613
0.00653804 0.00298222 0.99997418
-0.02006100 -0.01557537 0.99967743
-0.01193831 -0.01217906 0.99985456
0.05585849 0.00384942 0.99843128
-0.01296871 -0.01265916 0.99983577
0.00927532 -0.00739370 0.99992965
-0.00636056 -0.01996792 0.99978039
-0.03988647 -0.01758496 0.99904947
-0.01713015 -0.00152631 0.99985210
-0.02100564 -0.00293935 0.99977504
-0.00088537 0.00384713 0.99999221
-0.01531034 -0.00539639 0.99986823
-0.00438020 0.00182181 0.99998875
0.01130939 -0.00722259 0.99990996
0.00816037 -0.01467824 0.99985897
-0.00080024 -0.01270715 0.99991894
0.00780632 -0.01849073 0.99979856
-0.00412728 -0.01260238 0.99991207
0.01314471 -0.00681165 0.99989040
-0.00979082 -0.00798967 0.99992015
-0.00352924 -0.01312338 0.99990766
0.00992562 -0.00878795 0.99991212
0.00071415 -0.01206629 0.99992694
-0.00584358 -0.01073883 0.99992526
0.00439587 -0.01247958 0.99991246
0.00828528 -0.00074776 0.99996540
-0.02227928 -0.02039647 0.99954370
-0.01120468 -0.00715292 0.99991164
-0.02678371 -0.00541603 0.99962658
-0.01673080 -0.01211227 0.99978666
-0.04087973 -0.00894438 0.99912404
-0.01446876 -0.00375936 0.99988825
-0.04091049 0.00306633 0.99915811
-0.00982770 -0.01339951 0.99986193
-0.00733240 -0.00435513 0.99996363
-0.03063490 -0.01767484 0.99937436
-0.00524721 -0.02017412 0.99978271
-0.04888064 -0.03691004 0.99812240
-0.03497388 -0.01678759 0.99924722
-0.01698111 -0.02267067 0.99959876
-0.00945537 -0.01736778 0.99980446
0.00684868 -0.01440536 0.99987278
0.00651355 -0.01502562 0.99986589
0.00441807 -0.02146084 0.99975993
-0.01498852 -0.00867791 0.99985001
0.00172584 -0.02756871 0.99961842
0.00738627 -0.02085562 0.99975521
0.02294689 -0.00580732 0.99971982
-0.02589703 -0.01981287 0.99946826
0.00666652 -0.01603387 0.99984922
0.00963969 -0.01221031 0.99987899
0.03420945 -0.00819793 0.99938106
0.01082933 -0.00118962 0.99994065
0.00238864 -0.01335209 0.99990800
-0.01002270 -0.01050231 0.99989462
0.00207000 -0.00907220 0.99995670
0.00968835 -0.01436746 0.99984984
-0.03207907 -0.01855119 0.99931316
0.02113277 -0.01445334 0.99967220
-0.02366865 -0.00506351 0.99970704
-0.01116236 -0.01888080 0.99975943
-0.00835227 -0.01129830 0.99990129
0.03480405 -0.02435366 0.99909738
0.02121093 -0.01595491 0.99964771
0.00530074 -0.00803647 0.99995366
-0.01670651 -0.01397026 0.99976283
-0.00613907 -0.01707639 0.99983534
0.01212320 -0.03215913 0.99940923
-0.00776931 -0.02121741 0.99974470
-0.00403067 -0.00733706 0.99996496
-0.02329565 -0.02068408 0.99951462
-0.04082687 -0.02239110 0.99891531
-0.01936094 -0.02084501 0.99959524
0.02441793 -0.03340946 0.99914342
0.12658099 0.00865755 0.99191849
-0.05356401 0.02467929 0.99825940
-0.01834347 -0.00997592 0.99978198
-0.03594232 -0.02190008 0.99911388
0.03393288 -0.04553672 0.99838618
0.02720390 -0.02835767 0.99922760
0.10527384 -0.01246884 0.99436510
0.16179428 -0.01927698 0.98663621
0.13637290 -0.04777570 0.98950488
0.08437042 -0.03640777 0.99576910
0.10726218 -0.02529151 0.99390903
0.11309338 -0.01950857 0.99339282
0.08378855 -0.01432406 0.99638060
0.13451445 0.01386005 0.99081470
0.08705445 -0.03621380 0.99554512
0.07384840 -0.01702971 0.99712407
0.09751751 -0.01440626 0.99512954
0.10739003 -0.02230555 0.99396672
0.10756195 -0.03311663 0.99364668
0.10192653 0.03538187 0.99416251
0.13321026 -0.02293137 0.99082248
0.09965817 -0.03260985 0.99448723
0.11414462 -0.02375900 0.99318000
0.12899089 0.01713476 0.99149773
0.13236625 0.00107691 0.99120029
0.08119777 -0.02525072 0.99637810
0.04396873 -0.02277100 0.99877336
0.12828692 -0.01816442 0.99157073
0.08850175 0.00331777 0.99607050
0.11872892 0.03398036 0.99234509
0.18376345 0.01481072 0.98285891
0.16631528 -0.00418578 0.98606374
0.05325391 -0.00563040 0.99856513
0.01879116 -0.01188515 0.99975279
0.00596261 -0.00932661 0.99993873
-0.02106439 -0.00623858 0.99975866
0.03870076 -0.01302162 0.99916600
0.03464133 -0.00906649 0.99935868
0.05112271 0.01823273 0.99852593
0.02096845 0.01035387 0.99972652
0.01077319 0.00292668 0.99993768
0.01003756 0.02423896 0.99965580
-0.00148198 -0.00249971 0.99999578
0.00669342 0.00714714 0.99995206
-0.00667616 0.00581590 0.99996080
-0.00188237 -0.02141550 0.99976889
-0.01496779 -0.01378196 0.99979299
-0.02145974 0.01027689 0.99971689
-0.02560875 0.00764610 0.99964280
-0.02053334 0.00187257 0.99978742
-0.01049976 -0.00736780 0.99991773
-0.00446573 -0.01568903 0.99986695
-0.00773842 0.00466509 0.99995918
-0.00040254 0.00216304 0.99999758
0.00117954 -0.00988227 0.99995047
-0.01171436 -0.00689069 0.99990764
-0.00501708 -0.00966906 0.99994067
-0.00474402 -0.00483903 0.99997704
-0.01655652 -0.01253548 0.99978435
-0.00122191 -0.01401701 0.99990101
-0.04029462 -0.01598160 0.99906002
0.00646208 -0.01395759 0.99988171
-0.02109432 -0.01452453 0.99967198
0.00330934 -0.00470313 0.99998346
0.00198266 -0.00620945 0.99997876
0.01735808 -0.01058230 0.99979333
-0.00642293 -0.00422940 0.99997043
-0.01121481 -0.02495094 0.99962577
0.00029358 -0.01125026 0.99993667
0.00288986 -0.01058515 0.99993980
-0.00174641 -0.01016199 0.99994684
-0.01330714 -0.01829079 0.99974415
-0.03286100 -0.02038316 0.99925206
-0.00589051 -0.01635924 0.99984883
-0.00294834 -0.01826282 0.99982887
0.01558731 -0.01262661 0.99979878
0.01345395 -0.01414316 0.99980946
-0.04915161 -0.00917401 0.99874920
-0.00323677 -0.00373129 0.99998780
-0.01081981 -0.00913918 0.99989970
0.01502221 0.00004271 0.99988716
0.02102291 -0.00237496 0.99977617
0.00535043 -0.01262964 0.99990593
0.01121813 -0.02677844 0.99957845
-0.02685928 -0.01895592 0.99945948
0.00532939 -0.01842578 0.99981603
-0.04178268 0.00155473 0.99912551
-0.04705563 -0.00725037 0.99886596
0.00595283 0.00556565 0.99996679
-0.00208428 -0.00927584 0.99995481
-0.01634795 -0.01811981 0.99970216
-0.01874997 -0.01390395 0.99972752
-0.01236594 -0.02323263 0.99965360
0.00255161 -0.02554267 0.99967048
-0.03136214 -0.00691501 0.99948417
0.02250914 0.00060884 0.99974645
-0.00804803 -0.01893926 0.99978824
0.00986899 -0.01097586 0.99989106
-0.01004731 -0.01969938 0.99975546
-0.06919381 -0.01192531 0.99753196
-0.00671692 -0.00903785 0.99993660
0.02849064 0.00149113 0.99959295
-0.02992417 -0.01778173 0.99939399
-0.02115683 -0.02017123 0.99957266
0.00546793 -0.01827897 0.99981797
0.00137066 -0.00172183 0.99999758
-0.01595598 -0.01636462 0.99973877
-0.01926960 -0.01397381 0.99971667
-0.02439959 -0.01581356 0.99957721
0.03334338 0.00175208 0.99944242
-0.00874119 -0.02255236 0.99970745
0.00086775 -0.00899389 0.99995918
0.00260216 -0.01422909 0.99989538
-0.01878072 -0.01763813 0.99966804
-0.01627068 0.00175157 0.99986609
-0.00927843 -0.01886512 0.99977898
0.00527260 -0.01697204 0.99984206
0.00949026 -0.01248750 0.99987699
0.01362343 -0.00130569 0.99990634
0.01349489 -0.01831651 0.99974116
-0.01405745 -0.01011437 0.99985003
0.01318347 -0.01866749 0.99973883
-0.00467833 -0.02210669 0.99974467
-0.02933019 0.00148472 0.99956867
0.01746177 -0.02125189 0.99962165
0.00322343 -0.00853088 0.99995842
-0.00232009 -0.02642122 0.99964821
-0.02119612 -0.02090072 0.99955684
-0.01189406 -0.01048928 0.99987425
-0.01666106 -0.01714250 0.99971423
-0.00392202 -0.01326237 0.99990436
-0.00396461 -0.01804286 0.99982935
-0.01052963 -0.01453469 0.99983892
-0.01814193 -0.02210631 0.99959101
-0.01194952 -0.01852786 0.99975693
-0.00172613 -0.03830363 0.99926466
-0.03079814 -0.01385404 0.99942961
0.01228761 -0.02429183 0.99962939
0.02679079 -0.02830915 0.99924013
0.00138657 -0.02005968 0.99979782
0.02600221 -0.02925076 0.99923385
-0.00440634 -0.01803652 0.99982762
0.01557244 -0.01845921 0.99970834
0.00249332 -0.01044439 0.99994235
0.03144381 -0.01042526 0.99945115
-0.02051749 -0.02070529 0.99957507
0.01090919 -0.02452697 0.99963964
0.00904994 -0.01341381 0.99986908
0.02591533 -0.01406338 0.99956521
0.00007810 -0.01696247 0.99985612
0.03267851 -0.01280900 0.99938383
-0.01378653 -0.02695045 0.99954170
-0.01627087 -0.06355021 0.99784600
0.14215415 -0.08738286 0.98597994
0.09820871 -0.03485228 0.99455536
-0.01798059 -0.03399397 0.99926028
-0.00157021 0.00592190 0.99998123
0.00609392 0.00344074 0.99997551
0.00442250 -0.03023500 0.99953303
0.06828217 0.02702935 0.99729983
0.05087498 -0.02109066 0.99848231
-0.03465674 -0.03505552 0.99878427
-0.00341663 0.00652388 0.99997288
-0.00657792 -0.01152524 0.99991195
0.00664151 0.05192748 0.99862877
-0.04470126 -0.01740613 0.99884875
-0.03645354 0.00988875 0.99928642
-0.04351447 0.01353982 0.99896104
-0.05136783 -0.00230714 0.99867714
0.02766432 -0.01569254 0.99949409
-0.03535241 -0.05760042 0.99771359
-0.02324810 0.00423511 0.99972076
-0.06008394 0.00986037 0.99814463
-0.06315936 0.01310277 0.99791744
-0.00398452 -0.07284290 0.99733547
0.01436262 0.01169764 0.99982843
-0.02392879 -0.00191059 0.99971184
-0.07734602 0.01933315 0.99681685
0.07382828 0.00823452 0.99723697
0.05588263 -0.00772424 0.99840747
-0.01332674 -0.03175375 0.99940687
-0.00624247 0.00234668 0.99997776
-0.03213264 0.01047241 0.99942875
0.02945412 0.00165445 0.99956476
-0.03691050 0.00287216 0.99931445
-0.00336445 -0.00466887 0.99998344
-0.00090340 -0.00986802 0.99995090
-0.00999630 0.00304249 0.99994541
-0.01328099 0.00297890 0.99990737
-0.03500584 -0.01084587 0.99932825
-0.01581457 -0.00051668 0.99987481
0.01291172 -0.01937953 0.99972882
-0.04518042 0.02218673 0.99873244
0.02370858 -0.00337235 0.99971322
0.02399812 -0.00862354 0.99967481
-0.00110048 -0.00412289 0.99999090
-0.02955287 -0.00919712 0.99952091
0.01556389 -0.01237297 0.99980232
-0.02287130 -0.00337761 0.99973271
-0.01235604 -0.01299123 0.99983927
0.00323420 -0.01855403 0.99982263
0.00675038 -0.01396989 0.99987963
-0.02521100 -0.01924197 0.99949695
-0.00375148 -0.00657077 0.99997138
0.03091429 -0.00420657 0.99951319
-0.00965874 0.00015416 0.99995334
0.00695389 -0.01788917 0.99981579
-0.00187320 -0.02616356 0.99965592
-0.01314477 -0.01055597 0.99985788
0.00255964 -0.01646640 0.99986114
0.01605321 -0.00821779 0.99983737
0.01165034 -0.01297340 0.99984797
0.02643803 0.00864819 0.99961304
-0.03393778 -0.02360144 0.99914523
0.00064464 -0.02013027 0.99979716
0.00128833 -0.02085003 0.99978178
0.01551208 -0.02832114 0.99947851
-0.02684220 -0.00485772 0.99962788
-0.00355977 -0.00293284 0.99998936
-0.01764944 -0.01222831 0.99976946
0.03749453 -0.02449397 0.99899660
0.00541154 -0.02037809 0.99977770
-0.01572997 0.00171675 0.99987480
-0.01845530 -0.00646020 0.99980882
0.03457691 -0.00315643 0.99939706
-0.02246352 -0.01549408 0.99962759
-0.01336813 -0.00643211 0.99988995
0.03170090 -0.01846580 0.99932681
-0.04016047 -0.02070594 0.99897868
0.01007895 -0.03041438 0.99948656
0.03418571 -0.01539441 0.99929693
-0.01081034 -0.00757633 0.99991286
-0.03061584 -0.00931556 0.99948781
-0.08222681 0.00015030 0.99661363
-0.04238962 -0.00649712 0.99908003
-0.03077459 -0.02126369 0.99930015
0.02657495 0.00015389 0.99964681
-0.01611411 -0.02239577 0.99961931
-0.00865469 -0.01529318 0.99984560
0.02138911 -0.00987244 0.99972248
0.04402401 -0.01828566 0.99886311
0.02102538 -0.00923375 0.99973630
-0.00719968 -0.01305065 0.99988892
0.01859877 -0.03085138 0.99935093
0.02743089 -0.02418292 0.99933114
-0.00173132 -0.00180015 0.99999688
0.01368289 -0.00645750 0.99988553
0.01700934 -0.01085001 0.99979646
-0.08008077 0.00277561 0.99678451
0.08380541 -0.03028696 0.99602176
-0.01357808 -0.01094978 0.99984786
0.00411896 -0.02662754 0.99963694
0.04373821 -0.00435098 0.99903355
0.10959004 -0.04820060 0.99280750
0.09690600 0.03147529 0.99479572
0.07744724 0.00582031 0.99697946
-0.06861360 -0.01646815 0.99750738
0.02814142 -0.02958501 0.99916605
-0.10849629 -0.00200896 0.99409482
-0.08879907 -0.01089922 0.99598993
-0.04535631 -0.00516746 0.99895751
-0.04441435 -0.02495024 0.99870158
-0.01395510 -0.01068818 0.99984550
-0.08123803 -0.00688752 0.99667093
-0.02497881 -0.02732946 0.99931434
0.01483595 -0.02905452 0.99946772
-0.04638508 -0.00598443 0.99890571
0.11946319 -0.03936354 0.99205799
-0.01611574 0.02890288 0.99945230
-0.15132637 0.02916761 0.98805343
0.09343989 -0.02600116 0.99528535
-0.03454347 -0.00319473 0.99939809
0.03748633 0.00181019 0.99929550
-0.02448154 -0.01801686 0.99953792
-0.06067959 0.00666340 0.99813505
-0.01291062 0.01225785 0.99984152
-0.01717515 -0.00664371 0.99983042
-0.05126560 -0.02695828 0.99832114
-0.03744901 -0.01516651 0.99918344
0.01280776 -0.01637758 0.99978384
-0.02753488 -0.02609848 0.99928009
-0.00938341 -0.00718330 0.99993017
0.01546317 -0.01559673 0.99975879
-0.05297647 0.03139344 0.99810217
0.02607000 -0.01080680 0.99960170
0.02013903 -0.01391792 0.99970031
0.00868437 -0.01481438 0.99985255
-0.02485940 -0.01769717 0.99953430
-0.04319047 -0.01941809 0.99887813
-0.00702832 -0.01607294 0.99984612
0.00467457 -0.01070477 0.99993178
-0.03562473 -0.02093688 0.99914590
-0.02357777 -0.02487249 0.99941255
-0.00342803 -0.00755109 0.99996561
-0.02613457 -0.01608515 0.99952902
-0.01723456 -0.01396854 0.99975389
0.01149720 -0.01050060 0.99987877
0.00294111 -0.00842431 0.99996019
-0.00864986 -0.01072653 0.99990506
