0.00000000 0.00000000 0.00000000
0.00601967 -0.01265287 0.77309246
0.00019902 -0.00443987 0.78400289
-0.01255310 0.00855651 0.79094982
0.00353305 0.00293027 0.80871020
0.01810115 -0.00377725 0.82264285
0.00940660 -0.00476657 0.82236361
-0.00406191 -0.00058979 0.81968208
-0.00869776 -0.00611598 0.82059660
-0.00571074 -0.01207211 0.81949948
-0.00021984 -0.01360675 0.81225172
-0.01029085 -0.01170118 0.79942982
-0.00841868 0.00066902 0.82017786
-0.00691478 -0.00019177 0.81838795
-0.00131198 -0.01017304 0.84130877
0.00097721 -0.01878580 0.83830545
0.00621991 -0.01467920 0.80730144
-0.00412013 -0.00535215 0.81727576
-0.00452237 -0.00859106 0.82007871
-0.00273228 -0.00913456 0.84054942
-0.00170807 -0.00648216 0.82701280
-0.00970400 -0.00613484 0.82986997
-0.00778308 -0.01000948 0.82407147
-0.00162173 -0.00759493 0.82267230
0.00003375 -0.01357188 0.81421344
-0.00810970 -0.01643486 0.80517383
-0.00680212 -0.01125709 0.79971891
-0.00802008 -0.00539971 0.80208503
-0.00551801 -0.00711623 0.80164672
-0.00682127 -0.00923514 0.79910106
-0.00860202 -0.01372792 0.79327915
-0.00955733 -0.01458684 0.78424342
-0.00060318 -0.01501737 0.77318126
-0.00095373 -0.01279973 0.78049160
0.00258472 -0.00666146 0.76516608
0.01255489 -0.00720234 0.76531664
0.01415821 -0.00970303 0.77290009
0.00937444 -0.01951475 0.76482081
0.01133877 -0.01651461 0.75834877
0.01060489 -0.01483753 0.74175382
0.00960935 -0.00964789 0.73679806
0.01027299 -0.01100089 0.73631595
0.01451868 -0.00859184 0.73708380
0.00704071 -0.00953360 0.72340418
0.00971895 -0.01504732 0.71934916
0.00453735 -0.01288083 0.70063610
-0.00066038 -0.01080868 0.69718590
-0.00258364 -0.00942617 0.69493796
-0.00858932 -0.01240319 0.67979157
-0.00590186 -0.01093797 0.67808974
-0.01673235 -0.00861448 0.66996023
-0.01256009 -0.01284169 0.66228107
-0.01195838 -0.01117590 0.66128152
-0.00834064 -0.00694022 0.66599840
-0.01274565 -0.00726044 0.66556953
-0.01709230 -0.01228618 0.66469265
0.01181551 -0.02415722 0.65896223
-0.02560222 -0.02084523 0.64843503
-0.02589088 -0.02511448 0.64514720
-0.03163844 -0.02051462 0.64429948
-0.02875923 -0.01427982 0.64588372
-0.03366057 -0.00808362 0.64746962
-0.03203038 -0.00944522 0.65446283
-0.02699099 -0.00848452 0.65730646
-0.04657063 -0.00557602 0.67020395
-0.05980607 -0.03944717 0.67498023
-0.04199223 -0.03182931 0.67277641
-0.04804305 -0.03697747 0.67693298
-0.02657859 -0.00452909 0.66834054
-0.00976172 -0.01386205 0.67554134
0.00490112 -0.01843837 0.68411097
-0.01824529 0.00073324 0.67919783
-0.01635921 -0.00855123 0.67807854
-0.00315490 -0.00929412 0.68454066
-0.00165143 -0.00955784 0.68946816
-0.00480462 -0.00394919 0.68779388
-0.00422788 -0.00535453 0.69384544
-0.00445924 -0.00547473 0.69723608
-0.00264831 -0.00869079 0.69722495
-0.00598559 -0.00702064 0.69339071
-0.00600533 -0.01134721 0.69096586
-0.00781811 -0.01226270 0.68792009
-0.00443346 -0.01270637 0.68330526
-0.00275364 -0.01521251 0.68077669
-0.00209560 -0.01036198 0.67875239
-0.00185427 -0.00796141 0.67274761
-0.00108386 -0.00860086 0.67533526
0.00268193 -0.01050964 0.67101729
0.00150091 -0.01279024 0.66560067
0.00134680 -0.01119675 0.66094092
0.00734146 -0.01538171 0.64716937
0.00456504 -0.00849955 0.64514776
0.00592097 -0.01235857 0.63066760
0.00556785 -0.01111894 0.61375645
0.00678820 -0.01182035 0.59581042
0.00380351 -0.01210727 0.58917726
0.00128373 -0.01958687 0.57122474
0.00351462 -0.00832027 0.57924852
0.00646049 -0.00460632 0.57557408
0.00227817 -0.00554431 0.56440227
0.00362315 -0.00583133 0.56879970
0.00004342 -0.00967860 0.55891337
0.01010230 -0.00756207 0.56205446
-0.00127622 -0.00751069 0.55616640
-0.00688449 -0.00257345 0.55512209
-0.00887325 -0.00160907 0.54793974
-0.00137038 -0.00331583 0.54494150
0.00317957 -0.00731804 0.54617254
-0.00522081 -0.00582042 0.54018258
-0.00868975 -0.00018094 0.53764931
-0.00830563 -0.00062027 0.52924799
-0.00625456 -0.00277947 0.52265539
-0.00668148 -0.00519336 0.51520607
-0.01068488 -0.00453491 0.50937449
-0.01319653 -0.00175402 0.50850632
-0.02395681 -0.00738168 0.50399673
-0.02291810 -0.00571423 0.50384578
-0.01862446 -0.00609177 0.50400105
-0.01214000 -0.00611262 0.49915328
-0.00741826 -0.00926304 0.49433603
-0.00398642 -0.00677995 0.49406562
0.00700828 -0.00289174 0.50066797
-0.00333584 -0.00549515 0.49535799
-0.00599542 -0.00266173 0.50277686
-0.00391704 -0.00259604 0.51402244
-0.00141592 -0.00436883 0.51883473
0.00209644 -0.00229704 0.53311494
0.00175995 -0.00498038 0.53964524
0.00008825 -0.00445585 0.54989230
0.00264983 -0.00208788 0.56010403
0.00308782 -0.00017862 0.57057594
0.00613676 -0.00017483 0.57973076
0.00175580 -0.00140870 0.59131777
0.00274890 -0.00267760 0.59233998
0.00075852 -0.00405961 0.59488292
0.00462877 -0.00507117 0.59444335
0.00364058 -0.00539589 0.59473480
0.00879369 -0.00504077 0.58799940
0.00399822 -0.00549393 0.58386997
0.00654007 -0.00642261 0.57604513
0.00799770 -0.00339266 0.56550749
0.01188428 -0.00499199 0.55123119
0.01175910 -0.00690320 0.54525282
0.01628924 -0.00531667 0.54546504
0.01569742 -0.00434003 0.54887702
0.01996606 -0.00277968 0.54563206
0.02181287 -0.00471716 0.54504103
0.02062395 0.00304673 0.54156573
0.02473557 -0.00598378 0.53787107
0.02005612 -0.00492504 0.53583555
0.01844741 0.00157500 0.53309026
0.01878590 -0.00018534 0.52901678
0.01661988 0.00215562 0.52322887
-0.00043777 -0.00394300 0.51286503
-0.00841856 -0.00198772 0.50547611
-0.01531393 -0.00094636 0.49906252
-0.02337703 -0.00071832 0.48833510
-0.02766341 -0.00078520 0.47802801
-0.03003673 -0.00112316 0.47261773
-0.03194202 0.00162228 0.46608866
-0.03620548 -0.00185208 0.45703297
-0.04552750 -0.00621712 0.44877504
-0.04489498 -0.00110050 0.44984644
-0.04616927 -0.00111649 0.44829516
-0.04509698 -0.00446210 0.44431154
-0.04351886 -0.00051747 0.44089216
-0.04045961 -0.00328514 0.44127869
-0.03483799 -0.00406802 0.43809272
-0.04045695 -0.00153374 0.43308912
-0.02658073 -0.00338333 0.43947661
-0.01922786 -0.00289531 0.44740425
-0.01838412 -0.00234794 0.46505218
-0.01444793 -0.00184699 0.48140801
-0.01109774 -0.00089535 0.50115403
-0.00216590 0.00193719 0.52023301
0.00907395 0.00360836 0.54535117
0.00702543 0.00467384 0.55639049
0.00789819 0.00320565 0.56858726
0.01271208 0.00338004 0.58880989
0.02104014 0.00879822 0.62201724
0.00844163 0.00134806 0.64015942
0.01479474 0.00215764 0.65402983
0.00088716 0.00306161 0.67988687
0.01597516 0.00147477 0.69439399
0.01812419 0.00555153 0.72472277
0.01314641 0.00458095 0.73879308
0.01500847 0.00615712 0.75562353
0.01367691 0.01161266 0.78090121
0.00714833 0.00656655 0.79905525
0.00471483 0.00222433 0.79450798
-0.00295978 -0.00011380 0.80515981
0.00507249 0.00266384 0.81850785
-0.00605901 -0.00099762 0.80611743
-0.00640846 -0.00421032 0.80731303
-0.00869393 -0.00370782 0.80216514
-0.00507369 -0.00448624 0.80179959
-0.00395014 -0.00464903 0.80418710
-0.00645080 -0.00968841 0.79399269
-0.00940575 -0.00692408 0.79776905
-0.00536226 -0.00747440 0.79279989
-0.00932183 -0.00409977 0.79208770
-0.00580854 -0.00467291 0.79429610
-0.00389565 -0.00727830 0.79469783
-0.00569019 -0.00863139 0.79164958
-0.00104206 -0.00901808 0.79309892
0.00184252 -0.00901616 0.78942399
-0.00677443 -0.01093320 0.78322306
0.00105171 -0.01149937 0.78120832
0.00424138 -0.01449260 0.78553101
0.00591848 -0.00757406 0.78807315
0.00045930 -0.01249667 0.77139913
0.00550418 -0.00927747 0.77868033
0.01181373 -0.01084654 0.77133759
0.00782199 -0.00503247 0.77104404
0.00585072 -0.00754067 0.76425982
0.01224768 -0.00617783 0.75963721
0.01601906 -0.00524237 0.75671069
0.01718374 -0.00828262 0.75377558
0.01717046 -0.00625757 0.75110681
0.01173685 -0.00920704 0.74556803
0.00674566 -0.00719781 0.74545092
0.00326756 -0.00327799 0.74554082
-0.00730959 -0.00951947 0.74285292
-0.00841078 -0.00824624 0.73729721
-0.01805582 -0.01019023 0.73148411
-0.01298360 -0.00839811 0.72654757
-0.02099980 -0.00781102 0.72715653
-0.02041553 -0.00786192 0.72562913
-0.00876152 -0.01032585 0.72352614
-0.01115807 -0.01021351 0.71443571
-0.01387135 -0.01266013 0.70667856
-0.01227598 -0.00773772 0.70747188
-0.00955653 -0.00974387 0.70098376
-0.01009566 -0.01042636 0.69233855
-0.01496762 -0.01153858 0.68199953
-0.01303358 -0.00719384 0.66904930
-0.01037379 -0.00698942 0.65359160
-0.00635887 -0.00799070 0.64494414
-0.00590223 -0.00894543 0.63088222
-0.01128866 -0.00817837 0.60342278
0.00136135 -0.00749594 0.59424621
-0.00568749 -0.00689576 0.57112112
-0.01845332 -0.01151061 0.54472167
-0.00968308 -0.00745885 0.53588363
-0.00603806 -0.00367705 0.52538825
-0.00097497 -0.01194735 0.50966697
0.00139049 -0.00764832 0.49822968
-0.00236848 -0.01276106 0.47621085
0.00262217 -0.01062726 0.46160044
0.00633202 -0.00581464 0.46055381
0.01301197 -0.00302386 0.45515673
0.01366275 0.00184782 0.45455386
0.04179412 0.00008959 0.46526521
0.04310831 -0.00250888 0.45646360
0.04895836 -0.00630756 0.45119688
0.04373686 -0.01108664 0.43790250
0.02970944 -0.00340744 0.43221516
0.01371568 -0.00102916 0.40821354
0.01630475 -0.00524730 0.40749636
0.03209645 -0.00781349 0.41843333
0.05968627 -0.00628799 0.42045104
0.06178653 -0.00364289 0.42614226
0.04959633 0.00725906 0.44414856
0.03389607 0.00664217 0.45250021
0.03667465 0.00322455 0.47444622
0.04268641 -0.00507093 0.45623208
0.05113698 -0.01561184 0.47236666
0.06087052 -0.01161374 0.46742735
0.06049838 -0.00069639 0.47714684
0.06320123 0.00189471 0.45667854
0.05957133 -0.00006559 0.47981557
0.06696381 0.00094625 0.48673215
0.06387205 -0.00373127 0.49361043
0.06688748 -0.00299279 0.50530566
0.06295694 -0.00417035 0.50590116
0.07727829 0.00568401 0.51423429
0.05599074 0.00784507 0.52024243
0.05097484 0.00912152 0.53690157
0.03603105 -0.00346613 0.55148685
0.04244451 -0.01116566 0.55330760
0.03960801 -0.01082493 0.54580380
0.02310527 -0.00269500 0.56274795
0.01464430 -0.00061825 0.57644824
0.01491443 0.00064592 0.58671933
0.02881380 0.00169060 0.61127533
0.02250059 0.00797540 0.62090191
0.02004239 -0.00200383 0.63541512
0.01881360 -0.00075075 0.64692030
0.01736818 0.00509339 0.67006005
0.01360478 0.00015067 0.67442973
0.01186157 -0.01439388 0.67323894
0.01892721 -0.00120183 0.69411492
0.01581955 -0.00873204 0.69879724
0.00466474 -0.00927804 0.71884399
-0.00363123 -0.00171904 0.73264432
-0.00202130 0.00105438 0.75471195
0.00057130 -0.00829596 0.76106796
-0.00265378 -0.00675258 0.77529023
-0.00897185 -0.00224011 0.80390918
-0.00233888 -0.00486007 0.81154443
-0.00088094 -0.01028157 0.81498105
-0.00931138 -0.00950397 0.81784429
-0.00150287 -0.00896611 0.81374188
-0.00066900 -0.00780662 0.82720379
0.00267392 -0.01148481 0.83014293
-0.00520464 -0.01204131 0.83538243
0.00169055 -0.00981293 0.83168521
0.00103635 -0.01043245 0.85083018
0.00742321 -0.00739987 0.85471181
-0.00001607 -0.00995828 0.85567009
-0.00791751 -0.01030746 0.86687437
-0.00598778 -0.01135298 0.86328558
-0.01080119 -0.01360396 0.86256897
-0.01010899 -0.01233653 0.86678134
-0.00970697 -0.00999964 0.88505598
-0.00537501 -0.01109901 0.87829211
-0.00466876 -0.00977749 0.87692985
-0.01188779 -0.01701100 0.87106314
-0.00748263 -0.01856813 0.87352880
-0.00923318 -0.01586574 0.86935142
-0.00563178 -0.01738717 0.85927135
-0.00579788 -0.01305575 0.88247907
-0.01188145 -0.01541688 0.85528008
-0.00400288 -0.01321961 0.86114023
-0.00228538 -0.00962071 0.86253901
-0.00680263 -0.01071048 0.85805160
-0.01357307 -0.01455747 0.84498044
-0.00303059 -0.00404421 0.86427682
-0.00816652 -0.01175749 0.84728147
-0.01391152 -0.01683237 0.81648163
-0.00501156 -0.02034959 0.83006940
0.00121504 -0.00932633 0.84522990
-0.00557728 -0.00823171 0.82945238
0.00407471 -0.01026229 0.84389531
0.00224278 -0.00321174 0.85993382
-0.00423314 -0.01374388 0.82416699
0.00179851 -0.00490929 0.85397237
-0.00443486 -0.01242044 0.83499990
-0.00781549 -0.00299426 0.82336233
-0.00839875 -0.00766374 0.84745839
0.00076660 -0.01724809 0.85438721
-0.01512227 -0.01878355 0.84469421
-0.00570973 -0.00902696 0.89067067
-0.01780917 -0.01257809 0.85710010
-0.01025230 -0.01103288 0.87280692
-0.00902894 -0.00857986 0.87599124
-0.00973036 -0.00617701 0.88877248
0.00903759 0.02228894 0.92178545
-0.01117053 -0.00679646 0.89728088
-0.00990162 -0.00725367 0.91799611
-0.00957429 -0.00873137 0.91463138
-0.01474534 -0.00349543 0.90727211
-0.00917091 0.00254309 0.92810702
-0.01485971 -0.00146916 0.92243255
-0.01219802 0.00199223 0.93585791
-0.01096205 -0.00351320 0.92330805
-0.01286880 -0.00801607 0.91438592
-0.01827104 -0.01090002 0.90384381
-0.01669068 -0.01276219 0.91715782
-0.00695846 -0.01430344 0.91498456
-0.01972720 -0.01604223 0.91079552
-0.00997311 -0.01202800 0.92342630
-0.02250184 -0.01907496 0.88013083
-0.00036449 -0.00526122 0.97909174
-0.01454828 -0.01794652 0.94277788
-0.01350125 -0.01628066 0.90820489
-0.01495667 -0.00989502 0.93642104
-0.00361138 -0.01409999 0.92980927
-0.00977666 -0.01493593 0.96278052
-0.01879527 -0.01990297 0.94804584
-0.01013499 -0.01146270 0.95721614
-0.00690993 -0.00858522 0.95891781
-0.01373469 -0.01673975 0.95598945
-0.01002231 -0.00815774 0.97381469
-0.00568778 -0.00943592 0.97058547
0.00176691 -0.01091170 0.96767597
0.00141509 -0.01422275 0.95090872
0.00157321 -0.01661030 0.95757121
0.00433454 -0.01682192 0.96373982
0.00193895 -0.00659849 0.98654804
0.00347470 -0.00092700 1.00786983
0.00849748 -0.01347384 0.97097861
-0.00091522 -0.01372811 0.97499225
-0.00734719 -0.01407963 0.96604516
-0.00867943 -0.01612403 0.96276574
-0.01425631 -0.00920083 0.98452724
-0.01459097 -0.01838674 0.96455849
-0.01027565 -0.01291714 0.96229246
-0.00827408 -0.01827826 0.98259541
-0.01466127 -0.01867418 0.94428031
-0.01090239 -0.01459984 0.96517782
-0.01081032 -0.01187863 0.96036127
-0.00653853 -0.01363398 0.94839750
-0.01082823 -0.01108294 0.96192884
-0.00916170 -0.00959688 0.97428278
-0.00223974 -0.01085895 0.97881812
-0.00141137 -0.00164610 0.97998823
0.01112001 -0.01172792 0.99892343
-0.00159242 -0.01471049 0.96944654
0.00224063 -0.01584217 0.96022172
-0.00682417 -0.01451985 0.92633637
-0.01081751 -0.00972378 0.96149388
-0.00469935 -0.01100718 0.93937387
-0.00334203 -0.00644876 0.91817895
-0.00565825 -0.01483531 0.94412726
-0.00782283 -0.01619554 0.93562681
0.00105903 -0.01377668 0.96616753
-0.00274995 -0.01415372 0.93069184
-0.00339682 -0.01659707 0.91959093
-0.00979061 -0.01902709 0.91209472
-0.00543265 -0.01628914 0.90892745
-0.00222910 -0.01605724 0.89337529
0.00222163 -0.01039791 0.90873986
-0.00938805 -0.01689602 0.88057746
-0.00538783 -0.01411589 0.88741588
-0.00622103 -0.01676354 0.87411621
-0.00640525 -0.01481429 0.85294787
-0.00505194 -0.01230495 0.84075786
-0.00778918 -0.01746056 0.81681905
-0.01179883 -0.01871552 0.80117223
-0.00450815 -0.01408398 0.79638985
-0.00894831 -0.01338890 0.78109322
-0.01176337 -0.01115908 0.78558604
-0.00881688 -0.01064999 0.77028657
0.00262119 -0.00910112 0.76751824
-0.00724306 -0.01388896 0.75285703
-0.01054357 -0.01351033 0.73191655
-0.01517635 -0.00718611 0.72018193
-0.01355541 -0.01134685 0.69258362
-0.02070806 -0.00512633 0.67567052
-0.01369167 -0.00463732 0.67447542
-0.01213118 -0.00895097 0.65050660
-0.01857853 -0.00771890 0.63867018
-0.00791852 -0.00740086 0.63197093
-0.01278135 -0.00537006 0.62654065
-0.01556362 0.00015678 0.61610048
-0.00994318 -0.01104578 0.61850344
-0.00731019 -0.01058321 0.60204860
0.00907325 -0.00911369 0.58236918
0.02509767 -0.01117947 0.55625278
0.03001508 -0.01161116 0.53075530
0.04474137 -0.01030855 0.51473869
0.06305810 0.00823793 0.49621640
0.05183058 0.00045403 0.45884244
0.07226653 -0.00607398 0.44265217
0.07604925 -0.00834844 0.42457331
0.07028026 -0.01185059 0.41156728
0.06539197 -0.00944577 0.39853143
0.06660428 -0.00964585 0.38105803
0.05725727 -0.00869017 0.37039468
0.06052927 -0.00295156 0.37012077
0.06753446 -0.00559974 0.36874354
0.04831784 -0.00576185 0.36042654
0.04238562 -0.01937288 0.33698890
0.03527042 -0.02047962 0.32822741
0.03895425 -0.01733129 0.32313066
0.05561276 -0.01722562 0.31857277
0.05379723 -0.00153365 0.31557212
0.05967244 0.00790195 0.31091144
0.05337073 0.00474174 0.30314738
0.03503863 0.00421578 0.29753183
0.01605221 0.00027325 0.30033268
0.01917999 0.00079818 0.30418309
0.04224525 -0.00645987 0.30133481
0.06686324 -0.00003160 0.29481223
0.05824830 0.00165175 0.28983688
0.04292232 -0.00521899 0.28503817
0.02813787 -0.00817824 0.28551276
0.02554434 -0.00430296 0.28769683
0.02769026 -0.00764611 0.29074019
0.03085907 -0.01020355 0.28188591
0.02291735 -0.00389053 0.28676685
0.01454128 0.00552695 0.26816199
0.01988477 0.01383507 0.29683400
0.01777892 0.00974656 0.30701889
0.00771977 0.00278167 0.31541684
0.00494325 -0.00861943 0.32351001
0.00565436 -0.00441838 0.34522036
0.00859643 0.00501741 0.35632057
0.03194328 0.01650519 0.40129091
-0.01379047 -0.00066941 0.37057277
-0.00580462 0.00489519 0.39592326
-0.00140548 0.00660008 0.42226684
0.00975184 -0.00278267 0.44085833
-0.00065192 0.00899537 0.45412901
-0.00721864 -0.00011144 0.46742318
-0.00336538 0.00227135 0.48292178
-0.00013828 0.00276987 0.51165236
-0.00071214 -0.00404801 0.52354123
0.00176155 -0.00350966 0.54214650
-0.00320474 0.00205756 0.56409548
-0.00769096 0.00430002 0.58432193
-0.00436581 0.00170055 0.59730887
-0.00027633 -0.00742883 0.61831831
-0.00265055 -0.01070320 0.62802366
0.00099189 -0.00723905 0.64472716
-0.00091008 0.00000118 0.65784346
-0.00120631 -0.00731792 0.65209441
-0.00636067 -0.00671911 0.66000916
-0.00655438 -0.00307157 0.66145943
-0.00136833 -0.00717168 0.66274544
0.00163037 -0.00582687 0.67511293
-0.00353614 -0.01261252 0.66957589
-0.00872737 -0.00724249 0.68493338
-0.00011409 -0.00962282 0.67168351
-0.00387995 -0.00392827 0.68105878
-0.00407066 -0.00316631 0.67576628
-0.01075822 -0.00864232 0.68186737
-0.01646788 -0.01159248 0.68154018
-0.01024712 -0.01429557 0.67786441
-0.00502065 -0.01753892 0.66502322
0.00044997 -0.00404399 0.66824270
-0.00227111 -0.00606141 0.66746285
-0.00549567 -0.00987748 0.66628193
-0.00499082 -0.01325237 0.66341635
-0.00193981 -0.01624486 0.65391722
-0.00185131 -0.00688458 0.64276046
-0.00645052 -0.00620516 0.62695083
-0.00859377 -0.00709096 0.62707575
-0.00063132 -0.01576249 0.60926044
0.00141481 -0.01765390 0.59718929
-0.00462901 -0.01361528 0.58621238
0.00066556 -0.00379544 0.57646938
0.00931622 -0.00886690 0.57090665
0.01636465 -0.01342383 0.56283739
0.02146428 -0.01085862 0.55919252
0.02003315 -0.01251035 0.55209005
0.03027929 -0.01401618 0.54231407
0.03413797 -0.01437508 0.53156914
0.03096270 -0.00921669 0.52962251
0.03448915 -0.01122371 0.52072248
0.03782037 -0.00709786 0.50822299
0.02560918 -0.00315662 0.50594219
0.01795762 0.00036370 0.50296151
0.01458888 -0.00313376 0.50347847
0.00595723 -0.00642755 0.49575989
-0.00200872 -0.01085844 0.49526551
-0.00710296 -0.01370572 0.48796405
-0.01003098 -0.00827810 0.48824405
0.00303457 -0.00654524 0.47758455
0.00197413 -0.00425744 0.47586813
-0.01323148 -0.00742813 0.46975211
-0.02403327 -0.00568741 0.46193079
-0.03147215 -0.00416704 0.46310160
-0.01623624 -0.00766905 0.45381100
-0.00005160 -0.00891476 0.44814733
-0.00162647 -0.00685333 0.44802308
-0.01496241 -0.00963948 0.43270772
-0.02267545 -0.00332370 0.43575969
-0.02613615 0.00175337 0.44026390
-0.00795875 0.00080419 0.44012637
0.00425479 -0.00905795 0.43688683
-0.00799804 -0.01632449 0.43636023
-0.02351155 -0.02282029 0.43546094
-0.02731455 -0.01458447 0.44336962
-0.01744772 0.00190431 0.46228154
0.00227222 0.01972925 0.47090556
0.00532685 0.01482940 0.47639570
-0.01836128 -0.00859581 0.48753311
-0.02833307 -0.01298603 0.49568089
-0.02017333 -0.01547926 0.50932724
0.00077193 -0.01206351 0.50391298
-0.00227913 -0.00680499 0.51381043
-0.00388114 -0.00722646 0.52106577
-0.01471201 -0.01057555 0.52833311
-0.01508041 -0.00836114 0.53353242
-0.00215062 -0.00884878 0.53994794
-0.00139339 -0.00395632 0.55410159
-0.00836584 -0.00357467 0.56475929
-0.01291905 -0.00386378 0.57371567
-0.00941869 -0.01022724 0.57746382
-0.01096583 -0.00909722 0.58761625
-0.00069300 -0.01007948 0.58964060
-0.00903436 -0.00639237 0.59834010
-0.00066112 -0.00346090 0.60914536
0.00061503 -0.00764204 0.61173280
0.00071539 -0.00598455 0.62337042
-0.00682785 -0.00871314 0.63202237
-0.01071578 -0.00511457 0.63732852
-0.00891963 -0.00857209 0.64560000
0.00180692 -0.00954866 0.64593944
0.00537422 -0.00885607 0.65038632
0.00343607 -0.00390415 0.66519324
-0.00591823 -0.00379286 0.67749832
-0.00252617 -0.01037334 0.69039628
0.00326200 -0.02399764 0.68902334
-0.00104482 -0.01614263 0.68634345
-0.00476465 -0.00690942 0.69799162
-0.00448485 -0.00155429 0.71616193
0.00719762 -0.00253413 0.71866892
-0.00953624 -0.01114672 0.73263589
-0.00605665 -0.01403545 0.72924802
-0.00207025 -0.00999779 0.73288055
-0.00238685 -0.01329473 0.73342621
0.00794633 -0.01408954 0.72162723
0.00012695 -0.01114600 0.73079999
-0.00417838 -0.00471399 0.73171550
-0.01430546 -0.01322432 0.73847573
-0.01687996 -0.01818889 0.74103101
-0.00611600 -0.01487488 0.73273238
-0.00599573 -0.01443991 0.72470379
-0.00078536 -0.01614579 0.70706011
-0.00594232 -0.00622655 0.72267044
-0.00443070 -0.00718589 0.71433839
-0.00897028 -0.01462727 0.71210520
-0.01034650 -0.01933087 0.70423914
-0.01387916 -0.01130327 0.70556466
-0.00842561 -0.00862618 0.70543656
-0.00339565 -0.00849365 0.70519080
-0.00084275 -0.01197938 0.70654136
-0.00345396 -0.01889944 0.68881569
-0.00181944 -0.02355200 0.67816503
-0.00651273 -0.01467724 0.68383018
0.00896083 -0.00475746 0.68095263
0.00204034 -0.00125441 0.68764627
-0.00429598 -0.00515563 0.69187089
-0.00978924 -0.01710399 0.69082873
-0.00293659 -0.02600599 0.67598244
-0.00419749 -0.02070408 0.67083700
-0.00131494 -0.01034103 0.66165038
-0.00324179 -0.00631031 0.66508016
0.00195153 -0.01103798 0.66138713
-0.00227686 -0.01255141 0.66095751
-0.00486567 -0.01147426 0.66112587
-0.00700781 -0.01081139 0.65038505
-0.00430394 -0.01336711 0.64754381
0.00410509 -0.01080459 0.64212485
-0.00102194 -0.00792064 0.64311785
-0.00168341 -0.00922284 0.64314169
-0.00854746 -0.01098079 0.64352710
-0.00032188 -0.01175261 0.63325282
0.00486834 -0.01567558 0.61902992
0.00035723 -0.00692608 0.62234249
-0.00710109 -0.00518319 0.61725993
-0.00277432 -0.00544083 0.60507594
0.00573739 -0.02368699 0.59438989
0.00770231 -0.01591314 0.58287966
-0.01235170 -0.00829331 0.57239998
-0.00904027 -0.00112267 0.55695904
-0.01018779 -0.00450239 0.55507354
-0.00692714 -0.01122280 0.54429399
-0.00507052 -0.01309172 0.52238994
-0.00546460 -0.01190282 0.50892253
-0.00438632 -0.01110137 0.48874522
-0.00299443 -0.00914654 0.47591559
-0.00207384 -0.01002616 0.46207440
0.00121223 -0.00531386 0.45839963
0.00486921 -0.00608641 0.44996322
0.00462708 -0.00483060 0.43580683
0.00320108 -0.00553073 0.42039467
0.00260438 -0.00562434 0.40884686
-0.00460452 -0.00745667 0.38751613
0.00026239 -0.00786667 0.37035319
-0.00095053 -0.00453138 0.35136891
0.00105906 -0.00350112 0.33786947
0.00372225 -0.00444634 0.32121168
-0.00071427 -0.00311162 0.30007383
-0.00191709 -0.00090203 0.27926064
-0.00690725 -0.00266042 0.25757361
-0.00825386 -0.00705990 0.24149355
-0.01372393 -0.00662923 0.23888686
-0.01238518 -0.00660637 0.23678717
-0.01350579 -0.01088077 0.23059127
-0.01517703 -0.01135750 0.22975094
-0.02071677 -0.00756874 0.23026435
-0.02286458 -0.00537286 0.22872554
-0.02580423 -0.00471577 0.22763382
-0.03040470 -0.00306605 0.22815942
-0.03098538 -0.00542382 0.22660878
-0.03269348 -0.00345301 0.23261496
-0.04552183 -0.00251354 0.22820216
-0.04946375 -0.00594215 0.21702481
-0.04783776 -0.00654620 0.21323005
-0.04448600 -0.01128559 0.21264787
-0.04483951 -0.01015890 0.22117144
-0.03749393 -0.00097854 0.23066565
-0.03853719 0.00273225 0.24671606
-0.05037404 0.00535001 0.26470075
-0.05201530 0.00667514 0.27295159
-0.04536588 0.00925223 0.28330150
-0.04707969 0.00854177 0.29430652
-0.05309840 0.00245569 0.30608844
-0.05660566 -0.00565265 0.31761645
-0.06907992 0.00050765 0.33334514
-0.06328597 -0.00670345 0.31483695
-0.06288294 -0.00961162 0.33392900
-0.05840393 -0.01287945 0.34836473
-0.06472379 -0.01307207 0.34652079
-0.06744525 -0.01369626 0.35187498
-0.05891272 -0.00834395 0.36787451
-0.04275947 -0.00828672 0.39180157
-0.05065832 -0.00220113 0.41846394
-0.03682796 -0.00605272 0.42904798
-0.06885421 0.00443278 0.47311328
-0.06084225 0.00479968 0.49647356
-0.04817588 0.00126584 0.51621815
-0.04271081 -0.00032112 0.53760533
-0.03976212 -0.00201228 0.55923453
-0.03875652 0.00343462 0.58160298
-0.02709388 0.00504740 0.60532484
-0.01598923 -0.00377357 0.61191936
-0.01291990 -0.00703863 0.63439211
-0.01698523 -0.00642220 0.65335714
-0.01113507 -0.00430984 0.66626488
-0.01123676 0.00043865 0.68948940
-0.00792601 -0.00414113 0.71145609
-0.00594350 -0.00197523 0.73149384
-0.01277527 -0.00747463 0.74920114
-0.01285432 -0.00471579 0.76380034
-0.00788001 -0.00436220 0.78436483
-0.00611239 -0.00664006 0.80594129
-0.00978584 -0.01017192 0.82191821
-0.01014419 -0.00569512 0.83564463
-0.01064496 -0.00407458 0.86381332
-0.01083178 -0.00633326 0.87680255
-0.01579672 -0.00627346 0.90037226
-0.00635093 -0.00668533 0.91052101
-0.00669493 -0.00969922 0.92165445
-0.01197746 -0.00829129 0.93586345
-0.01210701 -0.00732001 0.95669153
0.01010638 -0.00830871 0.93413873
-0.00443620 -0.01235384 0.95981591
0.00314272 -0.01173175 0.94685501
-0.00295923 -0.01465893 0.95572049
-0.00072617 -0.01014807 0.95126312
0.00331191 -0.01014421 0.93946790
0.00305810 -0.00894702 0.95363704
0.00460633 -0.00431649 0.95630957
0.01158967 -0.00992233 0.95119210
0.00395926 -0.00770270 0.94351410
0.00611116 -0.01194833 0.95576202
0.01368052 -0.00889393 0.94216760
0.00302061 -0.01500332 0.93936195
0.00385338 -0.01388960 0.93333713
-0.01115961 -0.01283831 0.94951095
-0.00955541 -0.01776274 0.94314763
-0.00010880 -0.01826776 0.92167429
-0.00198337 -0.01725014 0.91877653
0.00325137 -0.01333131 0.92092456
-0.00245466 -0.01523279 0.92031586
-0.01383814 -0.01566240 0.91630254
-0.01114568 -0.01283761 0.91837096
-0.00213033 -0.01229020 0.90949143
-0.00081357 -0.01444077 0.91468666
-0.00681051 -0.01415304 0.90950207
-0.01000391 -0.02116581 0.90512277
-0.00849298 -0.01857392 0.89207702
0.00163660 -0.01361016 0.88872701
-0.00739798 -0.01522199 0.89841681
-0.00689397 -0.01889906 0.88830278
-0.00661879 -0.01348376 0.88178076
-0.00325019 -0.01570954 0.86198859
-0.01161327 -0.01471126 0.86904962
-0.00482781 -0.01571763 0.86074971
-0.00497061 -0.01709482 0.85210147
-0.00462856 -0.01594583 0.83357599
-0.00560451 -0.01328923 0.82654330
-0.01140937 -0.01149505 0.81478570
-0.01431169 -0.01346342 0.80717122
-0.01459286 -0.01607343 0.78728273
-0.01774778 -0.01784586 0.76003412
-0.02221590 -0.01657139 0.75040525
-0.01666838 -0.01571444 0.72294902
-0.06904297 -0.00202977 0.70427358
-0.01565570 -0.00858826 0.69079226
-0.03910307 -0.00414890 0.67740000
-0.01762557 -0.01427176 0.66418566
-0.01331969 -0.01465840 0.65329385
-0.02105225 -0.00727487 0.63551794
-0.03077838 -0.00683752 0.61873720
-0.01686529 -0.00702516 0.58955538
-0.01258662 -0.00396928 0.57741069
-0.00377828 -0.00578567 0.56143088
-0.00405848 -0.01064324 0.54376785
0.01353685 0.00105709 0.51815773
0.02698144 0.01153953 0.49757505
0.02735960 0.00489485 0.48951550
0.04075798 0.00667091 0.48151447
0.03842078 0.01141081 0.47291107
0.03568627 0.00772110 0.47651644
0.03972132 0.01435407 0.47182696
0.05045731 0.00737915 0.46802678
0.05885984 -0.00491761 0.46749335
0.06162766 0.00354454 0.46148580
0.05406381 0.01172581 0.45283837
0.04840870 0.00323080 0.44818408
0.05244263 -0.00503207 0.43713908
0.06147018 -0.01129313 0.43792533
0.05755348 -0.01141070 0.42379423
0.05486313 -0.00270062 0.42624883
0.05501811 0.00468848 0.43441583
0.05939944 0.00303969 0.44309248
0.06162815 0.00032486 0.45136905
0.06575817 -0.00225508 0.46645466
0.06922841 -0.00171474 0.46459154
0.06105069 -0.00624774 0.47656002
0.05605904 -0.00826902 0.48646432
0.04182391 -0.00545426 0.49960162
0.05409312 -0.00316274 0.50210191
0.06225241 -0.00361998 0.51126510
0.07383788 -0.00458049 0.50426871
0.06887267 -0.01430087 0.51491538
0.05886432 -0.01393838 0.53053974
0.05112833 -0.00804276 0.56134860
0.06330809 -0.00845665 0.56627004
0.05974649 -0.01187524 0.57800267
0.03824297 -0.00649330 0.59571350
0.02806831 -0.00705159 0.61264879
0.02124354 -0.00979859 0.63594123
0.01742079 -0.00414505 0.65822811
0.01434071 -0.00398160 0.67177072
0.01010450 -0.00562485 0.68144898
0.00778687 -0.00610325 0.69916325
0.00441852 -0.00759325 0.71405292
0.00238422 -0.00261247 0.72937288
-0.00050437 0.00129147 0.75041640
0.00217405 0.00247986 0.77677067
-0.00214898 -0.00537542 0.78027046
-0.00451008 -0.00544681 0.79123308
-0.00508587 -0.00305455 0.80997648
-0.00472039 -0.00403457 0.81639929
-0.00297841 -0.00894091 0.82694181
-0.00611751 -0.00132224 0.84812797
-0.01178310 -0.00092078 0.85879144
-0.01340861 -0.00424627 0.86656714
-0.01537506 -0.00673928 0.86558410
-0.00836481 -0.00716323 0.85933344
-0.01212087 -0.00346598 0.86386428
-0.00287525 -0.01239926 0.84944967
-0.01462219 -0.00881958 0.87391177
-0.00033179 -0.01929129 0.86687267
0.00079647 -0.01436631 0.86443267
-0.02362120 -0.01233551 0.87739893
-0.02452227 -0.01014753 0.87899468
-0.01362678 -0.01479481 0.88041666
-0.01607171 -0.01590037 0.86646694
-0.01803872 -0.01487687 0.86980349
-0.01569042 -0.01606510 0.86313511
-0.01533876 -0.01181407 0.85975688
-0.01563083 -0.01192656 0.85771059
-0.01348087 -0.01026190 0.85724098
-0.01168758 -0.00838137 0.85206495
-0.00922318 -0.01105344 0.84913559
-0.00831545 -0.01383653 0.84601597
-0.00194701 -0.01253744 0.84383497
0.00075412 -0.01346033 0.82975328
0.00052860 -0.01947860 0.83597899
0.00228622 -0.01514921 0.82666485
0.00236294 -0.01106868 0.82769451
-0.00018694 -0.00699408 0.83924123
0.00198504 -0.00932558 0.83873069
-0.00014948 -0.01267660 0.84724028
-0.00186215 -0.01390240 0.84775817
-0.00088258 -0.01114047 0.84923580
-0.00246162 -0.00898283 0.85615751
-0.00333463 -0.00977815 0.85983866
-0.00703809 -0.00695506 0.86921607
-0.00571442 -0.01314955 0.86658530
-0.01223113 -0.01194836 0.87841641
-0.00578029 -0.01205472 0.87728483
-0.00467130 -0.01329848 0.87560881
-0.00249488 -0.01112763 0.88464570
-0.00589699 -0.00804186 0.89172396
0.00193328 -0.01420895 0.88681126
-0.00703229 -0.01262246 0.90299046
-0.00402723 -0.01365927 0.90795139
-0.00273767 -0.00800046 0.90715501
-0.00526298 -0.01082402 0.91143241
-0.00818662 -0.00895833 0.92006249
-0.00518387 -0.01167079 0.91794044
-0.00462766 -0.01255022 0.91576311
-0.00727306 -0.00847726 0.91940818
-0.00547741 -0.00792897 0.91518963
-0.00470205 -0.01128763 0.91260399
-0.00589993 -0.01637980 0.90868130
-0.00485258 -0.01044845 0.90648928
-0.00585412 -0.01220781 0.90132601
-0.00178847 -0.01054412 0.90140094
-0.01516631 -0.01486008 0.90259843
-0.01195622 -0.01222053 0.89902132
-0.00934844 -0.01280502 0.88994692
-0.01491361 -0.01054187 0.89720071
-0.01407333 -0.01210547 0.89318813
-0.01036141 -0.01596003 0.88551912
-0.00687893 -0.01096054 0.88335531
-0.00255572 -0.00997322 0.87262376
-0.00124414 -0.01122219 0.87300627
-0.00343711 -0.01315280 0.87530875
-0.00256948 -0.01188359 0.86883636
-0.00038987 -0.01533335 0.85872684
0.00187656 -0.02051613 0.85108809
-0.00356415 -0.01554245 0.85917147
-0.00272059 -0.01323735 0.86630333
-0.00122541 -0.01646009 0.86221081
0.01139672 -0.01436370 0.84559447
0.01645735 -0.00980403 0.84338290
0.01075563 -0.01046176 0.85099296
0.01593083 -0.01406842 0.85190810
0.02803653 -0.01247607 0.83827940
0.02196694 -0.01176572 0.84287357
0.01517173 -0.01106722 0.83057043
0.00712189 -0.01401324 0.83257380
0.00816347 -0.01191025 0.81147111
0.00202024 -0.01004732 0.80731406
-0.01152503 -0.00808732 0.81271684
-0.01068574 -0.00663366 0.79777408
-0.00362160 -0.00541028 0.79843841
0.00669524 -0.00566709 0.79433741
0.00259267 -0.00803207 0.76854610
-0.00878773 -0.01306189 0.75717955
-0.00844108 -0.01063110 0.74064933
-0.00997698 -0.01381163 0.72698701
-0.00738308 -0.00657413 0.70963088
-0.00598735 -0.00977036 0.69142282
-0.01689574 -0.01010344 0.66565094
-0.02007255 -0.00843848 0.64526513
-0.01883349 -0.00537666 0.63361086
-0.01297661 -0.00646185 0.61419832
-0.01480798 -0.01458363 0.58506859
-0.01414774 -0.01459198 0.55600341
-0.01467966 -0.00650807 0.53394964
-0.01775803 -0.00148764 0.51128391
-0.00671624 0.00724588 0.49797772
-0.01767732 -0.00912980 0.47641046
-0.01530041 -0.00628043 0.48440489
-0.02845102 -0.01279687 0.48906949
-0.01879671 -0.00144745 0.48500130
-0.02790405 0.00281632 0.48293673
-0.02706605 0.00709697 0.48004164
-0.03273474 0.00530600 0.47027377
-0.03866763 0.00761999 0.47056492
-0.04914954 -0.00282491 0.45733592
-0.03732227 0.01669466 0.46789647
-0.05680207 0.00556630 0.45190683
-0.07940235 0.00992503 0.44275804
-0.05976109 0.00228534 0.45191016
-0.05869380 -0.02180129 0.43915490
-0.05004674 -0.01030020 0.45260432
-0.04927135 -0.00340065 0.45352886
-0.03569278 -0.00334718 0.45769723
-0.05555592 -0.00728093 0.47294122
-0.05575964 -0.00611932 0.48684062
-0.04972548 -0.00132987 0.48473731
-0.05420925 -0.00356397 0.49926022
-0.05935338 0.00482106 0.52554861
-0.05406363 0.00838195 0.53875497
-0.06054993 0.00385478 0.54065051
-0.04647320 0.00088637 0.55437978
-0.06672938 -0.00832002 0.54329288
-0.06767869 0.00057916 0.57352273
-0.06430631 0.00016912 0.58804593
-0.05619534 0.00366593 0.61488154
-0.04749418 -0.00092928 0.63482388
-0.04178949 -0.00984142 0.64768335
-0.03791502 -0.00657458 0.66665302
-0.03480321 -0.00284550 0.68110585
-0.03176768 -0.00119199 0.70117929
-0.02629243 -0.00201196 0.72651939
-0.01929859 -0.00278104 0.74973365
-0.01080710 -0.00442733 0.76494165
-0.01025465 -0.00537739 0.79138326
0.00003527 -0.00565876 0.80479821
0.00207351 -0.00421260 0.81791195
0.00427179 -0.00364615 0.84448893
0.00146160 -0.00783769 0.86367456
0.00047750 -0.00576753 0.87714969
-0.00025773 -0.00414850 0.89208428
-0.00287613 -0.00113370 0.90787568
-0.00775936 -0.00435373 0.94098403
-0.00082110 -0.01745392 0.93626859
-0.00431771 -0.01395048 0.92585067
-0.00953413 -0.00457414 0.94878223
-0.01341315 -0.00184816 0.99314108
-0.01091775 -0.00058528 1.01696197
-0.01104108 -0.00841049 1.02016752
-0.00984350 -0.01308734 1.00987651
-0.01017023 -0.01503365 1.00809456
-0.00399203 -0.01259964 0.99306488
-0.01139235 -0.01402874 0.99782677
-0.00430416 -0.01470301 0.99690434
-0.00903640 -0.00698399 1.01102960
-0.00062062 -0.00864604 1.02262953
-0.00122995 -0.00917097 1.03085936
-0.00702211 -0.01583390 1.02248106
-0.01168758 -0.01660507 1.01789361
-0.00552824 -0.01778504 1.00120520
-0.00257089 -0.00586331 1.01364578
-0.00585762 -0.00780557 1.00900697
-0.01006588 -0.01436527 1.01625114
0.00118467 -0.01695056 1.00779504
0.00435954 -0.01120906 1.01260427
-0.00247648 -0.01767466 0.99544968
-0.00680623 -0.01274616 0.99589040
-0.01712519 -0.01750689 1.00226765
-0.00448511 -0.01929281 0.98019993
-0.00767384 -0.01939975 0.97431069
-0.01017413 -0.01386542 0.98784743
-0.00337668 -0.01637541 0.97765658
-0.00352411 -0.01881495 0.97069987
-0.00992561 -0.02297599 0.98678467
0.00009849 -0.02610621 0.96418033
0.00279750 -0.02222547 0.95673465
0.00513308 -0.01777962 0.94927533
0.00574284 -0.01254808 0.96626799
-0.00621170 -0.01366496 0.95999247
-0.00190068 -0.01924953 0.95577863
0.00608425 -0.02120001 0.93822734
-0.00045398 -0.01566094 0.92701856
-0.00974362 -0.01374406 0.94158772
-0.00524041 -0.01402430 0.92626727
0.01548027 -0.02697591 0.87590673
0.00494792 -0.02370234 0.88240625
-0.00204177 -0.02279174 0.86084072
-0.00534261 -0.01261508 0.86258895
-0.01846280 -0.02080497 0.85145206
-0.01409465 0.02291633 0.84312367
-0.01758540 -0.00978290 0.83729137
-0.01376926 -0.01540112 0.80950338
-0.02038351 -0.01630215 0.79278098
-0.01801877 0.00370207 0.77941818
-0.00161571 -0.00379986 0.75749099
-0.02184017 -0.01637531 0.74654498
-0.03909388 -0.02218158 0.72095103
-0.02772329 0.01002853 0.70113894
-0.00140997 -0.00678725 0.67982904
-0.00384885 -0.00196559 0.66970512
0.06574091 0.04320198 0.63823937
0.03466173 0.01567793 0.62660529
0.04423886 0.03192249 0.60931756
0.02687402 0.00338537 0.58833725
0.02982940 -0.00023135 0.57315170
0.04869458 0.00420330 0.55459953
0.03873727 -0.01098617 0.54285416
0.04153199 -0.01605202 0.52293877
0.05431887 0.00225731 0.48207470
0.03565435 0.02592415 0.51404721
0.04130003 0.02351866 0.50661783
0.06738262 0.02813795 0.52379133
0.05466430 0.00117894 0.51484085
0.03700358 -0.00868025 0.51640982
0.03127991 -0.01085017 0.49681813
0.03808960 -0.00532718 0.49479100
0.05243399 0.00257446 0.47277748
0.06219493 0.00276919 0.48405246
0.05887187 -0.00198206 0.48980255
0.06819598 -0.00056882 0.47970688
0.05870510 -0.00345832 0.48085145
0.06014077 -0.00203319 0.49186116
0.07486920 0.00351839 0.48517635
0.06996580 0.00310749 0.49831727
0.07012620 -0.00152246 0.50476644
0.05603019 -0.00277612 0.50933382
0.04612075 -0.00323345 0.51560864
0.06155354 -0.00731962 0.50296465
0.05235640 -0.00478646 0.51519036
0.03870832 -0.00514259 0.50846732
0.02866473 -0.01050400 0.51807422
0.02889162 -0.00698048 0.52497011
0.02921057 -0.00851003 0.52499556
0.02580851 -0.00822452 0.52720322
0.00673555 -0.00711081 0.53719131
0.01352883 -0.00952029 0.54509207
0.01844214 -0.01061956 0.55547800
0.01423725 -0.01086367 0.55963662
0.00364887 -0.00905115 0.56435792
0.00098447 -0.00487754 0.57632269
0.00403029 -0.00397522 0.58662754
0.00304650 -0.00438323 0.59216445
0.00529621 -0.00761427 0.60640737
-0.00029701 -0.00880185 0.61998545
0.00645140 -0.00483765 0.62226521
0.01976126 -0.00626857 0.63233875
0.01929537 -0.00745582 0.63703688
0.01844094 -0.00364793 0.63995762
0.00386316 -0.00528094 0.64466897
0.00376886 -0.00474578 0.64820485
0.01982852 -0.00570159 0.65351261
0.02683125 -0.01194742 0.66353358
0.02225888 -0.01166963 0.64923449
0.02172142 -0.00506487 0.65360156
0.02328051 -0.00199849 0.64749927
0.02343815 -0.00418270 0.66375931
0.02223337 -0.00785960 0.67109446
0.02237672 -0.00750628 0.66532887
0.02593454 -0.00614982 0.65903320
0.01161810 -0.00081567 0.67622737
0.00780752 -0.00278625 0.68266590
-0.00570209 -0.00573517 0.69733469
-0.00786813 -0.01159475 0.70428706
-0.01515429 -0.01219474 0.69931723
-0.01329798 -0.01078036 0.70738447
-0.01260753 -0.00818524 0.70425940
-0.02228785 -0.00219405 0.72524839
-0.02393121 -0.00312148 0.74135931
-0.01949082 -0.00898312 0.74882257
-0.01376109 -0.00820258 0.75432258
-0.01437304 -0.00536490 0.76910904
-0.01983064 -0.00032856 0.78439152
-0.02446764 -0.00853186 0.79231229
-0.01993688 -0.01101746 0.80780974
-0.01186445 -0.00333058 0.81994741
-0.00924928 0.00357062 0.83827238
-0.00678470 -0.00723682 0.83914165
-0.00168327 -0.00474192 0.85350367
-0.00130814 -0.00107532 0.86710234
-0.00014426 -0.00708187 0.86437638
-0.00763783 -0.00588321 0.86924096
-0.00884028 -0.00697270 0.88014856
-0.00901693 -0.00647246 0.89724340
-0.01098760 -0.01054601 0.90499393
-0.01172140 -0.01008683 0.91586201
-0.00756192 -0.01204861 0.91370628
-0.00345088 -0.01263616 0.90733998
-0.01063332 -0.01174378 0.91576494
-0.00544654 -0.00453944 0.92540532
0.00337096 -0.01143886 0.92409896
-0.00736013 -0.00800313 0.94232647
-0.00909430 -0.01027328 0.93818471
-0.01525325 -0.00903926 0.91219581
-0.00953510 -0.01068276 0.93484621
-0.00670932 -0.00922505 0.94053090
-0.00920051 -0.00911282 0.94522193
-0.01152336 -0.01002247 0.94641769
-0.00251201 -0.01284049 0.95173389
-0.00155770 -0.01658348 0.94755312
-0.00006699 -0.01428565 0.94760170
-0.00109096 -0.01263238 0.94356924
0.00477768 -0.01480112 0.93681688
0.00091450 -0.01399527 0.94445751
-0.00072100 -0.01561121 0.94108224
-0.00209671 -0.01396228 0.94032920
0.00093402 -0.01497529 0.93277412
-0.00044730 -0.01384528 0.93166914
0.00067733 -0.01170136 0.92273493
0.00403568 -0.01057900 0.92818269
0.00398330 -0.00843729 0.92132634
0.00727693 -0.01751169 0.91845655
0.00885276 -0.02162507 0.91530178
0.00561191 -0.01945224 0.90778986
0.00538191 -0.02158321 0.90855592
0.00108564 -0.02299896 0.90876307
-0.00392489 -0.01401905 0.89389382
-0.01033838 -0.01031740 0.88853101
0.00507334 -0.01587657 0.87446533
-0.00216565 -0.02072837 0.86125320
-0.00873922 -0.01859843 0.84231674
-0.00458832 -0.01027864 0.83791967
-0.00259345 -0.00849465 0.84095238
0.00124022 -0.01210765 0.81884848
-0.00049458 -0.01355205 0.82000948
0.00029953 -0.01523022 0.79821814
0.00496895 -0.02269643 0.77457609
0.00333476 -0.01584448 0.75721564
0.01082882 -0.01177657 0.73240514
0.01467792 -0.00982816 0.72481206
0.00930563 -0.00838497 0.72093975
0.00544935 -0.01245491 0.70548931
0.01485343 -0.01528825 0.68830218
0.02013279 -0.00838670 0.67715388
0.01109376 -0.00341342 0.67704374
0.02087658 -0.00445787 0.67013674
0.02411077 -0.01113175 0.66916747
0.02810827 -0.01060832 0.66529145
0.03172032 -0.01243574 0.64955350
0.02778147 -0.01008190 0.65342026
0.02763269 -0.01137781 0.65070537
0.04050954 -0.01259003 0.63492753
0.05133754 -0.00208752 0.63027008
0.04777955 -0.00417281 0.63568747
0.05350423 -0.00456187 0.63352050
0.05723615 -0.00494288 0.62366604
0.04422670 -0.00122508 0.62464401
0.04111548 -0.00570721 0.62945058
0.05600731 -0.00563540 0.60938748
0.05811525 -0.00523851 0.60978695
0.04702891 -0.00181517 0.62417113
0.04577016 0.00026814 0.62217063
0.03981237 -0.00697014 0.62620447
0.05430620 -0.00050707 0.61898156
0.06273328 0.00773485 0.60566659
0.05776289 0.00344308 0.60937374
0.05408702 0.00219854 0.60480400
0.04972781 0.00031455 0.61124518
0.04775115 -0.00295291 0.61050519
0.04484762 -0.00333343 0.62388928
0.04182646 -0.00558478 0.62575201
0.02596124 -0.00607723 0.62092199
0.01776224 -0.00203451 0.62863033
0.01244068 0.00150431 0.64352572
0.00987461 -0.00327775 0.64451605
0.00281429 -0.00054848 0.65894744
-0.00543097 -0.00578303 0.66830035
0.00232514 -0.00242480 0.68053824
0.00362628 -0.00128885 0.69163257
-0.00684316 -0.00378767 0.70712618
-0.01147641 -0.00406008 0.72251359
-0.01794912 -0.00125158 0.72626055
-0.01591403 -0.00332076 0.74061389
-0.01867645 -0.00561777 0.74814802
-0.01357872 -0.00056327 0.76919843
-0.01206455 -0.00338385 0.78502108
-0.02881930 -0.00392984 0.79238465
-0.02590884 -0.00171199 0.80161136
-0.00605580 0.00176210 0.83088217
-0.01220497 -0.00462863 0.84659797
-0.01602624 -0.00323365 0.84611408
-0.01402636 0.00120672 0.85497329
-0.00713199 0.00473891 0.88090682
-0.01119351 -0.00160482 0.89328237
0.00159279 -0.00717227 0.90739583
0.01139240 -0.00601263 0.90089670
-0.00013784 -0.00672951 0.90348412
0.00538471 -0.00247508 0.89981738
0.00831780 -0.00678445 0.91081079
0.00961296 -0.01650204 0.91783220
-0.00032110 -0.01495835 0.89646751
-0.00378137 -0.01413758 0.89339995
-0.00306135 -0.01151584 0.88934864
-0.00617279 -0.00611269 0.89717100
-0.00519551 -0.00641396 0.89634767
-0.00581857 -0.00603007 0.89253755
-0.00399677 -0.01102538 0.89278253
-0.00337236 -0.01043511 0.88989272
-0.00552228 -0.01333501 0.87432732
-0.00579034 -0.01936568 0.86275315
-0.00290946 -0.01671921 0.86077112
-0.01962065 0.00086281 0.86617875
-0.12780579 0.01146677 0.82936759
-0.01870389 -0.01563097 0.87253945
-0.00307554 -0.01388283 0.85380631
0.00031703 -0.00942442 0.87148184
0.00671161 -0.01332784 0.87161413
-0.01283854 -0.01449640 0.88730568
0.01173269 -0.01231814 0.88855446
-0.00231138 -0.00453745 0.89176585
-0.00176363 -0.00234536 0.90767401
0.00379984 -0.00389103 0.92269567
0.00245940 -0.00687945 0.91493012
-0.00203794 -0.00432652 0.91647322
-0.00767710 -0.00228683 0.92024883
-0.00136456 -0.00343442 0.94070443
-0.01340727 -0.00025755 0.93859834
-0.01741229 -0.00123987 0.96266499
-0.00380505 -0.00376593 0.97405867
-0.02185696 -0.00478004 0.95878097
-0.02422198 -0.00435547 0.96013933
-0.02153782 -0.00615940 0.97422395
-0.01268284 -0.00568133 0.99315969
-0.00850349 -0.01167580 1.00127153
-0.01179291 -0.01324703 0.97993343
-0.01413135 -0.01191373 0.97620009
-0.00982212 -0.01241073 0.98090364
-0.00983251 -0.01321828 0.98540462
-0.01193753 -0.01340016 0.97333883
-0.01282264 -0.01298077 0.97742681
-0.01309319 -0.01378266 0.96944821
-0.01059069 -0.00852384 0.96669807
-0.00643316 -0.00614227 0.97766653
-0.00817668 -0.00908320 0.97128790
-0.01036889 -0.00630062 0.96825402
-0.00523319 -0.00790295 0.94454876
-0.00668068 -0.00512141 0.94224824
-0.00267909 -0.00568571 0.93955491
-0.00112788 -0.01097829 0.91916499
-0.00535845 -0.00741213 0.89466466
-0.00756657 -0.01179059 0.85984745
0.00277793 -0.01815072 0.83828167
0.00224990 -0.01452449 0.81279894
-0.00260943 -0.01225887 0.78480013
0.00034974 -0.00622447 0.76818647
0.00076795 -0.01645887 0.74007007
0.00143304 -0.01167879 0.71146455
0.00107322 -0.00737316 0.67959130
-0.00574319 -0.01224713 0.65174220
-0.00286791 -0.01166642 0.61829401
-0.00454532 -0.01302324 0.58694957
-0.00330327 -0.01043518 0.55428188
-0.00461535 -0.00827617 0.51940043
-0.00434160 -0.00809581 0.49365382
-0.00144628 -0.00797851 0.47417947
-0.00245674 -0.00702283 0.45411969
-0.00123460 -0.01019861 0.42958049
0.00036710 -0.00994845 0.40532502
0.00186180 -0.00502344 0.39772223
-0.00321214 -0.00617355 0.38429270
-0.00601928 -0.00584846 0.37804976
-0.00429735 -0.00166828 0.37852751
-0.00107272 0.00337709 0.37916823
0.00044163 0.00306065 0.37027810
-0.00348690 -0.00504455 0.36410309
0.00117782 -0.00457659 0.36574994
-0.00306718 -0.00464885 0.35991463
-0.00756226 -0.00398577 0.35660808
-0.00591180 -0.00312270 0.35575183
-0.00682445 0.00042030 0.35417315
-0.00186635 -0.00030748 0.35558701
-0.00064871 -0.00065610 0.35232557
0.00602658 0.00231188 0.36453418
0.00223437 -0.00254269 0.36119681
0.00313473 0.00104781 0.37749339
0.00676808 -0.01563023 0.38971380
-0.00466903 0.00591608 0.39726533
-0.00039541 0.00342052 0.40687134
0.00263823 0.00017829 0.41179429
0.00783653 0.00051344 0.43006000
-0.00459149 -0.00346071 0.43235032
-0.01353154 -0.00240743 0.44006521
-0.01445238 -0.00531337 0.43434189
-0.00738166 -0.00401131 0.44284613
-0.00758446 -0.00464833 0.44219490
-0.00445188 -0.00081274 0.44162174
-0.00872925 -0.00070253 0.43934877
-0.01472640 -0.00144819 0.43782324
-0.01533374 -0.00353037 0.44657435
-0.01057970 -0.01116018 0.43916041
-0.00826765 -0.00639720 0.43434264
-0.01186679 -0.00342038 0.43951629
-0.00240988 -0.00334887 0.44269937
-0.01627311 -0.00620277 0.44458204
-0.00864282 -0.00600925 0.44440627
0.00093535 -0.00122653 0.45229004
-0.00518611 -0.00249593 0.45336202
0.00121315 -0.00288706 0.45750747
0.00099556 0.00345768 0.45965144
-0.01014887 0.00228818 0.46641793
0.00033519 -0.00547735 0.47508122
-0.00146740 0.00011816 0.48405326
-0.02776662 -0.00083050 0.47723646
-0.00550077 0.00164561 0.49718520
0.01148652 0.00448316 0.52263029
0.00237461 -0.00342521 0.52467130
-0.00294124 -0.00212967 0.54133421
-0.01363306 0.00077277 0.55020800
-0.01495701 0.00604287 0.57172969
-0.00901139 0.00255110 0.58619861
-0.00668002 0.00180604 0.61052039
-0.00712288 -0.00377649 0.63115464
-0.01084487 -0.00899309 0.64363539
-0.00649902 -0.00157507 0.65486320
-0.00603115 -0.00159526 0.65642144
-0.00354657 -0.00340384 0.66152613
-0.00167011 -0.00643837 0.66497335
-0.00620122 -0.00218866 0.66260632
-0.01054963 -0.00806907 0.66325934
-0.00788712 -0.00692378 0.66094477
-0.00935483 -0.01295395 0.65452612
-0.00634159 -0.00842007 0.64955781
-0.00307463 -0.00653389 0.64683638
-0.00412202 -0.00372509 0.65226362
-0.00255703 -0.00724118 0.65072810
-0.00277385 -0.01008954 0.63622618
-0.00048263 -0.00990193 0.62588379
-0.00329495 -0.00789776 0.60771512
-0.00375599 -0.00945089 0.59045220
-0.00355612 -0.00736408 0.58340249
-0.00426593 -0.00594267 0.57086952
-0.00733134 -0.00589544 0.54447287
-0.00667380 -0.00413600 0.53291992
-0.00495373 -0.00498650 0.52247135
-0.00657146 -0.00395971 0.50356968
-0.00571951 -0.00415560 0.49025821
-0.00456332 -0.00462270 0.47238613
-0.00472685 -0.00152843 0.45446634
-0.00848208 -0.00583089 0.42954106
-0.00908604 -0.00215075 0.41714593
-0.00843345 -0.00538140 0.38922424
-0.00282747 -0.00514414 0.36937757
-0.00480568 -0.00418199 0.33626590
-0.00223245 -0.00101912 0.31567166
-0.00012182 0.00327564 0.29668651
-0.00449412 0.00297085 0.26937743
-0.00797043 0.00246997 0.24526855
-0.01069001 0.00053435 0.22248293
-0.00913796 0.00271102 0.20527948
-0.00866325 0.00214125 0.18601363
-0.00704830 0.00290095 0.17174446
-0.00767625 0.00374964 0.16042087
-0.01089717 0.00444807 0.14853987
-0.01447661 0.00164792 0.14308150
-0.01792853 0.00032027 0.13898349
-0.01814953 0.00173424 0.13824294
-0.02291533 0.00333804 0.13651387
-0.02581877 0.00414339 0.13483616
-0.02286239 0.00591507 0.13807907
-0.02089646 0.00562487 0.13577682
-0.02253777 0.00675555 0.13674988
-0.02431504 0.00700678 0.14714384
-0.03018850 0.00588788 0.15648404
-0.03385912 0.00534550 0.17294317
-0.04323323 0.00470399 0.19585644
-0.04092742 0.00295791 0.21420381
-0.03258907 -0.00011080 0.23088435
-0.01658929 -0.00055145 0.24479449
-0.00898303 -0.00101794 0.26836250
-0.00801918 0.00257456 0.28449156
-0.00724723 0.00308176 0.28696450
-0.00046175 0.00065147 0.28845962
0.00921928 -0.00178377 0.30305748
0.01916894 0.00035374 0.31330832
0.02320479 0.00170046 0.33262797
0.01861891 -0.00218630 0.35332845
0.02306579 0.00354894 0.37327766
0.02547043 0.00348080 0.39433457
0.03525828 0.00725178 0.42026615
0.03596070 0.00878429 0.44150933
0.03383321 0.00838125 0.46917976
0.03292864 0.00913565 0.49483791
0.02722347 0.00835459 0.52024098
0.02342342 0.00665150 0.55108269
0.01339207 0.00398657 0.57251382
0.02449659 0.00870537 0.60063306
0.00989214 0.00542740 0.60940017
0.01026688 0.00346471 0.62834719
0.00691570 0.00549455 0.64618219
0.00098430 0.00876177 0.66109377
0.00123414 0.01401830 0.68880666
0.00736251 0.00577701 0.71586785
0.01065675 0.00248622 0.73492637
-0.00305016 -0.00182959 0.74047717
-0.00774474 0.00018133 0.75174128
-0.00226947 0.00193326 0.75767075
-0.00120995 -0.00139535 0.76063272
-0.00395840 -0.00374963 0.76964180
-0.01186412 -0.00818630 0.76963988
-0.00272562 -0.00223776 0.77035740
-0.01128903 -0.00145067 0.76782183
-0.00534682 -0.00661214 0.76761738
-0.00077418 -0.00425080 0.76740664
-0.00203647 0.00740794 0.76041510
-0.00650397 -0.00639907 0.76371838
-0.00644002 -0.00720025 0.75556348
-0.00667391 -0.00856109 0.75226802
-0.01655502 -0.00916719 0.76162956
-0.00794364 -0.01016732 0.75138752
-0.00661094 -0.00058818 0.75452505
-0.00798628 -0.01037770 0.73445053
-0.00171549 -0.00458038 0.74314532
-0.00666135 -0.01271257 0.73165766
-0.00801842 -0.00782984 0.72120968
0.00051195 -0.00321677 0.72412717
0.00591468 -0.00093129 0.72085521
0.00002109 -0.00494323 0.71660348
-0.00424174 -0.01160841 0.70266615
0.00052440 -0.01331294 0.69268032
0.00540660 -0.01315930 0.67845652
0.00825620 -0.00810500 0.66565882
0.00906077 -0.00494372 0.65476645
0.00966605 -0.00200477 0.65819069
0.02092695 -0.00799125 0.65972366
0.01794050 -0.00517313 0.65228960
0.02357133 -0.00905754 0.63577299
0.03314960 -0.00219049 0.64115214
0.02907466 -0.00219755 0.63463939
0.03172183 -0.00645318 0.63304774
0.03089628 -0.00236238 0.63262372
0.03423879 -0.00082019 0.63069676
0.02403623 -0.00367252 0.61980657
0.01449475 -0.00787886 0.61724399
-0.00722367 -0.00501079 0.61924449
-0.02462307 -0.00239172 0.62232782
-0.02397231 -0.00364642 0.62843951
-0.02558054 -0.00230910 0.63179311
-0.01487433 -0.00475640 0.64221598
-0.01750076 -0.00125328 0.65106011
-0.02276996 -0.00037795 0.65125113
-0.03086791 -0.00302731 0.65985654
-0.03493419 -0.00091770 0.66344171
-0.02416399 -0.00511080 0.66607095
-0.02548069 -0.00383251 0.67887845
-0.02410093 -0.00140860 0.68954788
-0.02073170 0.00262100 0.69550126
-0.01214729 0.00336285 0.70277990
-0.01352492 -0.00093985 0.70306919
-0.01329090 -0.00313685 0.70747795
-0.00811564 -0.00565597 0.71134461
-0.01100621 -0.00321464 0.72472426
-0.02123811 -0.00320632 0.72705474
-0.02355201 -0.00840092 0.73449583
-0.02567592 -0.00476312 0.74429737
-0.02699662 0.00119379 0.75395130
-0.02392477 0.00334152 0.77104801
-0.02533464 -0.00190263 0.78350710
-0.02586531 -0.00370462 0.78065893
-0.02297551 0.00050550 0.78979066
-0.02619236 -0.00311568 0.78834972
-0.02700311 -0.00444922 0.79556449
-0.02022040 -0.00723272 0.81650192
-0.01253354 -0.00132213 0.82303620
-0.01501374 -0.00428542 0.82606281
-0.00567610 -0.00413325 0.83803831
-0.00740478 -0.00391512 0.83718583
-0.00737466 -0.00497517 0.83635277
-0.00564943 -0.00195729 0.82976205
-0.00513356 -0.00259878 0.83788237
-0.00086659 -0.00379402 0.83405825
0.00622724 0.00181033 0.83931950
0.00851823 -0.00008832 0.83952139
0.01005570 -0.00607186 0.83032444
0.00713233 -0.00780535 0.81096261
0.00377737 -0.00742897 0.79852346
-0.00181906 -0.01065230 0.79518271
0.00501707 -0.00847094 0.77914695
0.01762335 -0.00901579 0.75602784
0.02213054 -0.00553150 0.76470621
0.01852180 -0.00269116 0.76014386
0.01600196 -0.00292194 0.75919515
0.01476089 -0.00573174 0.75123366
0.02508897 -0.00322907 0.75258617
0.02270788 -0.00584564 0.74723168
0.02703952 -0.01013032 0.74325573
0.02363253 -0.01001263 0.73717759
0.01895191 -0.00811650 0.72773106
0.02465657 -0.00042512 0.73052705
0.01669047 -0.00096492 0.73110525
0.00725348 -0.00612170 0.73570064
-0.00133798 -0.00580946 0.74010636
-0.01027218 -0.00089934 0.74253979
-0.01860198 -0.00390140 0.74225157
-0.02555645 -0.01000430 0.73849070
-0.01919063 -0.00216836 0.76058770
-0.02212347 0.00633033 0.77081743
-0.03113799 -0.00237598 0.77615542
-0.02968615 -0.00541066 0.79100974
-0.03007274 -0.00391592 0.80489017
-0.02421890 0.00068532 0.81054640
-0.01009878 0.00585367 0.84349275
-0.00955236 0.00201224 0.85451541
-0.01576176 -0.00244155 0.86059051
-0.00820203 -0.00387518 0.87561060
0.00024893 0.00544979 0.89742758
-0.01997956 -0.00126647 0.90461503
-0.00525394 -0.00205474 0.93375456
-0.00362296 -0.00967057 0.92880240
0.00075086 -0.01450539 0.95042398
-0.00296167 -0.00683322 0.96791812
-0.00286289 -0.00748230 0.98612157
-0.00179062 -0.00636961 0.99656840
-0.00370971 -0.00355108 1.00796086
-0.00861090 -0.01095239 1.01741965
0.00328094 -0.00472529 1.01760940
-0.00138453 -0.00803980 1.02393560
-0.00123540 -0.01481226 1.02286255
0.00819702 -0.00709821 1.01841606
-0.00086322 -0.00845515 1.01295616
0.00669462 -0.00338666 1.01492225
0.00480283 -0.00934244 1.01991755
-0.00418798 -0.00831851 1.01099625
-0.00644864 -0.01445648 1.00514490
-0.00320173 -0.01209814 1.00102135
-0.00465732 -0.01634713 0.99611144
-0.01110866 -0.01507487 0.99189435
-0.01020928 -0.01356427 0.99692861
-0.01255007 -0.01170504 0.99110201
-0.01791905 -0.00994799 0.98399378
-0.01974383 -0.00696688 0.97534823
-0.01962939 -0.01173259 0.97709901
-0.01821718 -0.01370261 0.97806884
-0.02018572 -0.00898325 0.97344160
-0.01906020 -0.00879749 0.97299496
-0.01828883 -0.01572259 0.97680698
-0.01945314 -0.01040655 0.96958597
-0.01473076 -0.01022054 0.96887113
-0.00451047 -0.00381294 0.96993657
-0.00411893 -0.00268988 0.96975772
0.00219390 -0.00676236 0.96664556
0.00238945 0.00147782 0.97325838
0.01089230 -0.00222201 0.96828929
-0.00039683 -0.00964739 0.94867676
0.00302552 -0.00817706 0.95056627
0.00086673 -0.01466300 0.93979201
-0.00546167 -0.01221419 0.94125582
0.00377988 -0.00282361 0.94672056
0.00905145 -0.00702690 0.93753966
0.00010881 -0.00812706 0.93274763
0.00984858 -0.00779078 0.94237184
0.00983911 -0.00721361 0.93073561
0.00936038 -0.01112750 0.93110807
0.00543190 -0.01046270 0.93680099
-0.00249896 -0.01386873 0.90959892
0.01249970 -0.00659937 0.91599130
0.00811322 -0.00440586 0.91341588
0.00632797 -0.00649019 0.90474504
0.00506851 -0.00696435 0.89850503
0.00334279 -0.00824429 0.88442452
0.00266526 -0.00443705 0.87627138
-0.00459974 -0.00424869 0.86499318
-0.01339007 -0.00940387 0.84861696
-0.01073650 -0.00932884 0.83256265
-0.00864644 -0.01061344 0.81514173
-0.00716157 -0.01542445 0.79791092
-0.00180300 -0.01541455 0.76036717
-0.00087553 -0.00903255 0.74135493
-0.00354445 -0.00791433 0.71905044
-0.00171510 -0.01185601 0.69731906
-0.00312577 -0.01333507 0.67270284
0.00153307 -0.00799289 0.64760091
0.00761239 -0.00629258 0.62660637
0.00296359 -0.00777485 0.59946085
-0.01160147 -0.00423004 0.58400603
-0.01458882 -0.00796644 0.55822957
-0.00041234 -0.00603834 0.54086227
0.01692854 -0.00547579 0.52258873
0.01939767 -0.00018936 0.50891117
0.00035360 -0.00346998 0.49451842
-0.00721052 -0.00063873 0.49106249
0.01092749 0.00995053 0.49187714
0.03434301 0.00114966 0.48091378
0.03591558 -0.00075216 0.47876625
0.04144629 0.00297572 0.47608810
0.04338171 0.00128501 0.47081532
0.04445259 -0.00438131 0.45502236
0.04999002 -0.00047103 0.46792574
0.05408379 -0.00636651 0.45425323
0.04210158 -0.00113464 0.45304855
0.04345178 -0.00595297 0.45279126
0.05104149 -0.00290171 0.45412758
0.05466168 -0.00253283 0.45514023
0.05259010 -0.00464473 0.45697618
0.04557943 -0.00566567 0.45818995
0.04613362 -0.00444295 0.46084509
0.05545917 -0.00568174 0.45072312
0.06549416 0.00140705 0.44110857
0.06225848 0.00617859 0.43890865
0.06045372 0.01279370 0.44123272
0.06240348 0.00512496 0.42821845
0.05759516 -0.00018857 0.44514918
0.05957551 -0.00958765 0.45365711
0.05314559 -0.01275701 0.46082791
0.05070726 -0.00808492 0.46608934
0.04647500 -0.00247641 0.46900193
0.04963367 0.00197851 0.48042404
0.05573987 0.00021474 0.49785358
0.02671747 -0.00326834 0.49923999
0.02025708 -0.00782311 0.51875525
0.02289827 -0.00204956 0.53782792
0.02940745 -0.00097409 0.55765284
0.02200543 -0.00047297 0.57165293
0.01656538 -0.00259278 0.58918545
0.01633670 -0.00601264 0.61099077
0.02280854 -0.00393521 0.63198565
0.03255293 0.00304853 0.65937842
0.01750828 0.00026039 0.66314434
0.00479801 -0.00077745 0.67001474
0.01038673 -0.00027899 0.69840725
0.00936476 0.00653620 0.72155520
0.00862605 -0.00246391 0.73708691
-0.00205703 -0.01197557 0.75619091
-0.00245272 -0.00624613 0.76403415
0.00068609 0.00436385 0.77773464
-0.00557440 0.01193727 0.80316571
-0.00592157 0.00182551 0.83595934
-0.00632409 -0.00461892 0.85300091
-0.00522777 -0.00091168 0.86992945
-0.00087705 0.00399928 0.88750766
0.00202500 0.00218129 0.90308472
0.00420390 -0.00322677 0.92883476
0.00514406 -0.00353660 0.94052696
-0.01637951 -0.00113729 0.93738132
-0.01820082 -0.00198392 0.94890819
-0.01449171 -0.00058138 0.96132715
-0.01506914 -0.00130236 0.97171814
-0.01017678 0.00111758 0.99080124
0.00534506 -0.00225336 1.00807463
-0.00474365 -0.00626869 1.00044750
-0.02532263 -0.00752031 0.98777186
-0.00522019 0.00157220 1.01002746
-0.00018997 -0.00360498 1.02283831
-0.00702961 -0.00566013 1.02185610
0.00392888 -0.01068964 1.02695272
-0.01339121 -0.00822962 1.01060469
-0.01347339 -0.00920601 1.02008169
0.00209772 -0.01211535 1.01940996
-0.01299447 -0.01357025 1.00155952
-0.01105991 -0.00689508 1.01239288
0.00384796 -0.00064426 1.02580834
0.00387022 -0.00501342 1.03295821
-0.00438559 -0.01245516 1.01446451
0.00376073 -0.01012273 1.01440405
-0.00050298 -0.00753549 1.01074907
-0.00587472 -0.00902128 1.01661091
-0.00548211 -0.00320993 1.01773230
-0.00744445 -0.01011099 1.02385345
0.00352061 -0.00618612 1.02407169
-0.00026190 -0.00704962 1.02045784
-0.00591398 -0.01127958 1.01699666
-0.02449494 -0.01508017 0.99918441
-0.00519040 -0.00264554 1.02614223
-0.01701098 -0.00224341 1.02109651
-0.00423125 -0.00463809 1.03848393
-0.01395283 -0.00482481 1.02684450
-0.01305176 -0.00793264 1.02180670
-0.00504615 -0.00828006 1.03408159
0.00358497 -0.00756876 1.02307218
-0.00944373 -0.01574378 1.00926688
0.00670365 -0.00779452 1.02590086
-0.00212815 -0.00533782 1.03144701
-0.01179276 -0.00521598 1.01847421
-0.00302051 -0.00665263 1.04515442
-0.00295770 -0.00709669 1.04012877
-0.01500326 -0.01199421 1.01114529
-0.01527576 -0.00723317 1.01732096
-0.01568104 -0.00605805 1.01926363
-0.01291797 -0.00805325 1.03506479
-0.00611541 -0.00915155 1.04173873
0.00280101 -0.00941477 1.03702981
-0.00969017 -0.01382303 1.01461664
-0.00282190 -0.01640732 1.02775287
-0.00336699 -0.00866648 1.03575318
-0.00974454 -0.01453939 1.01578540
0.00209027 -0.01214734 1.03148196
-0.00591560 -0.01301850 1.02298889
-0.00354946 -0.01060630 1.02012441
0.00688832 -0.01154361 1.02999777
-0.00006504 -0.01441721 1.01250409
-0.01345060 -0.01592342 1.00353169
-0.00691267 -0.01397209 1.01250997
0.00061135 -0.01117985 1.01190211
-0.00020781 -0.01272461 1.00784632
-0.00453006 -0.01722537 0.99626562
-0.00274162 -0.01722248 0.99375875
-0.00049374 -0.01124348 0.99300691
-0.00130182 -0.00977461 0.99866321
-0.00482364 -0.01080971 0.99771410
-0.00400801 -0.01651274 0.98968004
0.00112191 -0.01349539 0.98527589
-0.00506754 -0.01469323 0.97719952
-0.00365555 -0.01195651 0.97397365
-0.00422875 -0.01022772 0.97180936
-0.00354767 -0.01417705 0.97024580
0.00032426 -0.01254964 0.95611995
-0.01189959 -0.00911765 0.93511862
-0.00153596 -0.01352921 0.93940426
-0.00131351 -0.01275192 0.92477790
-0.01206802 -0.01427130 0.90661853
-0.00745870 -0.01886577 0.89228833
-0.00711204 -0.01659448 0.88493511
-0.00466149 -0.01549317 0.86571703
-0.00600291 -0.01002678 0.85852349
-0.00715018 -0.00885944 0.84543010
-0.00071520 -0.01301446 0.83531651
0.00015101 -0.01510109 0.81871664
0.01225048 -0.01479995 0.80759102
0.00063122 -0.01369098 0.78583079
-0.00141531 -0.01600113 0.75955765
-0.00331677 -0.01155194 0.74053537
0.00326206 -0.00907936 0.72539070
-0.00291595 -0.01230037 0.69822800
-0.00205863 -0.01193509 0.67817106
0.00227118 -0.01093314 0.65309946
0.00285162 -0.00674930 0.62839166
0.00799542 -0.00395062 0.61103129
0.01250751 -0.01047575 0.59407941
0.01136281 -0.00373667 0.56665686
0.00625427 -0.00951125 0.54948304
0.00632908 -0.01815832 0.52955447
0.00543663 -0.00798964 0.52194553
0.00580877 -0.00398077 0.51882243
0.00478376 -0.00040372 0.52017733
-0.04625889 0.00412076 0.50909604
0.04352561 -0.00627891 0.52571807
-0.02517183 -0.00840826 0.51376011
-0.02801195 -0.01302045 0.50707092
-0.03918654 -0.00481938 0.49880569
-0.03522145 -0.00063548 0.49645574
-0.01534751 0.00533223 0.50183074
0.02962045 0.00697377 0.51133174
-0.04669095 -0.00377195 0.50206361
-0.07197794 -0.00143308 0.50629737
-0.05520086 0.00640278 0.51491291
-0.11183482 -0.03013693 0.54590578
-0.05905328 0.00302505 0.52101088
-0.04964604 -0.01432190 0.51996483
-0.02742603 -0.00041813 0.53137482
-0.04575386 -0.00372723 0.54323638
-0.02504391 -0.00492949 0.54798549
-0.05298398 -0.00327546 0.55694082
-0.00863271 -0.00444062 0.55629411
-0.01097242 -0.00572994 0.57233163
-0.02682052 0.00720484 0.58026901
-0.01308569 -0.00101585 0.59215441
0.00786952 -0.00672818 0.60667946
0.00627119 -0.01310708 0.61280859
-0.01126228 -0.00721206 0.61945168
-0.01580918 0.00000621 0.63513904
-0.01447150 0.00271615 0.65258706
-0.00834450 -0.00310912 0.66650265
-0.00060391 -0.00492378 0.68188717
-0.00098710 -0.00518500 0.69030505
-0.00059898 -0.00150831 0.70488223
-0.00134707 -0.00285995 0.71552556
-0.00664174 -0.00538846 0.73224266
0.00358091 -0.00255208 0.74395895
0.00366180 0.00124249 0.75855197
0.00217433 0.00462867 0.77286506
-0.01029480 -0.00256958 0.78227020
-0.00131376 -0.00630351 0.79844904
0.00028385 -0.00194043 0.81502291
-0.00346541 0.00023521 0.82334866
0.00075998 0.00273933 0.83865179
-0.00103240 -0.00476194 0.84862468
0.00139790 -0.00453244 0.87003055
0.00378245 -0.00903717 0.86975231
0.00466553 -0.00668739 0.85745832
0.00204637 -0.00291299 0.85120844
-0.00053756 -0.00165673 0.85421102
0.00000057 -0.00446632 0.86199798
-0.00347888 -0.01004751 0.86003511
0.00713856 -0.01185478 0.85944310
0.00309845 -0.01627062 0.85459967
-0.00795959 -0.00317524 0.84587035
0.00236864 0.00011458 0.85847526
0.01295826 -0.00962830 0.84841841
0.01228596 -0.00519768 0.85164009
-0.00465347 -0.00354445 0.84009293
-0.00579121 -0.00574444 0.84778407
0.00282072 -0.01282672 0.84088836
-0.00023579 -0.01567958 0.82650235
0.00138707 -0.00790957 0.82373392
-0.00628703 -0.00272314 0.82043109
-0.00665316 -0.00327345 0.82950256
0.00076897 -0.01520988 0.82822138
0.00304924 -0.02270870 0.80985137
0.00289060 -0.01272397 0.79826307
-0.00532325 -0.00972366 0.79094658
-0.00568761 -0.01093034 0.79953095
-0.00958712 -0.00789136 0.82278279
-0.00540838 -0.00753887 0.80512522
-0.01168361 -0.00580219 0.81175626
-0.00877485 -0.00739385 0.80830393
-0.00357437 -0.00663052 0.80036646
0.00095996 -0.00874206 0.79762247
-0.01378887 -0.01592322 0.79029283
-0.00780568 -0.01063318 0.77611552
-0.00407814 -0.00691019 0.76673558
-0.00903274 -0.00591433 0.77940146
-0.00816450 -0.00772629 0.78434605
-0.01140430 -0.01151258 0.77613822
-0.01225084 -0.01129659 0.76398020
-0.00318723 -0.01326466 0.75543860
-0.00177055 -0.01740448 0.74804654
-0.00182375 -0.01206792 0.74095462
0.00332015 -0.00668597 0.74209813
0.00423925 -0.00485441 0.74285594
0.01238415 -0.01721478 0.73003955
0.00785514 -0.01899412 0.72024675
0.01659675 -0.01945752 0.69664252
0.01316143 -0.01120330 0.68847892
0.01393536 -0.00923672 0.68104701
0.01389142 -0.01257104 0.68041062
0.01636938 -0.00850412 0.68010990
0.01563459 -0.01066799 0.66483070
0.01830336 -0.01021658 0.65451998
0.01218283 -0.01317855 0.64246472
0.01132196 -0.01137500 0.63025400
0.00763330 -0.00916339 0.61416905
0.00345791 -0.01281613 0.59751910
-0.00650447 -0.00961449 0.58367839
-0.01160399 -0.01199687 0.57678850
-0.01619827 -0.00995527 0.56172707
-0.01447111 -0.01444021 0.55142044
-0.01048458 -0.01417321 0.54585141
-0.02113665 -0.00723324 0.54774999
-0.01858474 -0.00509636 0.54588963
-0.02180356 -0.00799166 0.54667905
-0.03049066 -0.01459044 0.54872568
-0.01269957 -0.02761798 0.54027412
0.07603071 0.07738128 0.54286498
-0.06294385 -0.01428305 0.54638597
-0.04824153 -0.01107614 0.53124020
-0.04099440 -0.01030162 0.53370723
-0.02568019 -0.01196652 0.53026881
-0.03740439 -0.00357102 0.53889414
-0.02696725 -0.00608157 0.54159813
-0.02993829 -0.00442954 0.54889171
-0.02477766 -0.00558718 0.55251489
-0.02186457 -0.00514872 0.55429657
-0.01363893 -0.00843707 0.55923325
-0.02139044 -0.00767424 0.56873547
-0.01491477 -0.03076699 0.57720985
-0.03354347 -0.00944710 0.57816335
0.00175041 -0.02476476 0.58203199
-0.02585758 -0.00629200 0.58072145
-0.00887518 0.00891480 0.60155177
-0.01420588 -0.01502456 0.60378411
-0.01705145 -0.00188394 0.61035951
-0.00589931 -0.00467097 0.62430695
0.00067264 -0.00618238 0.63195591
-0.00180692 -0.00065156 0.64299192
-0.00908582 -0.00231892 0.64029994
-0.00416725 -0.00076004 0.64519396
-0.00578691 -0.00841921 0.64297984
-0.00593748 -0.00812641 0.63993364
-0.00590544 -0.00629482 0.63823089
-0.00688048 -0.01359081 0.63163171
-0.00182551 -0.01148063 0.63050716
-0.00170307 -0.01024663 0.62922983
0.00499245 -0.01310444 0.62460382
0.00279448 -0.01213271 0.62244505
0.00250794 -0.00837649 0.62023588
0.00353978 -0.00742330 0.61542114
