0.04121023 0.01189024 0.99907975
0.00883332 0.00903763 0.99992014
0.07097316 0.03517741 0.99685774
0.03959344 0.00083321 0.99921552
-0.01304742 -0.02903642 0.99949320
0.01675504 0.00229804 0.99985698
0.06920297 -0.00456016 0.99759218
-0.02561029 -0.00488287 0.99966008
0.03604718 0.01684292 0.99920814
0.02228937 0.01220425 0.99967707
0.22271035 -0.02870465 0.97446198
0.00725913 -0.02278368 0.99971406
-0.00535283 -0.00547541 0.99997068
-0.06626183 -0.00489804 0.99779025
0.01000232 0.00128880 0.99994915
-0.05881468 0.01295216 0.99818489
-0.03910065 -0.00889137 0.99919572
-0.02384490 -0.00040618 0.99971559
-0.00419413 -0.01175955 0.99992206
0.00210482 -0.01766246 0.99984179
0.00236392 0.01259608 0.99991787
0.02430216 0.02338916 0.99943101
-0.01911133 -0.02531879 0.99949673
-0.03299001 -0.04161031 0.99858913
-0.00522767 -0.01766778 0.99983025
-0.01446941 0.00095764 0.99989485
0.01190859 -0.00987254 0.99988035
-0.01139577 -0.01216975 0.99986101
0.00436322 -0.00597415 0.99997264
0.00336935 -0.01339134 0.99990466
0.00162299 -0.01104399 0.99993770
0.02577141 -0.00707125 0.99964285
-0.02454297 -0.00380678 0.99969153
0.00698435 -0.00132052 0.99997474
0.03396636 0.01511427 0.99930868
0.00493462 -0.02320583 0.99971853
-0.00186885 -0.00943355 0.99995376
0.00451667 -0.01414697 0.99988973
-0.00323043 -0.00299843 0.99999029
0.00134821 -0.02028029 0.99979342
-0.00670120 -0.01128455 0.99991387
-0.01727274 -0.02902972 0.99942930
-0.00615443 -0.01206683 0.99990825
-0.02860892 -0.02745582 0.99921354
-0.01102741 -0.02109305 0.99971670
-0.01179656 -0.01191403 0.99985944
-0.01495803 -0.01783281 0.99972909
0.02027151 -0.00918131 0.99975235
-0.00086998 -0.00715534 0.99997402
0.00547025 0.00798911 0.99995312
0.00983069 -0.00051295 0.99995155
0.05821811 0.01853369 0.99813183
0.06705278 0.02587118 0.99741396
0.03099649 -0.03917134 0.99875163
0.01107302 -0.02093889 0.99971944
-0.00748203 0.00252624 0.99996882
0.04430939 0.00742391 0.99899027
-0.09898957 -0.07310684 0.99239934
-0.00017375 -0.01166695 0.99993192
0.02787300 -0.00787346 0.99958046
-0.02075121 -0.01281679 0.99970251
-0.03165641 -0.01039301 0.99944477
0.03049415 0.01168464 0.99946665
-0.02227563 -0.01115245 0.99968966
0.01612249 0.02485269 0.99956111
0.00726849 -0.00104170 0.99997304
-0.03653344 -0.03433402 0.99874245
0.04006486 0.00403553 0.99918893
0.04395686 -0.01295646 0.99894941
0.04149245 0.00510681 0.99912577
0.00505216 -0.01333776 0.99989828
-0.02591096 -0.00895537 0.99962414
0.01259968 0.00900148 0.99988010
-0.00449676 -0.01447088 0.99988518
-0.00270991 -0.00363134 0.99998973
-0.04741433 -0.00344798 0.99886936
-0.03423352 -0.00997348 0.99936410
-0.01075312 -0.02930969 0.99951254
0.01966417 -0.00171235 0.99980518
0.01340459 -0.01405026 0.99981144
0.04096728 -0.01776445 0.99900256
-0.00420981 -0.01037110 0.99993736
0.04604760 -0.00660928 0.99891738
-0.07278735 -0.02287584 0.99708510
-0.00219124 -0.00960938 0.99995143
0.02127628 -0.01200283 0.99970158
0.00185454 -0.01681074 0.99985697
-0.00735871 -0.01410692 0.99987341
-0.00684071 -0.01743612 0.99982458
0.00998113 -0.00585349 0.99993305
-0.01011101 -0.00910277 0.99990745
-0.01308311 -0.00992798 0.99986512
-0.02032471 -0.02279064 0.99953364
-0.00661523 -0.01190515 0.99990725
0.01585723 -0.00041124 0.99987418
-0.01195160 -0.00592012 0.99991105
-0.00110205 -0.00638357 0.99997902
0.02736767 -0.01307955 0.99953986
0.02914536 -0.00162159 0.99957387
0.02798442 -0.00453485 0.99959807
0.01649281 0.01211490 0.99979059
-0.02896656 0.00332499 0.99957485
0.02756550 -0.00411155 0.99961154
-0.02697319 -0.01686567 0.99949387
0.01948698 -0.00444162 0.99980024
-0.01117857 -0.01934183 0.99975044
-0.01924617 0.00538073 0.99980030
-0.03327662 0.00080732 0.99944585
-0.00152735 -0.01809625 0.99983508
0.00865384 -0.01007866 0.99991176
-0.04481696 -0.01489350 0.99888419
0.02031963 -0.00645033 0.99977273
0.00531917 -0.02703198 0.99962042
-0.00659184 -0.02930977 0.99954864
0.00681789 0.01200670 0.99990467
-0.01159501 -0.00155293 0.99993157
-0.01072369 -0.00786160 0.99991159
-0.01518812 -0.00009257 0.99988465
-0.01029547 -0.00398420 0.99993906
-0.00359288 -0.00834428 0.99995873
-0.02077075 -0.00886748 0.99974494
0.01107968 0.00129603 0.99993778
0.03405265 -0.00848818 0.99938399
0.01653014 -0.01568865 0.99974028
0.00069322 -0.00349959 0.99999364
0.00119553 -0.00575644 0.99998272
-0.00110464 -0.01678707 0.99985848
-0.00842766 -0.01813284 0.99980007
0.05728255 0.00414368 0.99834941
-0.01709821 -0.00603197 0.99983562
-0.07859115 -0.02889562 0.99648807
-0.02548186 -0.02314813 0.99940724
-0.02785825 -0.01927731 0.99942599
-0.07239502 -0.03479786 0.99676882
0.01621418 -0.01681980 0.99972706
0.01441047 -0.01057636 0.99984023
-0.01083421 -0.00054105 0.99994116
0.01366306 -0.01845494 0.99973633
-0.01388471 -0.02650155 0.99955234
-0.01537749 -0.01524111 0.99976559
-0.02129529 -0.00978041 0.99972539
-0.03760430 -0.01009879 0.99924168
0.00111760 -0.02875704 0.99958581
-0.04336026 -0.01573627 0.99893556
0.03587612 0.01151882 0.99928986
0.02078945 -0.03548928 0.99915380
-0.01043532 -0.04367529 0.99899128
0.00510784 -0.01909132 0.99980470
0.00073319 -0.02115803 0.99977587
0.03340132 -0.00692126 0.99941805
0.01952934 -0.02139794 0.99958028
-0.01236869 -0.00117053 0.99992282
0.00199912 0.00112058 0.99999737
-0.00812393 -0.00585469 0.99994986
0.01496717 -0.01688748 0.99974537
0.00484311 -0.02335004 0.99971562
-0.01623853 -0.00746614 0.99984027
-0.02580967 -0.01740483 0.99951535
-0.00770964 -0.01068506 0.99991319
-0.00293848 -0.01618129 0.99986476
0.01069082 -0.01812054 0.99977865
0.01763100 -0.02341234 0.99957041
-0.00542361 -0.02383363 0.99970123
-0.00258636 -0.02005842 0.99979546
-0.00894433 -0.01840121 0.99979068
0.01328587 -0.01510123 0.99979770
-0.01138288 -0.00806691 0.99990267
0.01324146 0.00285944 0.99990824
-0.01916728 -0.01831596 0.99964851
0.00842965 -0.01270922 0.99988370
0.00331972 -0.01804111 0.99983173
0.00922478 -0.02461928 0.99965434
-0.01174946 -0.00696451 0.99990672
-0.00828043 -0.02325524 0.99969527
-0.00393748 -0.01632419 0.99985900
-0.01559979 -0.02794151 0.99948783
-0.02937942 -0.02745686 0.99919116
-0.02307339 -0.01872461 0.99955841
-0.00393142 -0.01517250 0.99987716
0.01674046 -0.02357421 0.99958192
0.03798076 0.00439554 0.99926880
0.01307101 -0.02644680 0.99956476
0.03135926 -0.00691430 0.99948426
-0.00889224 -0.00572787 0.99994406
0.00084528 -0.02793596 0.99960936
0.01292302 -0.02304001 0.99965102
0.00683059 -0.01210759 0.99990337
0.02068562 -0.01217229 0.99971193
0.00181762 -0.02722558 0.99962766
0.00382155 -0.04373151 0.99903601
0.04695663 0.00666556 0.99887469
0.00852527 -0.03311006 0.99941535
-0.07490659 -0.01053977 0.99713485
0.00595547 -0.04878997 0.99879131
0.01370695 -0.01030836 0.99985292
0.06773191 -0.04581100 0.99665126
0.05060567 -0.02833669 0.99831663
0.22358565 -0.04881083 0.97346133
0.05450144 -0.04783249 0.99736736
0.04029581 -0.03478191 0.99858223
-0.05245406 -0.02559229 0.99829535
0.09956806 -0.00400403 0.99502270
0.07958493 0.00915932 0.99678601
0.07060847 0.02904870 0.99708105
0.11872425 -0.04603943 0.99185933
0.10389389 0.01131258 0.99452405
0.11329392 -0.00837784 0.99352619
0.09553903 -0.00470818 0.99541455
0.09496777 -0.04309030 0.99454731
0.13507993 -0.01916733 0.99064929
0.16722518 -0.03056057 0.98544497
0.14141643 0.01271588 0.98986853
0.17620926 -0.02941703 0.98391307
-0.00136920 0.01857114 0.99982660
0.12067154 0.00185082 0.99269076
0.07417332 -0.03230698 0.99672192
0.09500517 -0.03151911 0.99497767
0.15125305 -0.00706389 0.98846984
0.03793530 0.01457009 0.99917397
0.08720951 -0.00262063 0.99618655
0.06666881 -0.01387070 0.99767874
0.08828621 -0.01251721 0.99601650
0.04989972 -0.01935974 0.99856658
0.05153939 0.03784806 0.99795351
0.05895460 -0.04202132 0.99737584
0.04174552 0.00437367 0.99911870
0.09040904 0.00140219 0.99590373
0.03674744 -0.00099455 0.99932409
0.10046436 -0.01162892 0.99487270
0.04884457 -0.01967492 0.99861259
0.04845801 -0.00376523 0.99881812
0.03484084 -0.00101895 0.99939235
0.02731481 -0.00771577 0.99959710
0.04600580 -0.00247732 0.99893810
0.02810655 -0.01007656 0.99955414
0.02478590 -0.00652913 0.99967146
0.04487371 -0.01956213 0.99880112
0.02273217 -0.00366708 0.99973487
-0.01165586 0.00187327 0.99993031
0.04159389 -0.00797474 0.99910277
0.02031842 -0.00552384 0.99977830
0.02609534 -0.00659518 0.99963770
-0.05302836 -0.00885328 0.99855376
0.00135588 -0.00800792 0.99996702
-0.00154048 -0.00102842 0.99999828
0.00169255 -0.00397777 0.99999066
-0.02701075 0.04119303 0.99878604
0.00662649 0.00226329 0.99997548
0.02126857 0.00081919 0.99977346
0.00718117 -0.00555010 0.99995881
-0.00889275 0.00305377 0.99995580
-0.03330607 -0.00154540 0.99944400
-0.01747576 0.00165472 0.99984592
0.02572999 -0.01738895 0.99951768
-0.02579250 0.02614994 0.99932524
-0.00821067 -0.03025508 0.99950849
-0.01284847 0.00082279 0.99991712
0.04998034 0.00669232 0.99872778
-0.00130407 -0.01133370 0.99993492
-0.02347649 -0.00736570 0.99969725
0.03469141 -0.04008317 0.99859393
-0.01004806 -0.02761908 0.99956802
-0.00010568 0.00092540 0.99999957
0.01498016 0.00214465 0.99988549
0.02614762 0.00526157 0.99964425
-0.07804044 0.05044909 0.99567293
-0.01346287 -0.00812441 0.99987636
-0.01274273 -0.00813751 0.99988570
-0.07429252 0.00289306 0.99723230
0.04576637 -0.00388351 0.99894462
-0.01367515 -0.01654904 0.99976953
-0.00698337 -0.00240572 0.99997272
-0.00463385 0.00601234 0.99997119
-0.02208511 -0.00596256 0.99973831
-0.01550606 0.00519520 0.99986628
-0.03332295 -0.00894998 0.99940456
-0.00667002 -0.00765456 0.99994846
-0.01355592 -0.01076659 0.99985015
-0.03599066 -0.01781016 0.99919341
-0.03419610 -0.02665414 0.99905965
-0.00195079 0.00018765 0.99999808
-0.00064880 -0.01572524 0.99987614
-0.00986746 -0.02099492 0.99973089
-0.00136716 0.00530569 0.99998499
-0.01191274 -0.00502971 0.99991639
-0.01791532 -0.02575114 0.99950784
-0.01707716 0.00084274 0.99985382
-0.01374713 -0.00741787 0.99987799
0.01553259 0.00678844 0.99985632
-0.00353223 0.00531155 0.99997966
0.00924800 0.01855187 0.99978513
-0.01103803 -0.00918049 0.99989694
-0.05457297 -0.00664096 0.99848770
0.00438700 -0.00381315 0.99998311
-0.01271983 -0.01331950 0.99983038
-0.00069546 -0.00397040 0.99999188
-0.00320763 -0.02949548 0.99955977
-0.03843189 -0.00524528 0.99924746
-0.00594985 -0.01063884 0.99992570
-0.02354364 -0.01007957 0.99967200
0.02720787 -0.02400597 0.99934151
-0.07023739 0.00128009 0.99752948
-0.00162513 -0.00665282 0.99997655
-0.00757314 -0.01574616 0.99984734
0.10523239 -0.02495129 0.99413459
-0.10129094 0.00219806 0.99485442
-0.03728373 -0.01192751 0.99923354
-0.03261273 0.01737368 0.99931705
-0.00443813 -0.00624190 0.99997067
-0.03243507 0.00483034 0.99946217
0.03609886 -0.01353994 0.99925649
0.00562123 -0.01317418 0.99989742
-0.01311159 -0.01116109 0.99985175
-0.05812197 -0.00863340 0.99827216
0.01178534 -0.02902968 0.99950907
0.07445858 -0.00666515 0.99720183
0.03472279 -0.02311185 0.99912971
-0.00607102 -0.01602279 0.99985320
-0.05033283 -0.04106595 0.99788787
0.03557779 0.00834459 0.99933207
0.01973374 -0.01187929 0.99973470
0.00598749 -0.00240127 0.99997919
0.00616492 -0.01029549 0.99992800
-0.00417499 -0.01083421 0.99993259
-0.00627554 -0.00417366 0.99997160
-0.01251525 -0.00447943 0.99991165
0.00006745 -0.00638561 0.99997961
-0.01705425 -0.01804827 0.99969166
-0.02650928 -0.01095714 0.99958851
-0.00683946 -0.02377599 0.99969392
-0.01382572 -0.01805254 0.99974144
-0.00883626 -0.00558109 0.99994538
0.01538970 -0.01165506 0.99981364
-0.01625145 -0.01205705 0.99979524
-0.02177058 -0.01340185 0.99967316
-0.01518125 -0.03960993 0.99909989
-0.03031993 -0.00773556 0.99951031
-0.02229683 -0.02063819 0.99953835
-0.01535141 -0.00817954 0.99984870
-0.02594298 0.00523229 0.99964973
-0.02418752 -0.01899342 0.99952700
-0.00987846 -0.00735332 0.99992417
-0.02800220 -0.01264768 0.99952785
-0.00688955 -0.01435793 0.99987318
-0.00052236 -0.00677841 0.99997689
0.00224581 -0.00795220 0.99996586
-0.00105499 -0.00421705 0.99999055
-0.02375015 -0.00008046 0.99971792
0.00424570 -0.02072955 0.99977610
-0.01870309 -0.00533431 0.99981085
-0.00491370 -0.01086270 0.99992893
0.00751641 -0.01075751 0.99991389
-0.00748243 -0.01299004 0.99988763
-0.03027942 -0.00574271 0.99952498
-0.00824443 -0.02947008 0.99953166
0.02547061 -0.01179711 0.99960596
-0.00362278 -0.00429930 0.99998420
0.00411821 -0.00732200 0.99996471
0.00135878 -0.01233720 0.99992297
-0.00411016 -0.00757765 0.99996284
-0.00630483 -0.01283054 0.99989781
-0.00730227 -0.01826276 0.99980656
0.01202201 -0.00887850 0.99988832
-0.04273183 0.01108229 0.99902511
0.02074680 -0.00015751 0.99978475
0.01008658 -0.01110308 0.99988748
-0.02778903 -0.00326526 0.99960848
0.02587726 0.00619442 0.99964594
-0.04911343 -0.00284641 0.99878915
-0.02450247 -0.00692977 0.99967575
-0.01271263 -0.00980844 0.99987108
-0.00887425 -0.01939400 0.99977253
-0.00726733 -0.01157180 0.99990664
0.01285783 -0.01466257 0.99980982
0.01640801 -0.00907615 0.99982418
0.01311042 0.00173787 0.99991254
-0.01587260 -0.01068952 0.99981688
-0.01925817 0.00014655 0.99981453
0.00717974 -0.02625278 0.99962955
0.00663745 -0.00835212 0.99994309
0.01868063 -0.00438892 0.99981587
-0.00937956 -0.01480430 0.99984642
-0.01343908 -0.02438810 0.99961223
-0.02221281 -0.01772690 0.99959609
0.01776248 0.00042494 0.99984214
-0.00728421 -0.01231084 0.99989769
-0.02303481 -0.01275275 0.99965332
-0.01405700 -0.02256133 0.99964663
0.07292212 -0.03056860 0.99686906
0.00646376 -0.00902083 0.99993842
-0.02222635 -0.01739067 0.99960170
-0.01578663 -0.02011213 0.99967309
0.07148879 -0.02490001 0.99713055
-0.01019507 -0.02843875 0.99954354
0.04484479 -0.01940860 0.99880541
0.00165624 -0.01099803 0.99993815
-0.03824304 -0.01671912 0.99912859
0.03839547 -0.01017106 0.99921086
0.00155216 -0.01491417 0.99988757
-0.03222394 0.00285959 0.99947658
-0.02842372 -0.01290088 0.99951271
-0.05064819 -0.00068221 0.99871632
-0.00298866 -0.00924706 0.99995278
0.01417387 -0.02728811 0.99952712
-0.01280882 -0.01097802 0.99985770
-0.00904092 -0.02466547 0.99965488
0.01481268 0.01046049 0.99983557
-0.04173992 0.00465588 0.99911766
-0.00598629 -0.01726699 0.99983299
0.00895317 -0.01521445 0.99984417
-0.00676000 -0.03246000 0.99945017
0.05003261 -0.06151211 0.99685154
-0.04921177 -0.03333383 0.99823197
0.07584954 -0.00416802 0.99711056
-0.01703157 -0.01256527 0.99977599
-0.04041332 -0.02745735 0.99880572
0.01786341 -0.01484011 0.99973030
0.01201970 0.00630712 0.99990787
-0.01910950 -0.00635299 0.99979721
-0.07088204 -0.00638791 0.99746425
0.04256889 -0.01234200 0.99901730
0.00121948 -0.00539793 0.99998469
0.02571915 -0.03134241 0.99917775
0.02620185 -0.02743165 0.99928022
0.08228486 -0.03098237 0.99612715
0.02379126 -0.01492531 0.99960553
0.06041485 -0.01205068 0.99810061
0.02998255 -0.00514373 0.99953719
0.06277619 -0.01501640 0.99791465
0.05725070 -0.02495193 0.99804797
0.13500614 -0.04563451 0.98979333
0.06848270 -0.01491777 0.99754077
0.11059237 0.00986554 0.99381688
0.04483335 -0.03919549 0.99822527
-0.00039828 0.04705813 0.99889207
0.04557673 0.01787483 0.99880091
0.02556389 -0.05313593 0.99826002
0.04415184 -0.01904136 0.99884335
0.08757595 -0.02260130 0.99590142
0.06562666 -0.06162484 0.99593952
0.06945844 -0.00810917 0.99755189
0.07718536 -0.00939923 0.99697245
0.07500015 -0.01372347 0.99708909
0.06431508 -0.00437986 0.99792003
0.09312357 -0.00023805 0.99565453
0.03155003 0.00871222 0.99946420
0.06218628 -0.02713493 0.99769563
0.02965854 -0.00248874 0.99955699
0.03674288 -0.01186380 0.99925433
0.08995841 0.01482596 0.99583516
0.04511001 -0.01588450 0.99885573
0.03517827 -0.01258993 0.99930175
0.03327647 -0.00797848 0.99941434
0.02660098 -0.00304586 0.99964149
0.00573589 -0.00914337 0.99994175
0.01128513 0.00034436 0.99993626
0.05807354 -0.04172295 0.99744005
-0.01603336 -0.00073208 0.99987119
-0.00657289 -0.00884101 0.99993931
0.01022565 -0.03411648 0.99936555
0.01882773 -0.01624644 0.99969074
0.01992262 0.00937473 0.99975757
-0.05259835 0.00221282 0.99861330
0.03073274 -0.01201724 0.99945539
-0.02836822 0.01700418 0.99945290
-0.00057668 -0.00327560 0.99999447
-0.01160531 -0.01460413 0.99982600
-0.01207675 -0.00975711 0.99987947
-0.01338727 0.00813917 0.99987726
-0.00956357 -0.01501780 0.99984149
0.00173094 -0.01815813 0.99983363
-0.01523380 0.00195260 0.99988205
-0.01430101 -0.00474371 0.99988648
-0.01663942 0.01238701 0.99978482
0.01595880 -0.02328100 0.99960158
0.01473130 -0.00528499 0.99987752
0.00692276 -0.01900666 0.99979539
-0.01339620 -0.00039935 0.99991019
-0.00901101 -0.00043545 0.99995931
0.00972004 -0.02606813 0.99961291
-0.02369476 -0.02393929 0.99943257
-0.01186304 -0.02337902 0.99965629
0.02367449 -0.01723848 0.99957108
0.02847171 -0.03993825 0.99879642
-0.03265131 -0.02420158 0.99917375
-0.01469021 -0.01383171 0.99979642
0.01248963 -0.02516956 0.99960517
0.03208714 -0.00245093 0.99948207
-0.02278216 -0.00882294 0.99970152
-0.01579380 -0.01064359 0.99981862
-0.00185679 -0.02032575 0.99979169
-0.03348939 -0.03200341 0.99892655
-0.00652889 -0.03646794 0.99931350
0.00157481 -0.02305341 0.99973299
-0.02808516 -0.00225688 0.99960299
-0.01268943 -0.01755397 0.99976539
0.01429720 -0.01564679 0.99977536
-0.00741505 -0.00994891 0.99992302
-0.03121354 -0.01844206 0.99934259
-0.00910598 -0.02386701 0.99967367
0.03030314 -0.02198016 0.99929905
0.09350942 -0.03658665 0.99494593
0.06172503 -0.01530251 0.99797588
-0.01119709 -0.00400108 0.99992931
0.04025958 -0.02998739 0.99873917
0.00007795 -0.00000410 1.00000000
0.07029717 -0.01646097 0.99739027
0.07184412 -0.01711400 0.99726904
0.09046405 -0.02144898 0.99566872
0.00772377 -0.01225202 0.99989511
0.03173586 -0.00798816 0.99946437
0.05661007 -0.02207248 0.99815235
-0.03007963 0.01180860 0.99947775
0.01434475 -0.00653533 0.99987575
0.10264409 -0.00363257 0.99471151
0.09499134 -0.00588691 0.99546069
0.13406990 -0.02452528 0.99066835
0.07409357 -0.00722893 0.99722509
0.09935543 -0.02219851 0.99480437
0.09438283 -0.05171831 0.99419168
0.08982379 -0.02377431 0.99567388
0.11517611 0.00798567 0.99331299
0.09118728 -0.00695390 0.99580948
0.05655628 -0.00971839 0.99835211
0.11133644 -0.02765466 0.99339791
0.10706684 0.01512915 0.99413671
0.09020656 0.00029450 0.99592303
0.07820524 0.01185927 0.99686674
0.08389247 -0.00903767 0.99643383
0.08643890 0.01072346 0.99619944
0.06451988 -0.00503540 0.99790372
0.10551536 -0.01223732 0.99434237
0.04787157 -0.00883245 0.99881445
0.05787776 -0.01569301 0.99820033
-0.01457329 -0.00023129 0.99989378
0.03022675 0.00203752 0.99954099
0.01803484 -0.00790293 0.99980613
0.00902117 0.00010548 0.99995930
0.01075936 -0.01476519 0.99983310
0.03806881 -0.00604104 0.99925686
0.04635062 -0.01428855 0.99882304
-0.00962098 -0.01322975 0.99986620
-0.02638470 -0.00223545 0.99964936
0.02025761 0.00323536 0.99978956
-0.00333603 -0.00793081 0.99996299
-0.00544224 -0.00605712 0.99996685
0.00340121 -0.00747777 0.99996626
0.00501791 -0.01857136 0.99981495
0.00373798 -0.01590616 0.99986650
-0.00622091 0.01112965 0.99991871
-0.00131868 0.01267122 0.99991885
0.01624930 0.00157465 0.99986673
-0.02268792 -0.00708325 0.99971750
0.02101636 -0.01238576 0.99970241
-0.02947634 0.03335986 0.99900864
0.00032919 -0.00494673 0.99998771
-0.00081741 -0.00653129 0.99997834
-0.01558082 -0.00397277 0.99987072
0.00188214 -0.01369718 0.99990442
0.00983170 -0.01471494 0.99984339
-0.00368443 -0.01161262 0.99992578
-0.03033876 0.01201935 0.99946741
0.01152933 -0.01329632 0.99984513
-0.00264571 0.00574545 0.99997999
0.01204299 -0.00489908 0.99991548
0.02723308 -0.00153314 0.99962794
-0.00472722 -0.00276537 0.99998500
-0.00937065 -0.01014343 0.99990465
0.02411322 -0.00168772 0.99970781
0.03244093 -0.01858931 0.99930077
-0.01732613 0.00446483 0.99983992
0.00539951 -0.00835820 0.99995049
0.07403677 -0.01242404 0.99717812
-0.06515313 0.00810136 0.99784239
-0.02025267 -0.00246362 0.99979186
-0.00326159 -0.01678361 0.99985383
0.00280670 -0.00620624 0.99997680
-0.01400084 -0.01115036 0.99983981
0.00744303 -0.01808318 0.99980878
0.00930590 -0.01603869 0.99982807
-0.00707832 -0.01152122 0.99990858
-0.01459535 -0.00189983 0.99989168
0.00107388 0.00129786 0.99999858
0.01220790 -0.01174325 0.99985652
0.00776960 -0.01284424 0.99988732
-0.01863993 0.00100845 0.99982575
-0.03094080 -0.00535689 0.99950686
-0.00638371 -0.01569338 0.99985647
-0.02260119 -0.01260581 0.99966508
-0.01113610 -0.00804294 0.99990564
0.01761424 -0.00121614 0.99984412
-0.01664229 -0.01925658 0.99967606
-0.01105804 -0.00994837 0.99988937
-0.01170742 -0.01562564 0.99980937
0.01203629 -0.01728517 0.99977815
0.04173440 -0.02482536 0.99882027
-0.02125431 0.00800122 0.99974208
-0.00828114 -0.02196144 0.99972452
-0.03415487 0.00518082 0.99940312
-0.00864847 -0.01467197 0.99985496
0.01077915 -0.01233061 0.99986587
-0.02347256 0.00625697 0.99970490
-0.02777433 -0.01728953 0.99946469
0.00077930 -0.01039290 0.99994569
0.00219859 -0.01672258 0.99985775
0.01030125 -0.02986611 0.99950083
-0.02096040 0.00093540 0.99977987
-0.00027849 -0.00461553 0.99998931
-0.01875141 -0.00557493 0.99980863
0.03134462 0.00346292 0.99950264
0.04608883 -0.02043663 0.99872827
0.00031376 -0.01468068 0.99989218
-0.01475063 -0.01027078 0.99983845
0.01223942 -0.01098201 0.99986479
-0.00176207 -0.01808184 0.99983496
-0.01889570 -0.01270659 0.99974071
-0.00294691 -0.01083250 0.99993698
-0.00160619 -0.01196745 0.99992710
-0.00869379 -0.01397707 0.99986452
-0.01836272 -0.00955347 0.99978575
0.01036802 -0.00677262 0.99992331
-0.00188871 -0.01335048 0.99990909
-0.00642062 -0.00913910 0.99993762
-0.00577387 -0.02698044 0.99961929
0.03980173 -0.02472704 0.99890159
-0.01494540 -0.01009698 0.99983733
0.00051813 -0.01510866 0.99988572
0.02344243 -0.02734110 0.99935125
0.00106327 -0.01604033 0.99987078
-0.03392395 -0.01846534 0.99925382
-0.04708745 -0.01295923 0.99880670
0.00648811 -0.02220094 0.99973248
0.00970844 -0.00475721 0.99994156
0.00853175 -0.02008429 0.99976189
-0.02775784 0.00211461 0.99961244
-0.00828135 -0.01480501 0.99985611
0.02938691 -0.01560626 0.99944627
-0.03618848 -0.01417029 0.99924451
-0.01294779 -0.01151538 0.99984986
0.00134762 -0.02315770 0.99973092
0.01883778 -0.02991674 0.99937487
0.00863072 -0.02500001 0.99965019
-0.01274749 -0.00904027 0.99987788
-0.02426610 -0.01476656 0.99959647
-0.03597824 -0.01359508 0.99926010
-0.02265814 -0.00183090 0.99974159
0.01963729 -0.00630056 0.99978732
-0.01428076 -0.01060616 0.99984177
-0.01422498 -0.01899275 0.99971842
-0.00662953 -0.00583918 0.99996098
0.00276985 -0.01299757 0.99991169
0.00369009 -0.01171287 0.99992459
-0.05559386 -0.00874384 0.99841518
-0.00727252 -0.01465091 0.99986622
-0.00360512 -0.00939337 0.99994938
0.00396802 -0.01269481 0.99991154
0.00762878 -0.01921717 0.99978623
0.00085798 -0.01260161 0.99992023
0.00092460 -0.00588065 0.99998228
0.00539805 -0.01202849 0.99991308
0.00108032 -0.00820714 0.99996574
-0.02231747 -0.00561896 0.99973514
0.02034015 -0.00437639 0.99978354
-0.01896655 -0.02063572 0.99960714
-0.01221045 -0.01892528 0.99974634
-0.02028178 -0.01748006 0.99964148
-0.00221162 -0.01239896 0.99992068
-0.03782137 -0.01949161 0.99909440
-0.01368862 -0.01411415 0.99980669
0.00715856 -0.02241222 0.99972319
0.00611546 -0.01133684 0.99991704
0.00165023 -0.01910673 0.99981609
0.03508293 -0.01623429 0.99925254
-0.00918210 -0.00778035 0.99992757
-0.02221903 -0.00792241 0.99972174
-0.00705469 -0.00465417 0.99996428
0.01959290 -0.01006680 0.99975736
0.01023068 -0.02928651 0.99951870
0.00349548 -0.00709089 0.99996875
0.00454948 -0.01223824 0.99991476
0.00298054 -0.01803734 0.99983287
-0.01321999 -0.01482429 0.99980272
0.02837633 -0.03098665 0.99911692
-0.00321358 -0.01585859 0.99986908
-0.00622365 -0.01387538 0.99988436
0.01496006 -0.00121502 0.99988735
0.00790385 -0.01553226 0.99984813
-0.00390497 -0.01614867 0.99986198
-0.00452873 -0.02257429 0.99973491
0.00632621 -0.00763082 0.99995087
0.04078373 -0.03966920 0.99838021
-0.00862456 -0.01953684 0.99977194
-0.02193711 -0.01340213 0.99966952
-0.01114751 -0.00414026 0.99992929
-0.01640403 -0.01553497 0.99974475
0.00839230 -0.01512130 0.99985045
0.01489721 -0.01884570 0.99971141
-0.00364193 -0.01857269 0.99982088
0.00969517 -0.01176292 0.99988381
-0.00100475 -0.01978948 0.99980366
0.02031177 -0.00862730 0.99975647
-0.00217320 -0.02337775 0.99972434
-0.00612131 -0.02321971 0.99971165
-0.00401494 -0.00588487 0.99997462
0.01840182 -0.00552928 0.99981538
-0.01708150 -0.01596990 0.99972655
0.01437687 -0.02093295 0.99967751
0.01121848 -0.01773220 0.99977983
0.01236555 -0.02472554 0.99961780
0.01868166 -0.00662879 0.99980351
-0.00122173 -0.01362028 0.99990649
-0.02018641 -0.00536681 0.99978183
-0.00197493 -0.02155864 0.99976563
0.00084758 -0.00759070 0.99997083
-0.00112114 -0.01203237 0.99992698
-0.04398454 -0.01850891 0.99886074
0.01246177 -0.00742417 0.99989479
0.02484838 -0.02433380 0.99939503
0.00584730 -0.01695836 0.99983910
-0.00972606 -0.01654952 0.99981574
-0.01188963 -0.02042203 0.99972075
-0.00340157 -0.01746181 0.99984174
-0.01658012 -0.01408840 0.99976328
-0.02275608 -0.02015471 0.99953787
-0.02229492 -0.01726454 0.99960236
0.00829715 -0.01171751 0.99989692
0.01958480 -0.01201691 0.99973598
-0.00115807 -0.02737034 0.99962469
-0.03814715 -0.01619205 0.99914094
-0.01284450 -0.00592196 0.99989997
-0.01056486 -0.02653095 0.99959216
0.03246455 -0.02376307 0.99919036
-0.03488098 -0.02683897 0.99903102
-0.00404923 -0.01044481 0.99993725
0.02265815 -0.01330017 0.99965480
0.04641214 -0.01647809 0.99878646
0.01419918 -0.01943359 0.99971032
0.02816264 -0.01836174 0.99943470
-0.01959108 -0.03666316 0.99913563
-0.06197012 -0.01010014 0.99802690
0.01116933 -0.00741115 0.99991016
0.04188761 -0.01585619 0.99899650
-0.03123813 -0.01907161 0.99933000
-0.01100497 -0.04325889 0.99900328
-0.00693565 -0.00655976 0.99995443
0.00071928 -0.01443016 0.99989562
-0.02660155 0.01488856 0.99953524
-0.00499565 0.00803004 0.99995528
0.03122910 -0.03073638 0.99903955
0.01847770 -0.07641478 0.99690489
0.00800001 -0.04141481 0.99911001
-0.00517459 -0.03397135 0.99940941
0.00083286 -0.01366192 0.99990632
-0.00710474 0.14426696 0.98951330
-0.00884516 -0.04593446 0.99890529
-0.05497241 0.02572196 0.99815651
-0.06280423 -0.01185713 0.99795543
-0.00939685 0.03209469 0.99944066
-0.11467373 -0.07966078 0.99020407
-0.10442325 -0.08654796 0.99075993
-0.16154851 0.04771514 0.98571058
-0.12011433 0.06647670 0.99053188
-0.11741283 -0.01287156 0.99299977
-0.16877718 0.04702821 0.98453167
-0.13683877 -0.00195115 0.99059141
-0.15124917 -0.01953109 0.98830270
-0.10977027 -0.01015885 0.99390507
-0.15612277 -0.00497955 0.98772511
-0.15635461 -0.02089815 0.98747987
-0.13754163 -0.02356700 0.99021558
-0.14466443 -0.01008214 0.98942941
-0.11116771 0.07972778 0.99059842
-0.15691754 -0.01016171 0.98755943
-0.06799571 -0.02018441 0.99748142
-0.19668773 -0.04152799 0.97958632
-0.04989823 -0.01773372 0.99859686
-0.12961251 -0.01116721 0.99150184
-0.13622976 -0.03422316 0.99008597
-0.12498413 -0.00352870 0.99215247
-0.18314000 -0.02691978 0.98271820
-0.09667778 -0.00252168 0.99531254
-0.09273639 0.01657202 0.99555278
-0.09383456 -0.00303626 0.99558317
-0.08991866 0.00492798 0.99593692
-0.08755781 -0.01290846 0.99607580
-0.07660732 -0.00858391 0.99702439
-0.07599550 -0.00636503 0.99708785
-0.04293799 0.01860415 0.99890451
-0.02440394 0.00359423 0.99969572
-0.05065937 0.00714845 0.99869041
-0.05502664 -0.01202469 0.99841248
-0.04226378 -0.00460987 0.99909585
-0.04438418 -0.00087561 0.99901415
-0.02425934 -0.01020256 0.99965364
-0.11037794 -0.00660782 0.99386772
-0.06520441 -0.01415093 0.99777158
-0.01970140 -0.01190337 0.99973505
-0.00835721 -0.02003957 0.99976426
-0.03220699 -0.01075011 0.99942341
-0.02402645 0.00133847 0.99971043
-0.00210616 -0.00854222 0.99996130
-0.02622522 -0.00881565 0.99961719
-0.01081987 -0.00732011 0.99991467
-0.00178136 -0.00289972 0.99999421
0.02173219 -0.00965809 0.99971718
-0.00407843 -0.00961823 0.99994543
0.00424525 -0.01727675 0.99984173
-0.12870325 0.03846785 0.99093678
0.00249630 0.00160777 0.99999559
-0.00053322 0.00259191 0.99999650
0.00340025 -0.00652970 0.99997290
0.01367854 0.00235671 0.99990367
0.01218333 -0.01362855 0.99983290
-0.01332914 -0.00484396 0.99989943
0.00470940 -0.00889728 0.99994933
0.01869316 -0.00242954 0.99982232
0.03580967 -0.02549531 0.99903336
-0.00554122 -0.01282741 0.99990237
-0.00309642 -0.02068601 0.99978123
0.01275649 -0.00698348 0.99989425
-0.03220135 -0.02221716 0.99923444
-0.01870992 -0.00852492 0.99978861
-0.01604073 -0.00539614 0.99985678
0.00827272 -0.02151897 0.99973421
0.00867678 -0.01048416 0.99990739
-0.00699024 -0.01393277 0.99987850
-0.03909511 0.01014463 0.99918400
0.00442374 -0.04029927 0.99917786
0.03056649 0.00075830 0.99953245
-0.02610650 -0.02472838 0.99935327
-0.00255003 -0.01416194 0.99989646
0.00750761 -0.00820100 0.99993819
0.00253871 -0.01023107 0.99994444
-0.01074808 -0.01257167 0.99986321
0.02160674 -0.00961365 0.99972032
-0.00568549 -0.01802863 0.99982131
-0.00449379 -0.01280798 0.99990788
0.00351903 -0.02312723 0.99972634
0.00163222 -0.01336153 0.99990940
0.01773724 -0.02860803 0.99943333
-0.00360667 -0.03036396 0.99953240
0.00428354 -0.04724224 0.99887428
-0.02288583 -0.01731378 0.99958815
0.00041902 -0.02590110 0.99966442
-0.00946580 -0.01400807 0.99985708
-0.02647430 -0.03151945 0.99915246
-0.00947174 -0.02044759 0.99974606
-0.00999642 -0.00916784 0.99990801
-0.01877080 -0.03177978 0.99931862
0.00846707 -0.00860624 0.99992712
-0.01953037 -0.02376131 0.99952687
-0.00489155 -0.02622201 0.99964418
-0.02943352 0.00565080 0.99955077
-0.04785217 -0.04452126 0.99786173
-0.01613662 -0.02598749 0.99953202
-0.00886783 -0.03400765 0.99938223
0.01194260 0.00351583 0.99992250
-0.03233963 -0.01845439 0.99930655
-0.03095394 -0.03996753 0.99872141
-0.01363008 -0.04584751 0.99885546
-0.13721922 -0.02170498 0.99030287
-0.02511705 -0.03461363 0.99908510
0.00592748 -0.07514383 0.99715509
-0.00320261 -0.03160838 0.99949520
-0.03731471 -0.03265546 0.99876986
0.00016382 -0.01536983 0.99988186
0.02034206 -0.01113725 0.99973104
-0.00262414 -0.01706956 0.99985086
-0.01850626 -0.00682360 0.99980546
0.00238345 -0.05979615 0.99820776
-0.02453373 -0.00197439 0.99969705
0.02733290 -0.01085917 0.99956740
-0.01859298 -0.02769676 0.99944344
0.01282291 -0.02337497 0.99964453
-0.03324950 0.00868929 0.99940931
0.01829913 -0.02089563 0.99961418
0.04537216 0.12227818 0.99145823
0.02497305 -0.03699054 0.99900353
-0.01238277 -0.00708367 0.99989824
-0.03478135 -0.03653667 0.99872685
-0.08915455 -0.08927697 0.99200861
-0.00946436 -0.00766604 0.99992583
-0.03422006 -0.02233147 0.99916480
-0.08150333 -0.03385281 0.99609798
-0.10028557 -0.02419871 0.99466438
-0.11867706 -0.00091404 0.99293248
-0.18784642 0.00019284 0.98219839
-0.11500409 -0.02185382 0.99312460
-0.18810521 -0.00001397 0.98214888
-0.16056434 0.03927225 0.98624377
-0.08679932 0.03026128 0.99576610
-0.15689409 0.00370601 0.98760848
-0.24891275 0.00847563 0.96848883
-0.17691178 0.04927516 0.98299246
-0.07876876 -0.05156856 0.99555822
-0.18418262 -0.02622183 0.98254220
-0.16313589 -0.04303871 0.98566442
-0.20974440 -0.01296322 0.97767031
-0.16164967 -0.02504487 0.98653035
-0.13572500 0.00137729 0.99074559
-0.22023284 -0.07503236 0.97255727
-0.19724920 -0.01060012 0.98029607
-0.17235551 -0.01532662 0.98491557
-0.13534334 0.00145889 0.99079768
-0.16500160 0.03457725 0.98568701
-0.13525914 -0.00330905 0.99080473
-0.18952203 0.01530918 0.98175711
-0.10384175 -0.02443474 0.99429364
-0.16511966 -0.03822354 0.98553258
-0.10194576 -0.01778802 0.99463091
0.04836111 0.05184367 0.99748355
-0.05807643 0.00159906 0.99831086
-0.10309631 0.00396740 0.99466347
-0.07306409 -0.02208962 0.99708259
-0.06012822 -0.00666459 0.99816841
-0.05268068 -0.01123836 0.99854817
-0.04115972 -0.00523447 0.99913887
-0.05536406 -0.00823457 0.99843228
-0.05456325 0.00089952 0.99850991
-0.04752903 -0.00734376 0.99884286
-0.04564637 0.00694532 0.99893352
0.00520531 -0.00325035 0.99998117
-0.00017214 -0.00270771 0.99999632
0.01188893 -0.00303173 0.99992473
-0.03395836 0.00060027 0.99942307
-0.00680783 -0.00504468 0.99996410
-0.02242182 -0.01625127 0.99961651
0.01602726 -0.00399029 0.99986359
-0.04709865 0.00058974 0.99889007
0.05898987 -0.00354531 0.99825229
-0.01316157 -0.00724568 0.99988713
-0.01290275 -0.00832114 0.99988213
-0.01960885 -0.01298981 0.99972334
-0.00104864 -0.01168920 0.99993113
0.01329674 -0.01283723 0.99982919
-0.00353567 -0.01680283 0.99985257
-0.00312775 -0.00232290 0.99999241
0.00142812 -0.00678203 0.99997598
0.05580907 0.00502547 0.99842881
-0.00888446 0.00665175 0.99993841
-0.01337319 -0.01751620 0.99975714
0.00866710 -0.00459176 0.99995190
-0.03915336 -0.01264697 0.99915318
0.01145916 -0.00676952 0.99991143
0.00298924 -0.01221478 0.99992093
0.00163647 -0.01840313 0.99982931
-0.01865017 -0.01702210 0.99968116
-0.00536816 -0.00795805 0.99995393
-0.00648406 0.00296996 0.99997457
0.01058025 -0.00701152 0.99991945
-0.00697437 -0.01376073 0.99988099
0.00546575 -0.01632925 0.99985173
0.02416357 -0.00417991 0.99969928
0.00097249 -0.00904073 0.99995866
0.00219423 -0.00884430 0.99995848
-0.01683819 -0.01136933 0.99979359
0.00858043 -0.00076251 0.99996290
0.00367233 -0.01349412 0.99990221
0.03122498 -0.00033712 0.99951232
-0.01051697 -0.01440956 0.99984087
0.00050452 -0.00776198 0.99996975
0.00284371 -0.01389090 0.99989947
-0.01879280 -0.00908880 0.99978209
-0.00346713 -0.00664900 0.99997188
-0.01271926 -0.01646220 0.99978358
-0.02302618 -0.01418044 0.99963429
-0.04674130 -0.02118705 0.99868231
0.01951199 -0.00727235 0.99978317
-0.06144972 -0.01207761 0.99803711
-0.01631008 -0.01891980 0.99968796
-0.00055887 -0.00906566 0.99995875
-0.01118571 -0.01665256 0.99979877
-0.01365763 -0.01956636 0.99971527
0.00929048 -0.02669400 0.99960048
-0.06720343 -0.03737481 0.99703903
-0.01499494 -0.01039491 0.99983353
-0.01481734 0.00675916 0.99986737
0.01109629 -0.01275245 0.99985711
-0.01187768 0.00281469 0.99992550
-0.00971161 -0.00807028 0.99992027
-0.00367669 -0.01954105 0.99980230
-0.01640976 0.00840376 0.99983003
-0.01919886 -0.00898614 0.99977530
-0.01215472 -0.01978046 0.99973046
-0.01356739 -0.01400893 0.99980982
-0.00202919 -0.01204974 0.99992534
-0.01269729 -0.01380749 0.99982405
-0.02241209 -0.00221433 0.99974637
-0.02694143 -0.00921442 0.99959454
0.00489535 -0.01101744 0.99992732
-0.00789574 -0.01409693 0.99986946
0.01421273 -0.01567243 0.99977616
-0.01321610 -0.01477059 0.99980356
-0.01031580 -0.01341350 0.99985682
-0.00749861 -0.01215729 0.99989798
0.01371207 -0.01711783 0.99975945
-0.03973188 -0.00376624 0.99920328
0.02629951 -0.01570052 0.99953080
-0.00307493 -0.00786552 0.99996434
0.03367331 -0.01806752 0.99926957
0.00053458 -0.01556936 0.99987865
-0.01849426 -0.00503909 0.99981627
0.00283702 -0.00302519 0.99999140
-0.01244477 -0.01692887 0.99977925
0.01077643 -0.01995489 0.99974280
-0.01091819 -0.02534215 0.99961921
-0.05180213 -0.03197754 0.99814527
-0.03149025 -0.01012574 0.99945277
0.05170523 -0.00234648 0.99865963
-0.01951266 -0.01228174 0.99973417
0.04310646 0.00045504 0.99907038
-0.01134321 -0.01613411 0.99980549
0.00976433 -0.00773324 0.99992242
0.01751984 -0.00966475 0.99979980
-0.00546211 -0.01491773 0.99987381
0.01011594 -0.01349416 0.99985778
-0.01654584 -0.01521190 0.99974738
-0.00286497 -0.01251892 0.99991753
-0.02656181 -0.02114681 0.99942348
-0.03736990 -0.02824301 0.99890231
0.02153409 -0.00487126 0.99975625
-0.00717900 -0.00956679 0.99992847
0.03879154 -0.00630590 0.99922743
-0.00471239 -0.02319055 0.99971996
0.01306938 0.00138996 0.99991363
-0.00527205 0.00459834 0.99997553
-0.02818452 -0.01768936 0.99944621
-0.02725696 -0.02134127 0.99940062
-0.00541369 -0.01257108 0.99990633
-0.06800857 -0.02253212 0.99743027
-0.06321677 -0.01005106 0.99794921
-0.00282940 -0.00540406 0.99998140
-0.02095172 -0.02760067 0.99939943
-0.00907246 -0.01450925 0.99985358
0.02839012 -0.01417111 0.99949646
-0.02697308 -0.00038465 0.99963609
-0.01631739 -0.00030510 0.99986682
-0.01712629 -0.01475208 0.99974450
-0.02000665 -0.00747440 0.99977191
-0.03777023 -0.00564403 0.99927051
-0.01003605 -0.00282373 0.99994565
0.01170802 -0.01278283 0.99984975
-0.01485170 -0.00387729 0.99988219
0.02711365 -0.00388876 0.99962479
0.00865406 -0.00320177 0.99995743
-0.01303998 -0.02023570 0.99971020
-0.01280847 -0.03499641 0.99930536
-0.01899418 -0.01436253 0.99971643
-0.03614874 -0.00438624 0.99933679
-0.02367272 -0.01111064 0.99965802
-0.00309469 -0.00818730 0.99996169
-0.01960151 -0.01705641 0.99966237
-0.02218801 -0.01027187 0.99970105
-0.03075790 -0.00865040 0.99948943
-0.01440659 0.00009560 0.99989622
-0.01991006 -0.00924251 0.99975905
0.01659106 -0.02392903 0.99957598
-0.01014178 -0.00774810 0.99991855
-0.04497588 -0.02076843 0.99877217
-0.00571779 -0.01544826 0.99986432
-0.01397303 -0.01425226 0.99980079
-0.03470406 -0.01402274 0.99929925
-0.00563418 -0.00679270 0.99996106
0.01057602 -0.01382067 0.99984856
0.01800330 0.00080759 0.99983760
0.00754411 -0.00575941 0.99995496
-0.00147441 -0.00918376 0.99995674
0.02809372 -0.00509450 0.99959231
0.00415690 -0.01541946 0.99987247
0.02281910 -0.01019111 0.99968767
-0.01293283 -0.01195336 0.99984492
0.02339015 -0.00767444 0.99969696
-0.01059193 -0.01493473 0.99983237
0.03525812 -0.00295299 0.99937388
-0.00308445 -0.01566144 0.99987259
0.01683563 -0.01460458 0.99975160
0.00243051 -0.01362879 0.99990417
-0.00426029 -0.00610674 0.99997228
-0.03211593 -0.01751438 0.99933068
0.01002811 -0.00926528 0.99990679
0.00172395 -0.01238032 0.99992187
-0.01111322 0.00444741 0.99992836
-0.00703477 -0.01194783 0.99990388
-0.01680407 -0.00977343 0.99981103
-0.02080044 -0.00633797 0.99976356
-0.04077907 -0.00864932 0.99913075
0.00688348 -0.01520452 0.99986071
-0.01383293 -0.01551074 0.99978401
-0.02525269 -0.00527530 0.99966718
0.00688856 -0.00762749 0.99994718
0.00825440 -0.01952376 0.99977532
-0.00773723 -0.01370451 0.99987615
-0.00091064 -0.00243697 0.99999662
-0.01921029 -0.01133894 0.99975117
-0.00137227 -0.01630526 0.99986612
-0.01139080 -0.00992132 0.99988590
-0.01319305 -0.01643375 0.99977791
0.00287219 -0.01104021 0.99993493
0.00619110 -0.00886475 0.99994154
-0.00696044 -0.01302377 0.99989096
0.02500670 -0.01110607 0.99962559
-0.04174512 -0.01329995 0.99903977
0.00313589 -0.01209692 0.99992191
-0.05825765 -0.01842846 0.99813147
0.00013488 -0.01348204 0.99990910
0.00748824 -0.00757782 0.99994325
-0.00933277 -0.01081944 0.99989791
-0.01008120 -0.01284820 0.99986664
-0.03166158 -0.01421857 0.99939751
-0.01829524 -0.02087522 0.99961468
-0.00338737 -0.00071251 0.99999401
0.00775261 -0.01763458 0.99981444
-0.01002539 -0.00986362 0.99990110
0.01807295 -0.01091525 0.99977709
0.00820404 -0.01631712 0.99983321
-0.00325476 -0.02437962 0.99969747
-0.00999640 -0.02815127 0.99955369
-0.00198599 -0.01134391 0.99993368
-0.06880687 -0.00558721 0.99761435
-0.01921477 -0.01639537 0.99968094
0.00244991 -0.03132186 0.99950635
-0.00306966 -0.01439635 0.99989166
-0.01568307 -0.00796155 0.99984532
0.00890182 -0.01387968 0.99986405
0.01274819 -0.01855018 0.99974666
0.00196121 -0.01107348 0.99993676
-0.00821945 -0.01771775 0.99980924
0.00038814 -0.01494814 0.99988820
-0.02866158 -0.01497149 0.99947705
0.03641660 -0.00556225 0.99932122
-0.01370823 -0.02337281 0.99963283
-0.03034911 -0.02121447 0.99931420
-0.00471581 -0.02344442 0.99971402
-0.01215083 -0.01736569 0.99977537
-0.03143398 -0.03490202 0.99889627
-0.02467882 -0.02719655 0.99932542
-0.00725379 -0.01048382 0.99991873
0.00612251 -0.00825373 0.99994719
0.00654314 -0.02384184 0.99969433
0.00554769 -0.03312063 0.99943596
-0.00715759 -0.02308456 0.99970789
0.00507997 -0.01216467 0.99991310
-0.00260046 -0.01290568 0.99991334
-0.03133981 -0.01461284 0.99940196
-0.01180015 -0.00994855 0.99988088
-0.01634070 -0.02421034 0.99957333
0.05462115 0.01185147 0.99843681
-0.02154363 -0.01657388 0.99963052
0.02310627 -0.01546465 0.99961340
-0.00159119 -0.02928766 0.99956976
-0.03754737 -0.01821946 0.99912874
-0.03093288 -0.00922405 0.99947890
-0.08847709 -0.01318135 0.99599099
0.06178877 -0.01932930 0.99790206
-0.03043508 -0.00589711 0.99951935
-0.10644599 0.01184408 0.99424794
0.02293186 -0.01055560 0.99968130
-0.01229897 -0.02200405 0.99968223
-0.03582561 -0.04921208 0.99814563
-0.09553512 -0.06624112 0.99321959
-0.01618409 0.00947618 0.99982412
0.06607360 -0.00949391 0.99776959
0.01957880 -0.01175910 0.99973916
0.02554772 -0.02759368 0.99929270
-0.13411918 0.03365966 0.99039339
-0.05265735 -0.02050559 0.99840209
0.06269750 -0.01169760 0.99796402
0.09452843 0.04216135 0.99462897
-0.04131756 0.01930777 0.99895949
-0.00774516 0.06067582 0.99812748
0.09745671 -0.05010396 0.99397776
0.03814418 -0.00781244 0.99924171
0.07767374 -0.00632774 0.99695875
0.13459528 0.00868359 0.99086261
0.07402686 -0.03830163 0.99652045
0.19013030 -0.03694117 0.98106362
0.05671031 -0.01399380 0.99829260
-0.00261039 -0.03439714 0.99940483
0.03048322 -0.01590515 0.99940873
0.12747325 -0.00538060 0.99182741
0.09439865 -0.01075347 0.99547640
0.05438376 -0.01829107 0.99835256
0.15256023 -0.02463979 0.98798697
0.13476795 -0.03106049 0.99039025
0.14543959 -0.01319183 0.98927918
0.14404465 -0.01046862 0.98951581
0.20362157 -0.03586287 0.97839262
0.12361703 -0.04081783 0.99149016
0.05447509 -0.01858045 0.99834224
0.02777718 -0.02036781 0.99940661
0.06136884 -0.00617231 0.99809607
0.13088379 -0.01215496 0.99132320
0.12379994 -0.00445337 0.99229720
0.11617050 -0.01928558 0.99304203
0.09657330 0.01046610 0.99527085
0.11600958 -0.00758145 0.99321916
0.07716200 0.00505063 0.99700578
0.10305040 -0.00461214 0.99466544
0.09011604 -0.01975786 0.99573527
0.09786781 -0.00008433 0.99519942
0.03905991 -0.00139460 0.99923590
0.04980956 -0.00298870 0.99875426
-0.00395581 -0.00144428 0.99999113
0.01087721 -0.00441844 0.99993108
0.00487182 -0.01130978 0.99992417
0.02137112 -0.00186944 0.99976986
0.00259720 -0.00364704 0.99998998
-0.00217481 0.00885283 0.99995845
0.01040518 -0.01046087 0.99989115
-0.00050217 0.00057186 0.99999971
0.00325492 -0.01072085 0.99993723
-0.02423792 -0.00458947 0.99969568
0.00313905 0.00207247 0.99999293
0.00250749 -0.00374814 0.99998983
-0.01292601 -0.00017372 0.99991644
0.00592287 -0.00425669 0.99997340
0.00877727 -0.01381347 0.99986606
-0.00366039 -0.01066012 0.99993648
-0.00197409 -0.00177749 0.99999647
-0.03061815 -0.00516397 0.99951781
0.03843729 0.00489429 0.99924903
-0.01596027 -0.02555693 0.99954595
-0.02156045 -0.01023398 0.99971517
-0.00495164 -0.00842051 0.99995229
0.00675735 -0.00393782 0.99996942
-0.01459969 -0.00421025 0.99988455
-0.01190310 -0.00775201 0.99989911
-0.00973696 -0.00584983 0.99993548
-0.00599767 -0.00512030 0.99996890
-0.00369339 -0.01045299 0.99993855
0.00019909 -0.00614964 0.99998107
-0.00712938 -0.00121066 0.99997385
0.01534759 -0.02036548 0.99967480
0.00570064 -0.03106954 0.99950097
-0.00668777 -0.00734564 0.99995066
-0.03808132 -0.02340634 0.99900048
-0.02217292 -0.00889600 0.99971457
-0.01058877 -0.00680097 0.99992081
0.02249240 -0.00415690 0.99973837
0.00644687 0.00265255 0.99997570
-0.03534287 -0.00228778 0.99937263
-0.00759552 -0.01299370 0.99988673
-0.01857934 -0.01361030 0.99973475
-0.01828857 -0.01270588 0.99975201
-0.02657926 -0.00226727 0.99964414
0.00737636 -0.02264094 0.99971645
-0.00498747 -0.00988091 0.99993874
0.00236671 -0.00667184 0.99997494
-0.00238419 -0.01967495 0.99980359
-0.02248842 -0.00900419 0.99970655
-0.00266120 -0.00718871 0.99997062
0.01056267 -0.00630368 0.99992434
-0.06084192 0.00700938 0.99812280
-0.01201115 -0.03417697 0.99934362
0.02144023 -0.03930734 0.99899712
0.00083176 -0.01811582 0.99983555
-0.00199014 -0.02951363 0.99956240
0.10094699 -0.05343096 0.99345601
0.01608602 -0.02494400 0.99955942
-0.01873597 -0.02276446 0.99956528
-0.01408721 -0.00798184 0.99986891
0.02159650 -0.03187772 0.99925843
0.02578925 -0.01854220 0.99949542
0.01431505 -0.02855446 0.99948973
-0.02506219 -0.02577583 0.99935354
0.03437525 -0.00893477 0.99936906
0.14461622 0.00471874 0.98947657
0.06446940 -0.01910987 0.99773669
0.07613799 -0.02802163 0.99670346
0.04269846 -0.02102102 0.99886684
0.24857794 0.04033135 0.96777187
0.10508907 -0.02712376 0.99409285
0.08119859 -0.00351342 0.99669175
0.12037968 -0.01137971 0.99266270
0.03620010 -0.00764183 0.99931534
0.06146118 -0.02281916 0.99784859
0.03230818 -0.02480168 0.99917018
0.06683506 -0.00720859 0.99773800
0.08536891 -0.02415097 0.99605666
0.01480480 -0.01401600 0.99979216
0.03931518 0.00298185 0.99922241
0.04358725 -0.00080838 0.99904930
0.11194018 -0.00887726 0.99367529
0.10504416 -0.01333031 0.99437821
0.10059270 -0.00440728 0.99491793
0.10295130 -0.00889906 0.99464659
0.05806117 0.01672525 0.99817291
0.08654474 0.00300912 0.99624342
0.10455392 0.01592231 0.99439175
0.04713812 -0.00166776 0.99888699
0.06364156 0.00192907 0.99797096
0.10711643 -0.01186316 0.99417571
0.05714089 -0.02217314 0.99811987
0.05039391 -0.00353253 0.99872317
0.06039190 0.02083909 0.99795719
0.03041788 -0.00945069 0.99949259
0.04897061 0.00302381 0.99879564
0.04012941 0.00175333 0.99919295
0.00869850 -0.01519469 0.99984672
0.01663259 0.00476275 0.99985033
0.01374446 -0.00474194 0.99989430
-0.00169132 -0.02610730 0.99965772
0.00003162 0.00778761 0.99996968
0.00480286 0.00231558 0.99998579
-0.01560485 -0.00625100 0.99985870
-0.01725924 -0.00988907 0.99980214
0.05120026 0.01129135 0.99862457
-0.00509101 0.00471964 0.99997590
-0.02995639 -0.03069774 0.99907971
0.00581365 0.00941558 0.99993877
0.02316806 0.00321558 0.99972641
0.02265732 0.01410815 0.99964374
0.03790158 -0.01113604 0.99921942
-0.01566088 -0.00242001 0.99987443
-0.00878806 -0.00987291 0.99991264
-0.02774822 -0.01280337 0.99953295
-0.02270373 0.00378908 0.99973506
0.00246927 -0.00615564 0.99997801
-0.01642149 -0.03360050 0.99930043
-0.01241336 -0.00613192 0.99990415
0.00439580 -0.01803764 0.99982765
0.00478594 -0.00783882 0.99995782
0.00678299 -0.02093253 0.99975788
-0.03766810 -0.00998533 0.99924042
0.02300621 -0.01043690 0.99968084
-0.01681614 0.00290501 0.99985438
-0.02601898 -0.02360878 0.99938263
0.00597006 -0.01732607 0.99983207
0.00637971 -0.01443024 0.99987553
0.02875380 -0.01445804 0.99948196
-0.05293904 -0.00145828 0.99859668
0.02163182 -0.01367056 0.99967254
0.00992342 -0.01906088 0.99976908
0.00290297 -0.01003256 0.99994546
0.01070975 -0.02021012 0.99973839
0.00738174 -0.00556078 0.99995729
0.00546272 -0.01082418 0.99992650
-0.00138733 -0.00826113 0.99996491
0.00197304 -0.01412164 0.99989834
-0.00347215 -0.01210021 0.99992076
0.00873089 -0.00698407 0.99993750
0.02679659 -0.00255411 0.99963764
0.00415283 -0.01437450 0.99988806
0.00400401 -0.01274933 0.99991071
-0.00655653 -0.00480268 0.99996697
-0.00605341 -0.00992209 0.99993245
-0.03303370 -0.01322042 0.99936680
-0.01019769 -0.00604370 0.99992974
0.00799472 -0.00453492 0.99995776
0.00859338 -0.00985130 0.99991455
-0.01559083 -0.01103644 0.99981754
0.02264882 -0.00948045 0.99969853
-0.02955405 -0.01534977 0.99944532
0.00620428 -0.00973045 0.99993341
0.00489919 -0.00606718 0.99996959
-0.06177581 -0.00570681 0.99807374
0.00139842 -0.01508671 0.99988521
-0.02550537 -0.00528555 0.99966071
0.00598947 -0.00837413 0.99994700
-0.02698234 -0.01352433 0.99954442
-0.04322756 -0.01927985 0.99887920
-0.02941019 -0.00044604 0.99956733
0.01608069 -0.00601746 0.99985259
-0.00708927 0.00132533 0.99997399
-0.01549058 -0.00991093 0.99983089
-0.00227712 -0.00905378 0.99995642
-0.03080241 -0.01724107 0.99937678
0.01460788 -0.01002445 0.99984305
0.00769106 0.00275506 0.99996663
-0.05439694 -0.01820922 0.99835334
-0.00913267 -0.00619001 0.99993914
-0.00461484 -0.00629764 0.99996952
0.00564366 -0.01911841 0.99980130
-0.02692519 -0.00116778 0.99963677
0.00865246 -0.00533599 0.99994833
-0.03354281 -0.00810458 0.99940442
0.00128134 -0.00846868 0.99996332
-0.01542246 -0.01248991 0.99980306
-0.00536473 -0.01013799 0.99993422
0.01512593 0.00350591 0.99987945
0.00302764 -0.01426069 0.99989373
0.00191139 -0.01309613 0.99991242
0.02663654 -0.00567040 0.99962910
0.00549499 -0.01374768 0.99989040
-0.00301857 -0.01236795 0.99991896
-0.02103710 -0.00982928 0.99973038
-0.00704517 -0.00420920 0.99996632
-0.00566649 -0.01432911 0.99988128
0.00880149 -0.00882490 0.99992232
0.01593539 -0.00435232 0.99986355
0.02323739 0.00147338 0.99972889
-0.00897159 -0.01611669 0.99982987
0.03444960 0.00265245 0.99940292
-0.02177175 -0.01487602 0.99965229
0.03325216 0.00201951 0.99944495
-0.03473653 -0.01310450 0.99931059
0.02499695 -0.01204977 0.99961490
0.02234970 -0.01943482 0.99956129
0.03450899 -0.00459702 0.99939381
-0.02246940 -0.01701915 0.99960266
-0.00018480 -0.01282488 0.99991774
-0.00014742 -0.00684447 0.99997657
0.02624885 -0.00491160 0.99964337
-0.00964299 -0.00720869 0.99992752
-0.02885344 -0.02223396 0.99933634
-0.01540954 -0.00908095 0.99984003
0.03039145 -0.01717836 0.99939045
0.00021531 -0.01537387 0.99988179
-0.01336169 -0.02160418 0.99967731
-0.01878931 -0.02107623 0.99960130
0.00653603 -0.00064389 0.99997843
-0.01379614 -0.01141758 0.99983964
-0.00575871 -0.01796907 0.99982196
0.00053984 -0.01079898 0.99994154
0.01097004 -0.01548931 0.99981985
-0.00008691 -0.01569253 0.99987686
-0.02160682 -0.03086216 0.99929008
0.00073068 -0.00915583 0.99995782
0.02198063 -0.01048541 0.99970341
0.00771681 -0.01793937 0.99980930
-0.00059679 -0.01901832 0.99981896
-0.01914043 -0.01317463 0.99973000
-0.02460284 -0.01500415 0.99958470
0.00243242 -0.01033721 0.99994361
-0.03739522 -0.01483411 0.99919045
0.01429421 -0.02318362 0.99962903
0.00898692 -0.01094863 0.99989968
0.01804789 -0.00011822 0.99983712
0.00747621 0.00125713 0.99997126
0.02608123 -0.01773385 0.99950252
-0.00989299 -0.01095229 0.99989108
-0.00626316 -0.00840882 0.99994503
0.00137515 -0.01744222 0.99984693
0.00912391 -0.00917105 0.99991632
0.00823797 0.00295823 0.99996169
-0.00081504 -0.01423386 0.99989836
-0.00791320 -0.01504535 0.99985550
-0.00795360 -0.01267310 0.99988806
0.00473792 -0.01189239 0.99991806
-0.00225865 -0.01255654 0.99991861
-0.00276601 -0.01091164 0.99993664
-0.00080531 -0.01129270 0.99993591
0.00064294 -0.01709866 0.99985360
0.02116624 -0.00360965 0.99976945
0.00924047 -0.01227321 0.99988198
0.01557951 -0.01270782 0.99979787
0.00457341 -0.01451785 0.99988415
0.00618578 -0.01526228 0.99986439
-0.01125254 -0.01206093 0.99986395
0.00501714 -0.01265068 0.99990739
0.02671370 -0.01485544 0.99953274
-0.00095104 -0.02285110 0.99973843
0.01793260 -0.01198042 0.99976742
0.02274038 -0.00125824 0.99974061
-0.00176003 -0.01672846 0.99985852
-0.01522238 -0.01636102 0.99975027
-0.00663980 -0.01168018 0.99990974
-0.01864670 -0.01349315 0.99973508
0.00352241 -0.02034706 0.99978677
-0.01112818 -0.01027107 0.99988533
-0.01115622 -0.01802443 0.99977530
-0.00217845 -0.01424521 0.99989616
-0.00393993 -0.01132406 0.99992812
-0.02609079 -0.01017154 0.99960783
-0.00564729 -0.01199153 0.99991215
-0.00673625 -0.01210468 0.99990405
-0.02423367 -0.01768297 0.99954992
0.01330919 -0.01268637 0.99983095
-0.00417152 -0.01200688 0.99991921
-0.00067348 -0.00898483 0.99995941
0.00319506 -0.01734320 0.99984449
-0.00655219 -0.01520145 0.99986298
-0.01697747 -0.01419061 0.99975517
-0.02740864 -0.01373989 0.99952988
-0.00190925 -0.01223550 0.99992332
0.00209885 -0.01988677 0.99980004
0.00269650 -0.01096191 0.99993628
0.01130315 0.00354464 0.99992983
-0.00221829 -0.00646812 0.99997662
-0.00900789 -0.01961718 0.99976699
0.00917302 -0.02553186 0.99963192
-0.02143887 -0.00481650 0.99975856
-0.01060958 -0.01317105 0.99985697
-0.02872924 -0.01928834 0.99940112
-0.01309464 -0.02216963 0.99966846
0.01463418 -0.02142326 0.99966339
-0.02391571 -0.01555974 0.99959288
0.00475339 -0.00827067 0.99995450
-0.00274755 -0.01225287 0.99992116
0.00229949 -0.01180445 0.99992768
0.00688200 -0.01546007 0.99985680
-0.03018635 -0.01104556 0.99948326
-0.01428910 -0.02202478 0.99965531
-0.00373526 -0.01593001 0.99986613
-0.00861146 -0.02052765 0.99975220
0.00125651 -0.01264727 0.99991923
0.00557947 -0.01365341 0.99989122
0.01374560 -0.01694436 0.99976195
-0.05661536 -0.00477869 0.99838463
0.01212164 -0.02434600 0.99963010
-0.00812329 -0.00920500 0.99992464
-0.02849746 -0.00821556 0.99956010
-0.03679390 -0.02518794 0.99900539
-0.01246112 -0.01998971 0.99972253
0.00286242 -0.02016031 0.99979266
-0.00435825 -0.00392361 0.99998281
0.03516675 -0.02245729 0.99912911
-0.02470843 -0.01012334 0.99964344
-0.00678462 -0.00804132 0.99994465
0.00084100 -0.01785757 0.99984019
0.00815026 -0.02102114 0.99974581
-0.00732474 -0.02416313 0.99968119
-0.01066515 -0.02154366 0.99971102
0.00706423 -0.01376668 0.99988028
-0.00072917 -0.01417491 0.99989927
-0.00413049 -0.01561031 0.99986962
-0.00127224 -0.02735671 0.99962493
0.01094826 -0.01026044 0.99988742
-0.00637371 -0.02140524 0.99975056
0.00963327 -0.01416007 0.99985334
-0.03148210 0.00247634 0.99950125
-0.01719174 -0.02190645 0.99961220
0.00554048 -0.01970429 0.99979050
-0.02505460 -0.02068889 0.99947198
0.01702706 -0.03344336 0.99929556
0.01821278 -0.02444318 0.99953530
0.01138396 -0.02201711 0.99969278
-0.00275618 -0.01543246 0.99987711
0.02637757 -0.03278784 0.99911420
0.10457272 0.00069240 0.99451700
-0.10092080 -0.07459096 0.99209434
-0.07770374 -0.09416991 0.99251910
0.07838935 -0.03071894 0.99644943
0.29042601 -0.15708630 0.94391558
0.02672216 -0.07481368 0.99683943
0.05143776 -0.04076021 0.99784406
0.04005554 -0.02175669 0.99896056
0.11336228 -0.02582535 0.99321803
0.23380069 -0.19787678 0.95193593
0.15649154 -0.21769433 0.96338963
0.17671363 0.01357146 0.98416874
0.09318316 -0.03815192 0.99491775
0.02427651 -0.02756228 0.99932526
-0.04781283 -0.01412155 0.99875648
0.16022050 -0.10782103 0.98117481
0.06326687 0.00010444 0.99799664
0.14426712 -0.04275564 0.98861466
0.13674570 -0.04144964 0.98973862
0.07671018 -0.10807678 0.99117857
0.19286301 -0.05655138 0.97959471
0.11238256 -0.08536111 0.98999174
0.20154940 -0.00207362 0.97947616
-0.02232565 -0.04597449 0.99869310
0.29127815 -0.04876078 0.95539491
0.11927540 0.03055864 0.99239082
0.12125105 0.01002651 0.99257123
0.12304128 -0.01319581 0.99231382
0.21826420 -0.00821345 0.97585515
0.05772619 -0.00557253 0.99831690
0.19218560 0.00999345 0.98130771
0.11546823 0.00912842 0.99326923
0.03715416 -0.00090143 0.99930914
0.14623666 0.02458349 0.98894413
0.07998325 -0.01607450 0.99666659
0.10481080 0.03629684 0.99382958
0.08111071 0.01309273 0.99661910
0.03547813 0.00098247 0.99936997
0.04019128 -0.02143328 0.99896210
-0.00777218 0.00373385 0.99996283
0.02450227 -0.00634076 0.99967967
-0.07733370 0.01546944 0.99688525
-0.02528256 0.04230654 0.99878474
-0.01733919 -0.00220831 0.99984723
-0.03803201 0.00880695 0.99923771
0.03591582 0.00528577 0.99934084
-0.01871511 -0.01372902 0.99973059
-0.02590843 -0.00220643 0.99966189
0.03151479 -0.00239094 0.99950043
0.01321664 0.01215216 0.99983881
0.00941004 -0.01758026 0.99980117
-0.00969060 -0.00620165 0.99993381
0.00440158 0.00263945 0.99998683
-0.00287152 0.00279860 0.99999196
-0.00090996 -0.00531483 0.99998546
-0.03195209 -0.02075172 0.99927395
-0.00012330 -0.01152890 0.99993353
0.03392056 0.01124708 0.99936125
-0.00305281 -0.01195293 0.99992390
-0.02403452 -0.02207691 0.99946733
0.00565949 -0.01276908 0.99990246
-0.01436948 -0.01939766 0.99970858
-0.00166644 -0.00997492 0.99994886
0.00346320 -0.01809084 0.99983035
-0.00407980 -0.01072335 0.99993418
0.01933557 -0.00895371 0.99977296
-0.05937259 -0.05228490 0.99686568
0.00297719 -0.01408492 0.99989637
0.00393127 -0.01186634 0.99992186
0.00032491 -0.01702468 0.99985502
0.00264960 -0.01382897 0.99990086
-0.01859133 -0.00746015 0.99979933
0.01040587 -0.02922396 0.99951872
-0.01053276 -0.01182651 0.99987459
-0.00459258 -0.02143231 0.99975975
-0.02444149 -0.01232492 0.99962528
-0.03232268 -0.03382454 0.99890497
0.00336171 -0.00804244 0.99996201
-0.02848404 -0.00929900 0.99955099
-0.01508877 -0.02613350 0.99954458
0.00309466 -0.00962947 0.99994885
-0.04888552 -0.02749337 0.99842592
-0.02195963 -0.02065373 0.99954550
0.01083358 -0.00725657 0.99991498
0.05106371 0.00067842 0.99869517
0.00444819 -0.01183060 0.99992012
-0.08280082 -0.01594705 0.99643852
-0.01680886 -0.03638812 0.99919636
-0.04271200 0.00883942 0.99904832
0.04086505 -0.01305503 0.99907938
-0.01748372 -0.02150470 0.99961586
0.21993782 -0.06072955 0.97362173
-0.02349233 -0.01974553 0.99952900
-0.02778167 -0.00744917 0.99958626
0.01472724 -0.00678881 0.99986850
0.00295498 -0.01130997 0.99993167
-0.01023423 -0.01601987 0.99981930
-0.05381260 0.00208921 0.99854887
-0.00552125 0.00008562 0.99998475
0.01400985 -0.01532130 0.99978447
-0.01003526 0.01330992 0.99986106
0.01235580 -0.01401744 0.99982541
-0.01405807 -0.01354123 0.99980948
-0.02342078 -0.03745987 0.99902364
-0.01655127 -0.01614621 0.99973264
-0.00490649 -0.01184415 0.99991782
-0.00462486 -0.00992939 0.99994001
0.01618730 -0.00756634 0.99984035
0.00019486 -0.02294115 0.99973680
0.00366964 -0.00876504 0.99995485
-0.02878538 -0.04026411 0.99877435
0.01476125 -0.00862981 0.99985381
-0.00187102 -0.00472368 0.99998709
-0.00301686 -0.01319706 0.99990836
-0.03625079 -0.00404507 0.99933454
-0.02118927 -0.00828569 0.99974115
-0.01382095 -0.01654398 0.99976761
-0.00412172 -0.01226618 0.99991627
-0.00218874 -0.00748933 0.99996956
0.01412156 -0.00610700 0.99988164
-0.01286061 -0.00423747 0.99990832
-0.01070066 -0.00899203 0.99990231
-0.02092075 -0.01856467 0.99960876
-0.01757412 -0.00436901 0.99983602
-0.00131796 -0.00472425 0.99998797
0.00129033 -0.00808383 0.99996649
-0.03775907 -0.02209182 0.99904264
-0.00672427 -0.01325007 0.99988960
0.00704120 -0.01293564 0.99989154
-0.00355743 -0.02042015 0.99978516
-0.00214766 -0.01139215 0.99993280
-0.01257284 -0.01693103 0.99977761
-0.02433114 -0.00655814 0.99968244
-0.00675179 -0.01720198 0.99982924
0.00389566 -0.01204172 0.99991991
0.04402180 0.01259018 0.99895123
-0.00559053 -0.02781212 0.99959754
-0.00597733 -0.02092425 0.99976320
-0.00254444 -0.00429793 0.99998753
-0.03749691 -0.00076898 0.99929645
0.02283951 -0.00752801 0.99971080
-0.02130331 -0.01602926 0.99964455
0.00235699 -0.02333228 0.99972499
0.00406774 -0.00894213 0.99995174
0.00369447 -0.02106838 0.99977121
0.01271713 -0.02905723 0.99949685
0.00617007 -0.01420465 0.99988007
0.00317234 -0.02585376 0.99966070
-0.00497743 -0.02913953 0.99956296
-0.01567174 -0.01622941 0.99974547
-0.01127905 -0.00513467 0.99992321
-0.01121033 -0.00858301 0.99990033
-0.01444292 -0.01421609 0.99979463
0.00914909 -0.00994730 0.99990867
0.00331024 -0.01927525 0.99980874
-0.00263901 -0.01230539 0.99992080
-0.05275423 -0.01094347 0.99854756
-0.00791723 -0.01566127 0.99984601
0.01029320 -0.01048993 0.99989200
-0.09036236 0.00388602 0.99590137
-0.03294007 -0.00533925 0.99944307
-0.00100021 -0.00909105 0.99995818
-0.02953701 -0.01852308 0.99939205
0.01577928 -0.01433500 0.99977274
-0.05306150 -0.02535212 0.99826938
0.00147070 -0.00986198 0.99995029
-0.01382060 -0.01981170 0.99970820
-0.00469043 -0.00865362 0.99995156
-0.00499123 -0.00308045 0.99998280
-0.00958793 -0.01410970 0.99985448
-0.01030671 -0.00416555 0.99993821
0.01002936 -0.00539043 0.99993518
-0.01503534 -0.00370351 0.99988010
-0.01658026 -0.01132178 0.99979844
-0.00708934 -0.00581550 0.99995796
-0.00596221 -0.00287075 0.99997811
-0.00557129 -0.00767480 0.99995503
-0.00019828 -0.00687225 0.99997637
0.03064164 -0.00068918 0.99953020
-0.02569786 -0.01060353 0.99961352
0.00373017 0.00154013 0.99999186
-0.03141195 -0.03218430 0.99898822
-0.00671415 -0.02009662 0.99977550
-0.01917987 -0.01792003 0.99965544
-0.00722287 -0.01355637 0.99988202
-0.02112419 -0.02051060 0.99956645
-0.02411178 -0.02436799 0.99941224
-0.00188881 -0.01527404 0.99988156
0.03265562 0.00948928 0.99942161
0.00763932 -0.00607182 0.99995239
-0.00172886 -0.01218936 0.99992421
-0.01942013 -0.01120520 0.99974862
-0.00323387 -0.01432854 0.99989211
0.00227583 -0.00503689 0.99998473
-0.01170036 -0.02143327 0.99970181
0.00768662 -0.00716216 0.99994481
-0.00047628 -0.01618345 0.99986893
0.02162674 0.00650505 0.99974495
0.02312175 -0.05146738 0.99840698
-0.01959362 -0.01418663 0.99970737
0.01246778 -0.00970484 0.99987518
