0.00000000 0.00000000 0.00000000
0.00129119 0.00408765 0.63601026
-0.00760538 -0.00011609 0.65112257
-0.04098627 -0.00068662 0.68821000
0.00729935 -0.01274448 0.68165754
-0.01738584 -0.01909477 0.71372052
0.01647900 -0.02544736 0.72255457
0.01019773 -0.02363371 0.74211791
0.04306609 -0.05686386 0.75744229
-0.03826295 -0.02088565 0.79586193
0.07432501 -0.08082697 0.78880204
0.02938915 -0.07361040 0.80478674
0.00960620 -0.00200713 0.83694972
0.00575472 -0.02148326 0.84294482
-0.00058274 -0.01146654 0.84678148
-0.00253675 -0.03555868 0.85619660
-0.00477455 -0.03440026 0.87757193
-0.02046100 -0.00131048 0.89144964
-0.00742873 -0.00937424 0.87856684
-0.01333325 -0.00686255 0.87921065
-0.02401255 -0.01488332 0.86501535
-0.01520659 -0.01940348 0.85828995
-0.00758652 -0.01036464 0.86513866
-0.00882771 -0.01022344 0.86519974
-0.00049518 -0.00882319 0.86295141
0.00158686 -0.00572721 0.86260275
0.00177495 -0.01149713 0.86154829
0.00360708 -0.00817719 0.85897041
0.00823720 -0.00462495 0.86523253
0.00230643 -0.00712989 0.84982782
0.00302304 -0.00382655 0.86589514
-0.00247741 -0.00492735 0.84542891
0.00318931 -0.00196252 0.83978216
0.00500516 -0.00399497 0.84208058
0.00994213 -0.00270880 0.84391893
0.00105220 -0.00781629 0.83112346
0.00458562 -0.00166376 0.83628919
-0.00093315 -0.00546319 0.82849464
0.00119994 -0.00114673 0.82424563
-0.00319054 -0.00139139 0.82606615
0.00170622 -0.00174940 0.81963210
-0.00283213 -0.00351340 0.81592805
-0.00143227 -0.00527703 0.81012773
-0.00416402 -0.00806038 0.80168915
-0.01155126 -0.01200697 0.78526811
-0.00944816 -0.01206752 0.78682861
-0.01028035 -0.00971960 0.78129318
-0.00296643 -0.00814621 0.78416734
0.00195009 -0.00935492 0.78864893
-0.00004980 -0.00800453 0.78254995
-0.00009540 -0.00588349 0.78116853
-0.00327584 -0.00784539 0.77580565
-0.00377462 -0.00572919 0.77608308
-0.00218678 -0.00599400 0.77868679
0.00073177 -0.00537715 0.78386025
-0.00235874 -0.00277180 0.78442136
-0.00964843 -0.00402183 0.77964381
-0.00061040 -0.00151998 0.79307264
-0.00364477 -0.00377920 0.79091062
-0.00507510 -0.00335209 0.80162706
-0.00778794 -0.00511169 0.79358241
-0.00702747 -0.00258692 0.81787320
-0.00375661 -0.00103524 0.80764255
-0.00602938 -0.00417352 0.81436406
-0.00297618 -0.00082950 0.82612575
-0.00116795 0.00019725 0.83298868
-0.00490267 -0.00244636 0.83773550
-0.02070729 -0.00209765 0.83120213
-0.00318754 -0.00210549 0.84772776
0.01023592 0.00610673 0.87275059
0.00558479 -0.00179105 0.86504097
-0.00222082 -0.00756967 0.86178086
-0.00773830 -0.00357981 0.86433236
-0.00262927 -0.00085194 0.86461591
0.00169416 0.00397334 0.85870831
-0.00957627 0.00084543 0.87257704
-0.01513184 0.00067438 0.86905374
0.01499310 0.00468378 0.89877910
0.01196330 0.00220041 0.89507858
0.02188219 0.00297783 0.88704799
0.02502835 0.00033616 0.88591385
0.00111607 -0.00716132 0.85726764
-0.00467918 -0.00686638 0.85685669
-0.00931291 -0.00555119 0.85588609
-0.00699505 -0.00607823 0.85603685
-0.00436923 -0.00584585 0.85536488
-0.00691912 -0.00859885 0.85336203
-0.00528273 -0.01371549 0.84849669
-0.00384429 -0.01050611 0.85064016
-0.00017519 -0.00516771 0.86051514
-0.00651057 -0.00878450 0.85974703
-0.01100406 -0.00714591 0.85601312
-0.00481997 -0.00815833 0.87032118
-0.00779968 -0.00968658 0.87247263
-0.00613646 -0.00838313 0.88145390
-0.00502846 -0.00965603 0.88142117
-0.00085593 -0.00248343 0.89784718
-0.00233882 -0.00653711 0.90487561
-0.00225889 -0.00782483 0.90746086
-0.00635421 -0.00705118 0.92071350
-0.00172937 -0.01650772 0.92894091
0.00061235 -0.00557593 0.92906977
0.00526881 -0.00702820 0.93809842
0.00324600 -0.00042826 0.94209366
-0.00580312 -0.00701427 0.95029089
-0.00144367 -0.01591449 0.95460823
-0.01514115 -0.00768305 0.96388642
-0.01638407 -0.00795720 0.97237091
-0.02665804 -0.00582280 0.98470224
-0.01744757 -0.01237806 0.98879585
0.01064006 -0.02770039 0.99102615
-0.00274792 -0.00082542 1.00182374
0.00123643 -0.00461692 1.00211238
-0.00352378 -0.00387703 1.00347072
-0.00823843 -0.00467606 1.01203342
-0.01167036 -0.00785675 1.01822907
-0.00974306 -0.01060995 1.01457697
-0.00980147 -0.00280672 1.01991591
-0.00269381 0.00072933 1.03843674
-0.01402864 -0.00811761 1.02873237
0.00335823 0.00880404 1.05970689
0.00084130 -0.00312965 1.04349467
-0.00302079 -0.00769850 1.03772695
-0.00121635 -0.00825070 1.05273094
0.00734684 -0.00456849 1.07159203
0.00803925 -0.00584592 1.06640416
0.01260652 0.00453864 1.07585735
0.00054947 -0.00718170 1.06795036
0.00716256 -0.00866294 1.07785184
0.02717321 -0.00236567 1.09856828
0.00609964 -0.01237602 1.07729223
-0.00003999 -0.01059262 1.06137064
-0.01604139 -0.01514959 1.02977929
-0.01079720 -0.01255139 1.04505855
-0.00670435 -0.01221481 1.05679005
-0.00365187 -0.01295224 1.05012678
-0.00356852 -0.01014974 1.05533119
0.00017752 -0.00885985 1.04628267
-0.01750239 -0.01894170 1.06759104
-0.01732428 -0.01417818 1.05824184
-0.00866793 -0.00985811 1.04632027
-0.00699720 -0.00804872 1.03312731
-0.01621176 -0.00326112 1.03025782
-0.01663773 -0.00936745 1.03459613
-0.01632365 -0.01241847 1.03536916
-0.01039942 -0.01016078 1.02862164
-0.00732895 -0.00786103 1.02853650
-0.01530024 -0.00834504 1.02933488
-0.01050540 -0.00845791 1.01250008
-0.00794508 -0.00815199 1.01650648
-0.00632010 -0.00907454 1.01232167
-0.00559674 -0.00619453 1.01779624
-0.00016311 -0.00891768 1.00614979
-0.01544018 -0.01147742 1.00245219
-0.02035916 -0.00358057 0.98962853
-0.00530967 -0.00425729 0.99160944
-0.01000739 -0.00759689 0.98335672
-0.01180503 -0.00429520 0.98112668
-0.00531262 -0.00775837 0.98395974
-0.00035953 -0.01279411 0.97451919
-0.00265065 -0.01390944 0.95279682
-0.00209696 -0.01093250 0.94632336
-0.00691189 -0.01389970 0.92951149
-0.00388390 -0.01596757 0.92123056
-0.00205298 -0.01210445 0.91608327
-0.00207504 -0.01122085 0.90474653
-0.00441487 -0.00997349 0.89400591
0.00233374 -0.01263653 0.89003108
0.00653502 -0.01193158 0.87870357
0.00103218 -0.01215472 0.85454441
-0.00180557 -0.01313967 0.83276372
0.01259433 -0.00769749 0.83909668
0.01080020 -0.01159846 0.80948197
0.00733521 -0.00604558 0.79079462
0.00558210 -0.01025483 0.76760175
0.00116892 -0.01137809 0.73926733
0.00236548 -0.01201792 0.71898859
0.00079142 -0.01052587 0.68832347
0.00455505 -0.00862946 0.66406614
-0.00080781 -0.00615042 0.64247909
0.00455434 -0.01079720 0.62950708
-0.00491549 -0.00728027 0.60262134
0.00595342 -0.00541167 0.60582956
0.00312626 -0.00929255 0.57726271
0.00099892 -0.01041118 0.55069848
0.00399153 -0.00515934 0.53461870
0.00505224 0.00197008 0.52007541
0.00617425 -0.00063135 0.49891649
0.01110222 -0.00203510 0.47754312
0.01211640 -0.00420727 0.46041754
0.01470969 -0.00144863 0.44547549
0.01227288 -0.00444284 0.42625603
0.01131213 0.00001440 0.41228599
0.01510251 0.00065249 0.40236288
0.01514143 0.00023004 0.38039106
0.01971206 -0.00059848 0.36864284
0.01791376 -0.00182428 0.35628069
0.02235673 -0.00048400 0.34201649
0.01932088 -0.00159764 0.33678398
0.02074956 0.00026600 0.33576202
0.02200645 0.00012074 0.33043244
0.02204486 0.00136592 0.32678913
0.03115617 -0.00060721 0.32627056
0.03455894 -0.00132331 0.32526554
0.03093295 -0.00203187 0.32576985
0.03278976 0.00006931 0.32995667
0.04803801 0.00096890 0.34059922
0.04803803 -0.00021185 0.34182442
0.05149637 -0.00024033 0.34530251
0.05330000 -0.00196858 0.35387168
0.03437229 0.00005211 0.33595068
0.03698208 0.00023826 0.33394117
0.03839522 -0.00187246 0.34930441
0.03836779 -0.00111195 0.36344516
0.03389229 -0.00739859 0.35971224
0.03992664 -0.00163239 0.39119060
0.04345503 0.00186099 0.40033084
0.04170384 0.00023069 0.39543732
0.03790593 0.00669019 0.41981431
0.04182706 0.00301173 0.43533884
0.03897851 0.00140350 0.44993647
0.03601866 -0.00012277 0.46042566
0.03573914 -0.00301132 0.47136292
0.03930581 -0.00394561 0.48559181
0.03834759 -0.00734720 0.50009359
0.03635618 -0.00413283 0.51625128
0.02730656 -0.00280528 0.52607722
0.02497611 0.00088275 0.54866898
0.03565962 -0.00019485 0.56619709
0.03294390 0.00169151 0.57629780
0.02739008 0.00365375 0.60136640
0.02579026 0.00449024 0.62455022
0.02863040 -0.00519511 0.63247972
0.02948769 0.00068956 0.65656181
0.02648458 -0.00480452 0.65234243
0.02516682 -0.00481420 0.66315151
0.02347344 -0.00177436 0.68298172
0.02584820 -0.00098776 0.69522950
0.02687813 0.00357965 0.71516313
0.02083630 -0.00046116 0.72579747
0.01575808 -0.00337656 0.74081234
0.01999081 -0.00160490 0.75579507
0.02051414 -0.00382695 0.76895060
0.00213978 -0.01597364 0.75456994
0.00120465 -0.01047933 0.78644873
0.00372973 -0.00255582 0.80025618
0.00080090 -0.00125503 0.81956215
0.00088219 -0.00282132 0.83343168
0.00043316 -0.00386060 0.86049621
0.00145177 -0.00308210 0.86971931
-0.00886190 0.00124481 0.89896881
0.00581554 -0.00468138 0.87884570
-0.00175425 -0.00269237 0.89734948
0.00048343 -0.01128555 0.89300786
-0.00110802 -0.01219036 0.89213783
0.00638983 -0.00901433 0.89308206
0.00175723 -0.00804809 0.89446362
0.00645249 -0.00052759 0.90385885
-0.00191143 -0.00541593 0.92388152
0.01348358 -0.00996652 0.91153420
-0.01592427 -0.01819536 0.92779355
-0.05750268 -0.01210011 0.93482782
-0.00697477 -0.00954282 0.92691234
-0.00508245 -0.02141807 0.93343137
-0.00621689 -0.01012917 0.94820826
-0.00720355 -0.01041178 0.94564583
-0.01123609 -0.00757573 0.95406406
-0.01342947 -0.00899304 0.95830629
-0.01708263 -0.01154489 0.97813597
-0.01852234 -0.00204816 0.98553101
-0.03077149 -0.00397026 0.99661476
-0.02830611 -0.01331464 1.00766677
-0.00968649 -0.01130114 0.99455155
-0.01010627 -0.00244833 1.01551447
-0.01653155 -0.00443819 1.00644577
-0.01439041 -0.00057655 1.02980425
-0.00996315 -0.01045061 1.02675323
0.00373995 -0.00870112 1.01722485
-0.01757007 -0.00738546 1.06117209
-0.00774415 -0.00801882 1.05236800
0.00323488 -0.01207364 1.04357911
-0.00568260 -0.01117769 1.06801163
-0.00426822 -0.01441211 1.07822146
-0.00499886 -0.01337405 1.06773083
-0.00792404 -0.01313987 1.08265091
-0.00989859 -0.01041765 1.09415613
-0.01029072 -0.00942037 1.10946761
-0.00354648 -0.01194907 1.11796408
-0.00827228 -0.01424120 1.12295231
-0.00742889 -0.01006267 1.14919957
-0.00133918 -0.02207017 1.13656563
-0.00050814 -0.01871286 1.14089111
-0.01049728 -0.01186085 1.15365246
-0.00936512 -0.02048453 1.17407243
-0.00518756 -0.02125475 1.15164195
0.00703903 -0.02082847 1.14099621
0.00414107 -0.01604916 1.14559682
-0.01119984 -0.01847362 1.17304100
-0.01135356 -0.01479144 1.17487907
-0.01041134 -0.01771125 1.17473336
-0.01714371 -0.01116880 1.16645573
0.00616174 -0.00243221 1.15979156
-0.00392199 -0.01404709 1.17598287
0.00968652 -0.01974440 1.15961972
-0.00058931 -0.01615775 1.18741502
-0.00226534 -0.02486682 1.17839905
-0.00220504 -0.02659677 1.15475675
-0.00285717 -0.01733363 1.16847198
-0.01361263 -0.01230184 1.19928835
-0.00626032 -0.01652548 1.16084105
-0.00726419 -0.01648641 1.19565560
-0.00220604 -0.01672242 1.19477675
-0.00744106 -0.02217979 1.18638263
-0.00346436 -0.01953794 1.18915719
-0.01495767 -0.01317613 1.21547470
-0.00929282 -0.01472853 1.20723182
-0.00629629 -0.01256913 1.20433814
-0.03491342 -0.01110892 1.24513821
0.00283221 -0.00658409 1.21500549
0.01234204 0.00475551 1.24377463
-0.01567110 -0.01826952 1.21385564
-0.01867103 -0.01216927 1.19310422
-0.00843962 -0.01688750 1.19873398
-0.00095963 -0.01149262 1.20684470
-0.01041921 -0.01573487 1.18329627
-0.02513308 -0.01124153 1.22824395
-0.01024762 -0.01069735 1.22127432
-0.00651560 -0.01626600 1.21262514
-0.00080044 -0.01806511 1.20475133
-0.00801013 -0.01314450 1.20567329
-0.00882103 -0.01422562 1.20361232
-0.01033904 -0.01723418 1.19654758
-0.00970354 -0.01526266 1.19283302
-0.00848307 -0.01475895 1.19887638
0.00143764 -0.01457171 1.20662898
0.00056677 -0.02102498 1.19532802
-0.00327732 -0.01371316 1.20143107
-0.00738053 -0.00433281 1.22025451
-0.02342643 -0.01489413 1.20259275
-0.02385177 -0.00851911 1.20741576
-0.01234870 -0.01177839 1.20600207
-0.01477454 -0.00930413 1.19857691
-0.01444718 -0.01429403 1.20070870
0.00927488 -0.02014635 1.18216296
0.00200827 -0.01584171 1.19018872
-0.00252040 -0.01634109 1.19321595
-0.00341239 -0.01897048 1.19442286
-0.00158045 -0.01994891 1.19879524
-0.00089215 -0.01738079 1.19544787
-0.00337042 -0.01952879 1.19182454
-0.00600612 -0.02308978 1.18611372
-0.00008183 -0.01800873 1.17997964
-0.00164276 -0.01825745 1.18597753
-0.00506013 -0.01725626 1.18682257
-0.00737383 -0.00938652 1.17643171
-0.01041731 -0.01531987 1.19670647
-0.00732652 -0.01562170 1.18379325
-0.01311914 -0.01901676 1.17599523
-0.01308133 -0.01572295 1.18107511
-0.00688355 -0.00934551 1.18158585
-0.00458218 -0.00498732 1.16667386
-0.01103331 -0.01174893 1.14450749
-0.01220104 -0.01446245 1.14555071
-0.00976251 -0.01463450 1.14717138
-0.01290120 -0.01557729 1.14068945
-0.00810821 -0.01518113 1.14397998
-0.00486737 -0.01703536 1.13527077
-0.00152783 -0.01969126 1.12364932
-0.00567097 -0.01677327 1.12376261
-0.00837682 -0.01545642 1.12261979
-0.00868346 -0.02042418 1.12256794
-0.01382099 -0.02014669 1.12253510
-0.00592970 -0.01672818 1.11921631
-0.00564206 -0.01654648 1.11553406
-0.00642105 -0.01663925 1.11237723
-0.00541565 -0.01552216 1.10411962
-0.00618619 -0.01465356 1.10203590
-0.00820608 -0.01467804 1.10693887
-0.00358076 -0.01774316 1.09068841
-0.00489170 -0.01908479 1.08476876
-0.00367667 -0.01185859 1.08330656
0.00252746 -0.01317391 1.07640505
-0.00033154 -0.01531975 1.07639905
-0.00833055 -0.01563361 1.07466716
-0.00436927 -0.01059015 1.07388553
-0.00118203 -0.00904162 1.07428061
-0.01455875 -0.01502717 1.08067045
-0.02264418 -0.01670998 1.06568308
-0.00840612 -0.01976428 1.03595527
-0.00975542 -0.01474522 1.05298220
-0.01619261 -0.01469488 1.05723913
-0.00689637 -0.01539905 1.03882287
-0.01044401 -0.01399695 1.03099320
-0.00908660 -0.01604983 1.03231027
-0.01302199 -0.01442268 1.02308564
-0.01031473 -0.01696750 1.00634786
-0.01035380 -0.01456427 1.00020216
-0.01372367 -0.01712701 0.98991931
-0.00743185 -0.01775467 0.97073183
-0.01405183 -0.01400110 0.96788440
-0.01971223 -0.01151418 0.95061948
-0.02252949 -0.00920120 0.95818236
-0.01689709 -0.01002190 0.96095398
-0.01262140 -0.01469601 0.92593385
-0.01667359 -0.00827039 0.92966384
-0.01182907 -0.01378892 0.91439140
-0.00795643 -0.01361383 0.90559663
-0.03265516 -0.00844259 0.90946657
-0.00455724 -0.01713393 0.86993546
-0.00310579 -0.01660185 0.86452556
0.00463069 -0.01535888 0.82895332
0.00227274 -0.01117963 0.81539735
0.00573204 -0.00970893 0.80143075
0.00772489 -0.01159829 0.79226920
0.00883198 -0.00851553 0.78005266
0.00430775 -0.00802053 0.76382163
0.00903727 -0.00459534 0.75624096
0.01381481 -0.01510246 0.77840828
0.01437452 -0.01777255 0.76617484
0.01255374 -0.01176379 0.76151792
0.02154574 -0.00690878 0.75408666
0.03038205 -0.01025346 0.74561253
0.04398702 0.00780747 0.75844820
0.03634918 0.00396420 0.74641586
0.04442566 -0.00228496 0.73077665
0.03386000 -0.00235042 0.72558437
0.04644874 0.00471585 0.70528792
0.04557127 -0.00268239 0.69620876
0.04758232 -0.00064461 0.71785306
0.04992116 -0.00987623 0.71052541
0.04517138 -0.00519373 0.69680329
0.03760513 -0.00825498 0.70807427
0.05402754 -0.00435781 0.69224644
0.05328620 -0.00344946 0.68309880
0.04337086 -0.00875318 0.68596573
0.03934982 0.00385404 0.67597503
0.04101308 0.00694235 0.69958584
0.04511562 0.00026648 0.69108089
0.04608257 -0.00510421 0.69678903
0.04944299 -0.00838408 0.70419345
0.04391764 -0.00949231 0.70707608
0.04018410 -0.00640894 0.71433899
0.04593237 -0.00726125 0.71496936
0.04206631 -0.00779773 0.73146785
0.04405536 -0.00891795 0.73940118
0.05290054 -0.00717518 0.73667806
0.05064894 -0.00612884 0.74153541
0.02964379 -0.00805013 0.77770049
0.03734611 -0.00813298 0.78047128
0.03078893 -0.00279982 0.80008351
0.02585036 -0.00514637 0.81431386
0.02165709 -0.00412122 0.81853528
0.01917266 -0.01126175 0.83558265
0.01843093 -0.00873260 0.84398188
0.02351747 -0.00901269 0.84511545
0.01177083 -0.00939359 0.86793241
-0.00201583 -0.00681101 0.88918229
0.00708725 -0.00534018 0.89333523
0.00229058 -0.00930749 0.90705749
0.00185308 -0.01372636 0.91311207
0.00488625 -0.01526047 0.92069480
-0.00197921 -0.01282784 0.93431817
-0.00131592 -0.01143080 0.94627020
0.01649671 -0.01848110 0.93533473
0.01844927 -0.02219351 0.93681856
0.00541739 -0.01903673 0.94875633
0.00826460 -0.01531679 0.95312511
0.00395274 -0.02345584 0.94664334
0.00545083 -0.01721167 0.94510015
0.01258865 -0.02233274 0.92775382
0.00963148 -0.02244617 0.92319789
-0.00741206 -0.01642650 0.94854852
-0.00091443 -0.01419085 0.94531662
-0.00274795 -0.01740586 0.94375422
-0.00284946 -0.01270292 0.95324558
0.00132543 -0.01514206 0.95377464
0.00278190 -0.01584803 0.95468440
0.00124741 -0.01503112 0.94872849
0.00569171 -0.01785564 0.93494064
0.00350425 -0.01219589 0.94330301
0.00394859 -0.01388991 0.93712765
-0.00138151 -0.01945828 0.94010769
-0.00289620 -0.01792736 0.93502512
-0.00257050 -0.01834158 0.92082839
-0.01031356 -0.01394888 0.92049578
-0.01167851 -0.01495312 0.89518781
-0.00830105 -0.01423647 0.88891253
-0.01393082 -0.01863027 0.87717728
-0.01561905 -0.01932058 0.86151974
-0.01127909 -0.01630393 0.83890734
-0.00924151 -0.01819681 0.82300171
-0.00808750 -0.01613648 0.80748989
-0.00038657 -0.01858301 0.78273648
0.00123542 -0.02214218 0.75844067
-0.01424708 -0.01426786 0.76629996
-0.00444312 -0.01529663 0.73477218
-0.00191982 -0.02671728 0.71343272
-0.00427426 -0.01452911 0.71170316
-0.00408912 -0.01300659 0.70244706
0.00399087 -0.01261951 0.68073512
0.00949277 -0.01610179 0.66814499
0.01111416 -0.01558108 0.67117356
0.01348039 -0.00928035 0.67736173
0.02280236 -0.00953689 0.66880708
0.02850854 -0.01276942 0.66266322
0.03811065 -0.00544059 0.66621819
0.04531106 -0.00257181 0.66949643
0.04099238 -0.00727375 0.67530420
0.04484845 -0.01166186 0.67090481
0.04651770 -0.01067374 0.65825233
0.04804187 -0.00607721 0.66547578
0.06229428 -0.00568494 0.66328415
0.05125793 -0.00216806 0.65209026
0.05729362 -0.00483328 0.65376093
0.05524128 -0.00148025 0.65162013
0.05525578 -0.00353405 0.64061166
0.05817093 -0.00529833 0.63955288
0.05707492 -0.00613054 0.64063798
0.05811843 -0.00960069 0.63677710
0.06844671 -0.01246622 0.62954453
0.06368978 -0.00752152 0.63050655
0.05938141 -0.00624613 0.63325966
0.05865638 -0.00393325 0.63093346
0.08614467 0.03708279 0.81181274
0.06427687 -0.00302523 0.62777930
0.06195758 -0.00991493 0.63074233
0.05691267 -0.00488437 0.63870258
0.05451117 -0.00775339 0.64239076
0.05628401 -0.00585871 0.65174496
0.05527496 -0.00906459 0.66001872
0.05697649 -0.00708493 0.66743351
0.04561552 -0.00518491 0.68582678
0.03350549 -0.00995824 0.68631964
0.02536458 -0.01297380 0.69270323
0.03300902 -0.01087770 0.70197555
0.03047021 -0.00024728 0.71260348
0.01580958 0.00260968 0.72680822
0.00934744 -0.00231962 0.74290649
0.01224549 -0.00521437 0.76181845
0.00620641 -0.00462393 0.77840598
0.00467673 -0.00403308 0.79019857
-0.00091140 -0.00805435 0.80703469
-0.00558432 -0.00592524 0.81919643
0.00044362 -0.00222888 0.83482137
-0.00152668 -0.00073393 0.84821339
-0.00158072 -0.00301402 0.85749983
-0.00534682 -0.00370328 0.87230438
-0.00198049 -0.00546105 0.88684445
-0.00128258 -0.00328974 0.90303284
0.00215529 -0.00258648 0.91155390
-0.00557632 -0.00666061 0.91874597
-0.00088247 -0.00047908 0.94086339
-0.00047801 -0.00628288 0.94488341
-0.00104739 -0.00853774 0.96150579
0.00171050 -0.01473560 0.96021335
-0.00063777 -0.00786550 0.97875619
-0.00064634 -0.00682878 0.98736591
-0.00179805 -0.00841216 0.99755926
0.00336831 -0.00970182 1.00377045
0.00326333 -0.01189933 1.01300009
-0.00471060 -0.00896349 1.02234316
-0.00103405 -0.01402637 1.02549198
-0.00154735 -0.01299100 1.02394773
0.00358125 -0.00807915 1.04139192
0.00971818 -0.01183786 1.03706053
0.00070359 -0.01097233 1.05783586
-0.00060605 -0.01401401 1.05739815
0.00260460 -0.01477738 1.07880106
0.00214437 -0.01219347 1.06498064
0.00249492 -0.01069932 1.06890875
0.00038315 -0.01673607 1.07784775
0.00118963 -0.00730760 1.08095997
-0.00411507 -0.00053133 1.08595269
-0.00819425 -0.00971995 1.09418328
-0.01904339 -0.00474906 1.10925623
-0.01955918 -0.00629285 1.11106727
-0.00114747 -0.01336225 1.09801886
-0.02400689 -0.00413608 1.12326794
-0.01184430 -0.01111083 1.11400628
-0.00401259 -0.01557151 1.11761971
-0.01250468 -0.01549129 1.12250123
-0.00688821 -0.01466261 1.13074888
-0.00998206 -0.01251467 1.13802696
-0.00803311 -0.01361559 1.13720427
-0.00983284 -0.01566576 1.14120973
-0.00627482 -0.01577567 1.13538278
-0.00667564 -0.01468708 1.14462270
-0.01307879 -0.00868434 1.15979721
-0.01727536 -0.00750540 1.16167815
-0.01566320 -0.01174868 1.16415972
-0.01487618 -0.01190480 1.16199020
-0.01032490 -0.00747368 1.16437188
-0.00963911 -0.00757602 1.17267555
-0.00506775 -0.00935771 1.17446111
-0.00667182 -0.00918039 1.16012587
-0.01151793 -0.01099831 1.16296161
-0.00014740 -0.01590768 1.15880648
0.00081798 -0.00908831 1.16746500
-0.00251580 -0.01178520 1.17006571
-0.00257708 -0.00966644 1.15735662
-0.00868573 -0.01124726 1.16307859
-0.01777191 -0.01044201 1.16488058
-0.00411760 -0.01938646 1.15839336
-0.00078520 -0.01683746 1.14788295
-0.00066774 -0.02033140 1.14789769
-0.00074725 -0.01387194 1.15415899
-0.00513260 -0.01546792 1.16106419
-0.00407868 -0.01675049 1.16294122
-0.00188817 -0.01632633 1.15838416
0.00180248 -0.01729328 1.16711010
0.00545703 -0.01278621 1.16232653
-0.00733589 -0.01430788 1.17014184
-0.00144067 -0.01650600 1.17107182
-0.00655628 -0.01434667 1.18133616
-0.01283547 -0.01359613 1.18240628
-0.01144157 -0.01548110 1.18235129
-0.01317467 -0.01562642 1.17992619
-0.00428660 -0.01260877 1.18675485
-0.00528404 -0.01185087 1.19284790
-0.00117836 -0.01067932 1.18953909
-0.00223938 -0.01098216 1.19064010
-0.00107373 -0.01202933 1.18661837
-0.00409952 -0.01512635 1.19524726
-0.00375566 -0.00989858 1.19896939
-0.00964748 -0.01417005 1.20186444
-0.00995662 -0.01876257 1.18070030
-0.00636753 -0.01395972 1.19955633
-0.01003539 -0.01102664 1.19217034
-0.02241403 -0.01776181 1.17507130
-0.02291301 -0.01586600 1.17730345
-0.01155000 -0.01737532 1.17933292
-0.01504270 -0.01590480 1.17811730
-0.01859138 -0.01219819 1.17981626
-0.02869666 -0.01068035 1.19245365
-0.01324385 -0.01369179 1.18450739
-0.01986624 -0.01705605 1.17817724
-0.01221433 -0.01583774 1.15825192
-0.00908085 -0.01689948 1.16145787
-0.00785643 -0.01803059 1.16721592
-0.00314848 -0.02055971 1.16640090
-0.01569413 -0.01251928 1.17478420
-0.01242286 -0.01441429 1.17149816
-0.01052091 -0.01533462 1.16859608
-0.01213114 -0.01505425 1.18404062
-0.02220133 -0.00363214 1.18801388
-0.00643443 -0.00093218 1.18089239
-0.01449413 -0.01439300 1.16933853
-0.00858315 -0.00778200 1.17699147
-0.00973807 -0.00650189 1.17322118
-0.00692757 -0.00898510 1.18157024
-0.01005683 -0.00941196 1.17868496
-0.01071332 -0.01111524 1.17807659
-0.00643558 -0.01000642 1.18392881
-0.00949782 -0.01098236 1.18348089
-0.01140693 -0.00900500 1.18165475
-0.00543602 -0.00990431 1.17816803
-0.00812057 -0.01202295 1.19148325
-0.00576015 -0.01255379 1.19758379
-0.00409950 -0.01251136 1.19213508
-0.00364352 -0.01126731 1.19460448
-0.00194894 -0.00888406 1.19977707
-0.00484604 -0.01283212 1.18700369
-0.00686216 -0.01537296 1.19591993
0.00031022 -0.01369692 1.18215461
-0.00825134 -0.01728204 1.18459479
-0.00788740 -0.01920952 1.17901068
-0.00746764 -0.01755301 1.19090657
-0.00447393 -0.01495768 1.18086286
-0.00790249 -0.01313847 1.18993871
-0.00327257 -0.01478476 1.17795761
-0.00835418 -0.01904970 1.17627791
-0.00798246 -0.01413384 1.16530463
-0.01084319 -0.01405961 1.15702762
-0.00934002 -0.01619776 1.15849939
-0.01134902 -0.01609035 1.15660121
-0.00888804 -0.01251095 1.15171439
-0.01032697 -0.01595088 1.15241083
0.00176590 -0.01274654 1.13763284
-0.00476365 -0.01241446 1.13716983
-0.00082206 -0.01516739 1.14064286
-0.01015937 -0.01599348 1.13950845
-0.01141526 -0.01277073 1.13642560
-0.00392230 -0.01824546 1.12530570
-0.00911979 -0.01222700 1.12154137
-0.00291689 -0.01540809 1.12343568
-0.00728348 -0.01345494 1.11527592
-0.00635656 -0.01769138 1.10850705
-0.00470559 -0.01674194 1.10230433
-0.00047384 -0.01466411 1.10099412
-0.00247500 -0.01944947 1.10035607
-0.00692505 -0.01726522 1.10054488
-0.00148270 -0.01505549 1.09154115
-0.00439188 -0.01772078 1.08722358
0.00092803 -0.01437302 1.08051454
0.00080771 -0.01494091 1.08169049
0.00318083 -0.01762550 1.06958703
0.00259811 -0.01598746 1.07419680
0.00577941 -0.01549936 1.06846262
0.00448183 -0.01574484 1.06608793
0.00608028 -0.01833454 1.06305079
0.00624788 -0.01800720 1.05763101
0.00184932 -0.01485436 1.04779626
-0.00076946 -0.01929209 1.03816935
-0.00917727 -0.01633948 1.02576990
-0.01167160 -0.01091844 1.03029705
-0.01280885 -0.01597667 1.02383232
-0.00768334 -0.01400649 1.02278260
-0.01087309 -0.01466299 1.01255897
-0.01082559 -0.01109566 1.00779851
-0.01335779 -0.01640692 0.99814592
-0.01453373 -0.01624843 0.99205452
-0.01401216 -0.01068823 0.98365423
-0.00639260 -0.01529345 0.97550318
-0.00851327 -0.01200576 0.96812177
-0.00981871 -0.01376350 0.95396926
-0.00338879 -0.01307410 0.93933091
-0.00731602 -0.01390120 0.92604740
-0.00263012 -0.01081849 0.91315819
-0.00221857 -0.00776659 0.89599666
-0.00477831 -0.00563426 0.87810913
-0.00039677 -0.00966194 0.85938280
0.00381589 -0.01378387 0.84343174
0.00085085 -0.01067945 0.82798800
0.00450048 -0.00810779 0.80896076
0.00843150 -0.01108300 0.79351151
-0.00163603 -0.01102144 0.77744180
0.00001861 -0.00796268 0.76192784
-0.00168506 -0.01193420 0.74436442
-0.00539889 -0.01298015 0.72420711
-0.00384457 -0.01358592 0.70441915
-0.00303456 -0.01122621 0.69435122
-0.00075400 -0.01586013 0.66686568
-0.00037967 -0.01384786 0.64993313
-0.02581916 -0.01672689 0.61116601
0.00338674 -0.01102197 0.61084918
0.00575229 -0.00760539 0.59319075
0.00958059 -0.00779771 0.57481383
0.00868155 -0.01028326 0.55510149
-0.00216334 -0.00966622 0.53114753
0.00235512 -0.00928681 0.52204816
0.01330484 0.00078086 0.51559463
0.00279461 0.00375370 0.49492249
-0.00007606 -0.00200835 0.47878603
0.00358962 -0.00070313 0.47098602
0.00298991 0.00395647 0.45704686
-0.00253475 -0.00133324 0.43583087
0.01275713 0.00777763 0.42584332
0.00131108 0.00187126 0.40394005
-0.00416606 -0.00375214 0.37842864
-0.00197338 -0.00372929 0.35446196
-0.01355955 -0.00352083 0.33034820
-0.00731550 0.00256481 0.31283255
-0.01002449 -0.00291048 0.29365506
-0.00453432 -0.00119727 0.28853037
-0.01091431 0.00208901 0.28365593
-0.01619048 0.00134070 0.27928612
-0.01270404 0.00300548 0.28272087
-0.01634561 -0.00148054 0.27847814
-0.02030369 0.00321131 0.27785723
-0.02564575 -0.00282003 0.27253748
-0.03034395 -0.00143677 0.27085623
-0.02888745 -0.00414663 0.26812707
-0.04133528 0.00157759 0.26951443
-0.03657940 0.00030909 0.27743208
-0.04426868 -0.00169400 0.28439726
-0.03963809 0.00186144 0.29527062
-0.05114329 -0.00467959 0.29332176
-0.04092171 0.00319759 0.31699642
-0.05426788 0.00668787 0.32504038
-0.05189104 -0.01629953 0.31932564
-0.05299313 -0.00830617 0.33447441
-0.05042313 -0.00640983 0.34732745
-0.04773250 -0.01258352 0.36363240
-0.04539903 -0.00541098 0.38366415
-0.05384662 -0.00135437 0.40229991
-0.05378183 -0.00351226 0.42042302
-0.06623435 -0.00495143 0.44417197
-0.07042337 -0.00457393 0.46044666
-0.06343136 0.00030019 0.47518963
-0.06160406 0.00177682 0.49047556
-0.06209659 0.00341490 0.50742258
-0.05722307 -0.00012700 0.52367312
-0.06358647 -0.00275945 0.54190120
-0.06077878 -0.00605017 0.56395973
-0.05425076 -0.00624085 0.58702993
-0.04993944 -0.00686069 0.59690576
-0.04540015 -0.00635600 0.61570427
-0.03801243 -0.00500226 0.64215364
-0.03460238 -0.00515568 0.66380693
-0.02947650 -0.00762592 0.67630896
-0.02852125 -0.00481543 0.69037814
-0.03421002 -0.00992396 0.70087719
-0.03615697 -0.00594158 0.72814764
-0.03495714 -0.00784922 0.74148423
-0.02912568 -0.00818010 0.75412083
-0.02504557 -0.00921442 0.77949953
-0.02602289 -0.00632306 0.79215975
-0.02006858 -0.00898915 0.80482378
-0.02371631 -0.00319319 0.83521324
-0.01718104 -0.01045628 0.84001858
-0.01720951 -0.01288865 0.85403045
-0.01595742 -0.00511121 0.88390974
-0.00285654 -0.00892073 0.89019160
-0.00379847 -0.01177574 0.89917992
-0.00341946 -0.01045135 0.91020285
-0.00126632 -0.01121651 0.91395419
-0.00051604 -0.01076713 0.92567568
-0.00572882 -0.01474930 0.93926891
-0.00073298 -0.00555740 0.94250371
0.00431051 -0.01241535 0.94745987
0.00321623 -0.00903494 0.96079792
0.00212228 -0.00955191 0.97163334
0.00146444 -0.01191044 0.97540382
-0.00403468 -0.01256946 0.97832617
-0.00494290 -0.01402097 0.99301694
-0.00445630 -0.01030753 0.99226861
-0.00294563 -0.01100651 1.00179351
-0.00528255 -0.01255439 1.01250700
-0.00790512 -0.01419038 1.01983320
-0.00576090 -0.01313163 1.02488536
-0.00694240 -0.01159882 1.02279429
-0.01265194 -0.00290106 1.03035675
-0.00560925 -0.00296741 1.02859893
-0.00806406 -0.00418698 1.04535275
-0.00702902 -0.01216658 1.04099682
-0.00687941 -0.01351852 1.02979763
-0.00568628 -0.01436254 1.01210780
0.00349023 -0.02046595 1.02595046
-0.00126146 -0.02220676 1.02375114
-0.00104501 -0.02400511 1.00298760
-0.00007035 -0.01311312 1.00293954
0.00226622 -0.01107871 0.99822911
-0.00754357 -0.01759256 0.99957296
-0.00701892 -0.02161878 0.97474014
-0.00219329 -0.01634786 0.98352126
-0.00428732 -0.01877448 0.97722612
-0.00358699 -0.01397142 0.95732197
0.00311519 -0.01765015 0.94049781
-0.00078693 -0.02065217 0.91943586
-0.01021474 -0.02381728 0.90977585
0.00406292 -0.01705243 0.88161263
-0.00521460 -0.02275285 0.85654641
-0.01204638 -0.02258441 0.83010328
-0.00386320 -0.01674419 0.80343044
-0.01046002 -0.01918815 0.78995759
-0.00974726 -0.01972940 0.75845898
-0.01617768 -0.01437703 0.77175093
-0.00873321 -0.01793604 0.71755676
-0.00798492 -0.01481471 0.69741134
-0.00346412 -0.01605566 0.67216656
-0.00516101 -0.01397309 0.64597107
-0.00903345 -0.01409889 0.61189538
-0.01272022 -0.01391929 0.58118310
-0.00797362 -0.01165738 0.56302607
-0.00628757 -0.00612225 0.54158824
-0.00685553 -0.00656692 0.51195728
0.00310705 -0.00431061 0.50181791
-0.00569641 -0.00685822 0.46879996
-0.00821400 -0.00868958 0.44524380
-0.00243564 -0.00527554 0.43936138
-0.00393898 -0.01012687 0.40411892
-0.00074312 -0.00633732 0.38851384
-0.00196181 -0.00695024 0.36148104
-0.00428466 -0.00573982 0.34526792
-0.00092228 -0.00494870 0.32957079
0.00003489 -0.00323602 0.31244438
0.00033186 -0.00297901 0.29598981
-0.00116037 -0.00328604 0.28274008
-0.00013633 -0.00552325 0.27830897
0.00104103 -0.00496609 0.27370930
0.00035260 -0.00361751 0.26496171
0.00194544 0.00001265 0.26444629
-0.00049279 -0.00179494 0.25800337
-0.00069822 -0.00421173 0.24694028
-0.00129493 -0.00390529 0.24304698
-0.00055451 -0.00284813 0.24045440
-0.00183054 -0.00157698 0.23783551
-0.00336249 0.00200802 0.23824166
-0.00561330 0.00060324 0.23393809
-0.01071321 -0.00440927 0.23074224
-0.01074830 -0.00455555 0.23256879
-0.01551946 -0.00298126 0.22862465
-0.01766929 0.00090438 0.22886739
-0.01937965 0.00025911 0.22999942
-0.02266939 -0.00114756 0.22679471
-0.02589377 -0.00337024 0.22559815
-0.03082515 0.00035948 0.22272141
-0.03359007 0.00322766 0.22519134
-0.04106826 0.00075157 0.21917025
-0.04476617 -0.00282296 0.22470846
-0.05070612 -0.00124166 0.23860710
-0.04929305 0.00057378 0.25967370
-0.06660513 0.00148519 0.25897693
-0.07084889 -0.00238050 0.27742777
-0.06468028 -0.00732966 0.28510999
-0.05951528 -0.00130403 0.31056788
-0.06765601 -0.00353092 0.30433763
-0.06267433 0.00253824 0.31620127
-0.06623301 -0.00116190 0.32917180
-0.07020133 -0.00152541 0.34067426
-0.07641354 -0.00192319 0.34368774
-0.06852112 0.00321422 0.36561926
-0.06288849 0.00100267 0.37878409
-0.05886902 0.00621992 0.39746911
-0.06130994 0.00917037 0.40732174
-0.07882712 -0.00271322 0.40668781
-0.07697671 -0.00774674 0.40585095
-0.07295184 0.00166336 0.37963585
-0.05106041 -0.00460296 0.44051898
-0.04022883 -0.00809391 0.43962547
-0.03780244 -0.00858508 0.46683507
-0.04101180 -0.00501490 0.48493772
-0.04602959 -0.00770552 0.50227193
-0.04468436 -0.00761126 0.52183379
-0.03212610 -0.00812494 0.53160099
-0.02811283 -0.00703997 0.54761818
-0.02883642 -0.00667380 0.56222694
-0.02600144 -0.00837578 0.57628542
-0.01937397 -0.00782588 0.59253932
-0.01772136 -0.00616309 0.60905241
-0.01844555 -0.00592228 0.61779123
-0.01446075 -0.00463286 0.63566034
-0.00531477 -0.00549046 0.64849415
-0.00236619 -0.00617437 0.65782652
-0.00511421 -0.00692896 0.67163429
-0.00391606 -0.00797878 0.68126602
-0.00276059 -0.00822726 0.69114542
-0.00013376 -0.00726831 0.69919855
-0.00238619 -0.00711722 0.71437449
0.00392743 -0.00925447 0.72270398
0.00071628 -0.00757222 0.74118650
0.00184877 -0.00604424 0.74674143
-0.00115100 -0.00504405 0.76287550
0.00284177 -0.00696716 0.77424761
0.00608683 -0.00599121 0.78948896
0.00338908 -0.00703170 0.79353592
0.00436488 -0.00959946 0.80192887
0.00600242 -0.00729089 0.80908334
0.00729862 -0.00549509 0.81782156
0.00263615 -0.00795549 0.82704414
0.00436935 -0.00722127 0.83808295
0.00269648 -0.00844501 0.84839498
0.00147162 -0.00835720 0.86087623
0.00226856 -0.00679195 0.87097775
0.00074576 -0.00659906 0.87813847
-0.00112909 -0.00636783 0.88577340
-0.00170733 -0.00820120 0.89382600
-0.00144990 -0.00804532 0.90782619
0.00171418 -0.00503248 0.91485580
0.00020298 -0.00822528 0.92142090
-0.00177295 -0.00803156 0.93062100
-0.00296567 -0.01058498 0.94060274
-0.00485922 -0.01139001 0.95041638
-0.00034885 -0.00778593 0.95931937
0.00256257 -0.01149914 0.97443133
0.00034344 -0.01186380 0.98219094
-0.00441276 -0.00560099 0.99215247
-0.00560005 -0.00850284 0.99646379
-0.01155803 -0.00751417 1.00545466
-0.00789541 -0.00874179 1.01969365
-0.00904057 -0.00709218 1.02069830
-0.00546158 -0.00593606 1.02712502
-0.00873544 -0.00484312 1.03838606
-0.00394272 -0.00624763 1.04676164
-0.00521182 -0.00744715 1.04574247
-0.00665521 -0.00767945 1.05008873
-0.00594309 -0.00590133 1.05051591
-0.01200866 -0.01185770 1.05890436
-0.01029670 -0.01465816 1.05803210
-0.00743934 -0.01219732 1.06004621
-0.00578161 -0.00991643 1.06565592
-0.01171523 -0.01062101 1.06013153
-0.01180289 -0.00728514 1.06546073
-0.01381428 -0.00923652 1.07357962
-0.00779749 -0.00750577 1.07837556
-0.00585768 -0.00903546 1.08245570
-0.01775112 -0.01149489 1.07614947
-0.00880352 -0.00972254 1.08760253
-0.00516631 -0.00696918 1.09094339
-0.00869799 -0.00986957 1.09500048
-0.00855067 -0.01103159 1.09830402
-0.00872832 -0.00967384 1.10579555
-0.00597001 -0.01114698 1.11014749
-0.01362931 -0.01520898 1.11116701
-0.00871483 -0.01410401 1.10519934
-0.00436877 -0.01278571 1.11538288
-0.00378634 -0.01067312 1.11577190
-0.00583553 -0.01205464 1.12854400
-0.00714152 -0.01007525 1.13384968
0.00045593 -0.01232198 1.12964000
-0.01088177 -0.01359514 1.12571850
-0.01534991 -0.01283129 1.11858152
-0.00989074 -0.01357211 1.12296120
-0.00583682 -0.01715000 1.11459409
-0.00960436 -0.01540115 1.11743429
-0.00626553 -0.01686052 1.11693429
-0.00714491 -0.01634787 1.11484473
-0.00489231 -0.01596888 1.11953499
-0.00627277 -0.01442922 1.10843439
-0.00435702 -0.01467830 1.11307295
-0.00222375 -0.01786153 1.11558472
-0.00107136 -0.01158959 1.11483141
-0.00648798 -0.01604475 1.11422975
-0.00689983 -0.01654233 1.11881325
-0.00673534 -0.01101321 1.11876777
-0.00976552 -0.00913673 1.11023797
-0.00339612 -0.00692724 1.11833064
-0.00485547 -0.00773645 1.11393113
-0.00434473 -0.01258817 1.11256292
0.01333600 -0.00444260 1.12226476
-0.00524670 -0.00940647 1.10540762
-0.00422101 -0.00975917 1.10663138
-0.00191859 -0.00909232 1.10150996
0.00058787 -0.00608302 1.08110352
-0.00617607 -0.01260887 1.10659276
-0.00369369 -0.01126396 1.08301326
-0.00755792 -0.01146423 1.09451471
-0.00611977 -0.01391141 1.09031493
-0.01450680 -0.01496996 1.09196988
-0.01693292 -0.01759036 1.08135792
-0.00784766 -0.01557437 1.07813052
-0.00741227 -0.00694800 1.08502480
-0.00266452 -0.01070546 1.10400122
0.00670505 -0.01664377 1.07246264
-0.00331575 -0.00663026 1.09262403
-0.00589420 -0.00282780 1.09268509
-0.01028566 -0.01020107 1.09438928
-0.00874264 -0.01256627 1.07820806
-0.00904112 -0.01243086 1.08880929
-0.00661042 -0.01582152 1.07764766
-0.00673586 -0.01740498 1.07144059
-0.00749332 -0.01972129 1.07938501
-0.00392848 -0.01494244 1.08119167
-0.00598148 -0.01475597 1.08952630
-0.00573623 -0.01601035 1.07830087
-0.00880979 -0.01721424 1.08565507
-0.00287000 -0.02091125 1.07856943
-0.00857056 -0.01862365 1.08519932
-0.00400238 -0.01758646 1.08437132
-0.00844964 -0.01890750 1.07739447
-0.00223749 -0.01443614 1.08136394
-0.00588724 -0.01377468 1.08816350
-0.00003911 -0.00932984 1.08671733
0.00077519 -0.00582722 1.08887632
-0.00063436 -0.00475036 1.10255043
0.00135457 -0.00812062 1.10164604
0.00370058 -0.00707438 1.10703607
-0.00316593 -0.00662011 1.09783841
-0.00683841 -0.01015552 1.09479884
0.00100752 -0.00474033 1.10471138
0.00352996 -0.01147322 1.10500061
0.00067740 -0.01504641 1.10766251
-0.00827411 -0.01448514 1.10823804
-0.00966474 -0.01111839 1.10766122
-0.00837358 -0.01253042 1.11402592
-0.01613374 -0.01788150 1.11854140
-0.01641222 -0.01279030 1.12984347
-0.01437267 -0.01378437 1.12455454
-0.00779663 -0.01433579 1.13828784
-0.01873073 -0.01820875 1.13610415
-0.01014176 -0.01427570 1.14480751
-0.00343808 -0.01384181 1.13191598
-0.00718983 -0.01297139 1.14277223
-0.00018283 -0.01055507 1.14298621
-0.00712939 -0.01177543 1.15187909
-0.00999007 -0.01443876 1.15368155
-0.01020603 -0.01128981 1.16277047
-0.00649244 -0.01636071 1.15273146
-0.01197725 -0.01317821 1.14393382
-0.01006460 -0.01080876 1.16062077
-0.00719312 -0.01065460 1.15786985
-0.01136893 -0.00959116 1.15244708
-0.01299465 -0.01295497 1.15019258
-0.00362184 -0.01197558 1.14451688
-0.00836917 -0.01588655 1.14123708
-0.01045077 -0.01106762 1.14921774
-0.00628157 -0.01408378 1.14458266
-0.00869772 -0.01735485 1.13862521
-0.00821022 -0.01604458 1.14232238
-0.01048081 -0.01777511 1.13954804
-0.02000383 -0.01756304 1.12721294
-0.02489240 -0.01713471 1.13145430
-0.01754588 -0.01930681 1.13202305
0.02302929 -0.00309144 1.10675271
-0.01183143 -0.00831651 1.14111314
-0.01108112 -0.00668821 1.14060372
-0.01129302 -0.01326876 1.13195277
-0.00996858 -0.02149243 1.12534998
-0.01067103 -0.01878349 1.12894427
-0.00790513 -0.01685219 1.13289273
-0.00568412 -0.01374941 1.13374237
-0.00159907 -0.01887155 1.12570589
-0.00693802 -0.01783539 1.12885416
-0.00363654 -0.01602354 1.12191370
-0.00090038 -0.01533709 1.12720936
0.00382064 -0.01806851 1.12999151
0.00537972 -0.01855955 1.12000605
-0.00291535 -0.01729179 1.12038555
-0.00115703 -0.01722767 1.12365257
-0.00662746 -0.01615340 1.12152244
-0.00550837 -0.01411220 1.11947071
-0.00142906 -0.01416035 1.11927147
-0.00046903 -0.01235697 1.11732926
-0.00176997 -0.01141259 1.11201260
-0.00697626 -0.01829505 1.10926089
-0.00636664 -0.01685330 1.11505486
-0.00468187 -0.01626637 1.11307388
-0.00462292 -0.01136378 1.11294971
-0.00639184 -0.01412441 1.11016829
-0.00844201 -0.01538226 1.11125051
-0.00772398 -0.01679838 1.10310997
-0.00321891 -0.01540848 1.10879834
-0.00378967 -0.01040018 1.12706819
-0.00867499 -0.01576579 1.10140567
-0.00755133 -0.01402644 1.11169696
-0.00366711 -0.01345112 1.11499540
-0.00276092 -0.01352966 1.11308462
-0.01134991 -0.01353945 1.09102768
-0.01321403 -0.01492556 1.09866739
-0.00458570 -0.01288088 1.10695461
-0.00689751 -0.01474182 1.10502855
-0.00030263 -0.00683548 1.09839548
-0.00328901 -0.01440675 1.08798734
-0.00527923 -0.01532976 1.08597473
-0.01190051 -0.02013252 1.08187067
-0.00663233 -0.01558251 1.08579733
-0.01533754 -0.01571834 1.07702569
-0.01338937 -0.01722648 1.07190430
-0.01159366 -0.01420871 1.05916093
0.00516274 -0.00860067 1.07473193
0.01009960 -0.01119144 1.07538037
0.00557588 -0.01187760 1.05848273
0.00787988 -0.01414594 1.04352310
0.00127915 -0.01528779 1.02247166
-0.00615173 -0.01954667 1.00368310
-0.00380819 -0.01744034 0.99466929
-0.00614942 -0.01802687 0.98144428
-0.01386283 -0.01397522 0.97871425
-0.00915454 -0.01976293 0.96876228
-0.00705724 -0.01181842 0.96249463
-0.00629261 -0.01290105 0.94908065
-0.00270147 -0.01090701 0.93481525
-0.00637942 -0.01351502 0.91717025
-0.00998918 -0.01609514 0.90576459
-0.00930281 -0.01567583 0.88585847
-0.00192848 -0.01485732 0.86950589
-0.00542462 -0.01358762 0.84337893
-0.00819278 -0.00932791 0.83138611
-0.01699523 -0.01158335 0.81732983
-0.01898116 -0.01645932 0.78273128
-0.00697651 -0.01352701 0.75755341
-0.00705706 -0.01072700 0.74675392
-0.00847452 -0.00011804 0.73063378
-0.00899877 -0.01152696 0.71251112
-0.00016133 -0.00339524 0.70982784
-0.01776991 -0.01848075 0.68620357
-0.00917428 -0.01460362 0.65643294
-0.00738851 -0.00543323 0.63884891
-0.01141459 -0.00810856 0.62260157
0.00007064 0.00198164 0.59955404
0.00584910 -0.01031547 0.58972820
0.00955015 -0.01136357 0.57036520
0.01891490 -0.01273564 0.56025754
0.02374689 0.00720872 0.53991946
0.02290064 -0.00736248 0.51961728
0.00901422 -0.00635505 0.52281709
0.02696877 -0.01634288 0.51308998
0.01749768 -0.00933274 0.51131880
0.02424135 -0.00128461 0.50580743
0.00590989 -0.00648030 0.51072186
0.01121728 -0.01268035 0.50357443
0.00625596 -0.00352796 0.50616345
0.02911853 0.00331252 0.49362231
0.02229697 -0.00440937 0.48901211
0.03006714 -0.00412491 0.48554217
0.03656569 -0.00683968 0.48342915
0.02585766 -0.01033107 0.48174947
0.01536398 -0.00517336 0.47897439
0.01437017 0.00100594 0.47510415
0.02860119 0.00244004 0.47220677
0.04982911 -0.00080104 0.45743196
0.04290481 0.00314995 0.45515549
0.03475093 -0.00524231 0.45729612
0.03378372 -0.00357367 0.45468088
0.04187933 -0.00931564 0.45407687
0.04668112 -0.00794890 0.45856959
0.04642975 -0.00849911 0.46448342
0.05219584 -0.00913640 0.46567550
0.04429347 -0.00224497 0.47938348
0.05147055 0.00294828 0.49119875
0.05280754 -0.00203408 0.49325342
0.05555544 -0.00123341 0.50747190
0.06182587 -0.00799737 0.47724683
0.06981206 -0.00940081 0.47003829
0.06468994 -0.00513290 0.49473317
0.07325294 -0.00689706 0.49097457
0.07850000 -0.00766910 0.50318785
0.06027504 -0.00350175 0.54296438
0.05170898 -0.00173380 0.56487121
0.05283021 -0.00272156 0.57625623
0.03912454 -0.00269396 0.60492256
0.03996774 -0.00131021 0.61290561
0.03279990 -0.00418336 0.62881627
0.02242535 -0.00540564 0.65107384
0.01832052 -0.00470390 0.66775799
0.01544643 -0.00069348 0.68984922
0.01656930 -0.00316478 0.70558514
0.00773065 -0.00424802 0.72108203
0.00982642 -0.00249247 0.73493386
0.00811959 -0.00042336 0.76288067
0.00710302 -0.00023601 0.76320683
0.00251199 0.00139084 0.78890404
0.00354496 0.00004235 0.80575441
0.00090789 -0.00124488 0.81919734
-0.00093607 -0.00534583 0.83219562
0.00133482 -0.00247223 0.85656178
-0.00384939 -0.00340934 0.86053607
-0.00453546 -0.00663743 0.88376418
-0.01105611 -0.00569540 0.89122585
-0.01180991 -0.00435133 0.90975740
-0.01208298 -0.00709330 0.92069367
-0.00533251 -0.00713770 0.93867408
-0.00506347 -0.00728658 0.95349963
-0.00697538 -0.00990098 0.95909254
-0.00130355 -0.01097643 0.97953451
-0.00421264 -0.01607798 0.98292758
-0.00406029 -0.01323608 0.99571447
-0.00733605 -0.01300736 1.00058070
-0.00601892 -0.01141722 1.01127748
-0.00764024 -0.01318246 1.01976078
-0.00140877 -0.01362382 1.02091581
-0.00096642 -0.01527235 1.02754055
0.00027192 -0.01377794 1.02393576
-0.00076829 -0.01385330 1.01902209
-0.00337250 -0.01589825 1.01917185
0.00040633 -0.00900756 1.02462935
-0.00803976 -0.01221168 1.01778882
-0.00782257 -0.01539875 1.01799225
-0.00193581 -0.01434914 1.00883510
0.00063339 -0.01598724 1.00527443
-0.00323845 -0.01564361 1.00329203
-0.00259356 -0.01872448 0.99454094
-0.00030866 -0.00792752 1.01475713
0.00161206 -0.01534347 0.99692636
-0.00810777 -0.01737501 0.98380818
-0.00825345 -0.01697807 0.97364211
-0.00652289 -0.01874395 0.96213826
-0.00784891 -0.01552159 0.95364339
-0.00951185 -0.01485773 0.94562910
-0.00626013 -0.01772749 0.93182341
-0.00744367 -0.01798203 0.91558971
-0.00801610 -0.01556328 0.90342155
-0.00728520 -0.01404814 0.88573137
-0.00466348 -0.01592591 0.85943688
-0.00359398 -0.01781871 0.83132218
-0.00643534 -0.01292238 0.81052737
-0.00620422 -0.01100587 0.79120749
-0.00710962 -0.01108547 0.77008198
-0.00560151 -0.01370902 0.75251363
-0.00072864 -0.01379990 0.72017767
0.00181535 -0.01424053 0.69683438
-0.00122147 -0.01320385 0.67682643
-0.00010234 -0.01318941 0.65804594
0.01132231 -0.00765099 0.64218619
0.01338907 -0.00812714 0.63934552
0.03620859 -0.00923213 0.62625642
0.02686775 -0.00644083 0.63071038
0.04098765 -0.00415232 0.62590866
0.03216845 -0.00984906 0.62303957
0.03882165 -0.00424881 0.62013532
0.04478299 -0.00884219 0.61793970
0.05688825 -0.00586497 0.61971582
0.05202751 -0.00786892 0.59676178
0.04933047 -0.00689324 0.58880401
0.05416111 -0.00115574 0.58841661
0.04734843 -0.00383001 0.58946747
0.04560493 -0.00323314 0.58363376
0.05286282 0.00259291 0.58657389
0.05212638 -0.00514561 0.57180069
0.05545095 -0.00676765 0.58264212
0.05712033 0.00391806 0.59025197
0.05709182 0.00219148 0.59500467
0.06071948 -0.00500696 0.59329368
0.06192729 -0.00729915 0.58984370
0.06281427 -0.00281255 0.59939614
0.06124718 0.00118597 0.59568317
0.04949865 -0.00227220 0.59848122
0.05266392 -0.00481022 0.61525049
0.05950109 -0.01172899 0.61463895
0.05597665 -0.00686720 0.62969802
0.04778723 -0.00681017 0.63023001
0.04199802 -0.00503275 0.65473353
0.04415727 -0.00240769 0.66577077
0.04320464 -0.00619085 0.67524274
0.03749997 -0.00837512 0.68879487
0.03273361 -0.00897667 0.69845838
0.02921440 -0.00790532 0.71333597
0.02962849 -0.00281437 0.73507378
0.02491701 -0.00224452 0.74374022
0.02167109 0.00037190 0.76297735
0.01833951 -0.00100711 0.78008594
0.01838917 -0.00070334 0.79924975
0.01270641 -0.00560486 0.80768890
0.01284019 -0.00348123 0.81882852
0.00529981 -0.00525081 0.83713389
0.00254782 -0.00615283 0.84956538
-0.00304463 -0.00254342 0.86807736
-0.00773445 -0.00444965 0.87939627
-0.01050560 -0.00789586 0.89152809
-0.01259281 -0.00207374 0.90727568
-0.01357764 -0.00338313 0.92277843
-0.01397867 -0.00318270 0.93887847
-0.01998358 -0.00772681 0.96131959
-0.02211183 -0.01215643 0.97087017
-0.01826178 -0.00677926 0.97666463
-0.01556969 -0.00328497 0.99170235
-0.01585047 -0.00332021 1.00385479
-0.01313766 -0.00536867 1.01864210
-0.02275148 -0.00625968 1.04291473
-0.01445964 -0.00669480 1.04453625
-0.01636042 -0.00540476 1.04816449
-0.01322554 -0.00719150 1.05245179
-0.00729919 -0.00199217 1.06575799
-0.01091802 -0.00837482 1.07464004
-0.00843057 -0.01271304 1.07900285
-0.00836252 -0.00891647 1.08207913
-0.01126635 -0.01079773 1.08415396
-0.00496348 -0.00942509 1.09272063
-0.00854754 -0.01187748 1.08648397
-0.00853947 -0.01132228 1.09651692
-0.00380087 -0.01636501 1.09717676
-0.01001284 -0.00730368 1.08831125
-0.00456395 -0.00708957 1.09286124
-0.00726823 -0.00673203 1.10292085
-0.00453581 -0.00980656 1.10275100
-0.01036251 -0.00976031 1.09778372
0.00027061 -0.01105835 1.11501062
-0.00520455 -0.01545311 1.10338346
0.00297824 -0.01618233 1.11209638
-0.00224949 -0.01287882 1.10818537
0.00180042 -0.01308398 1.11386116
0.01413040 -0.01781257 1.12223562
-0.00071587 -0.01325930 1.12114170
0.00789016 -0.01179666 1.11746701
0.00006665 -0.01218931 1.12082103
-0.00169048 -0.00852260 1.11851182
-0.01383754 -0.01422344 1.11894732
-0.00636232 -0.01567244 1.12436982
-0.00350369 -0.01279847 1.12341105
0.00372814 -0.01314019 1.13558960
0.00494205 -0.01871962 1.13526259
-0.00422233 -0.01422492 1.13523385
-0.00175489 -0.01446982 1.13529071
0.00124069 -0.01008978 1.14216067
0.00160842 -0.01195506 1.14475073
-0.00623769 -0.00914322 1.14456819
-0.00591188 -0.01066288 1.15163665
-0.00683873 -0.00636921 1.15759257
-0.00922363 -0.01326542 1.15803455
-0.00652616 -0.01815923 1.15136839
-0.00516187 -0.01837084 1.15007537
-0.00839514 -0.01164162 1.15494335
-0.00864020 -0.01091323 1.15255942
-0.01139048 -0.00889303 1.16348896
-0.01838788 -0.01362275 1.16312061
-0.00162537 -0.00995232 1.18214279
-0.00772779 -0.00745248 1.18307561
-0.00987998 -0.01477588 1.18059358
-0.00674577 -0.01321927 1.18736968
-0.01353248 -0.01641231 1.19054343
-0.01661116 -0.01060447 1.19335047
-0.01593326 -0.01654914 1.18293440
-0.01670797 -0.01232271 1.19604048
-0.03859711 -0.00933342 1.18897274
-0.00146918 -0.02280691 1.21559028
0.00120763 -0.02270206 1.21283202
-0.00307153 -0.00926849 1.21135684
-0.01757531 -0.01278844 1.21957032
-0.01071334 -0.01769917 1.22717799
-0.00899825 -0.02186386 1.22361555
-0.00772559 -0.00970938 1.23135155
-0.01760004 -0.01549787 1.21982967
0.00274514 -0.00977125 1.23532267
-0.00459518 -0.00978131 1.24081138
0.00433548 -0.00405196 1.24771151
-0.00362788 -0.01362030 1.24117425
-0.01778093 -0.01798679 1.22463217
-0.00908094 -0.01074764 1.23666809
0.00153241 -0.01310892 1.23951031
-0.00189515 -0.00813814 1.23752856
-0.00008891 -0.00831815 1.24504268
-0.01721730 -0.00740679 1.22541060
-0.02589232 -0.01175920 1.22644430
-0.02468324 -0.01183775 1.23116470
-0.04563473 -0.01736287 1.21437418
-0.01467352 -0.00330103 1.24351951
-0.02475708 -0.01246188 1.22087801
0.00936652 -0.00016367 1.25452967
0.00358741 -0.00877125 1.24075451
0.00934079 -0.01055218 1.23624201
0.00623744 -0.01016740 1.22690327
0.00674021 -0.00371141 1.23263555
-0.00568494 -0.01259282 1.22970107
-0.00438991 -0.01618416 1.23383549
-0.00624255 -0.01041159 1.22528412
-0.01979855 -0.00836204 1.21682631
-0.00180635 -0.01241418 1.21988972
0.00124968 -0.01030945 1.22266133
-0.00604369 -0.01079382 1.21647726
-0.01696059 -0.01446776 1.21192845
-0.00337809 -0.01168388 1.21292229
-0.01191999 -0.01367415 1.21566884
0.00399644 -0.01122758 1.23446061
-0.01328081 -0.01705393 1.19392491
-0.00236387 -0.01091188 1.21030749
-0.00524560 -0.01956766 1.20230026
-0.00839207 -0.01708290 1.19980893
-0.00676153 -0.02271853 1.19861196
-0.00647279 -0.01505671 1.20337524
-0.00577039 -0.01868661 1.20544284
-0.00472192 -0.01963219 1.20128070
-0.00643974 -0.01830165 1.20859235
-0.00279896 -0.01863677 1.19873142
-0.01199363 -0.02008917 1.17883543
-0.00244954 -0.01472629 1.19577435
-0.01009666 -0.01636341 1.20048021
-0.00943118 -0.01384297 1.19036468
-0.00831757 -0.01796722 1.19524358
-0.01086800 -0.01435365 1.18876387
0.00064105 -0.01207236 1.20204489
-0.01769706 -0.01594074 1.18247788
-0.01525864 -0.01859004 1.18717748
-0.00832207 -0.01606651 1.20840817
-0.01190751 -0.01874811 1.19726698
-0.01596404 -0.01495995 1.19874606
-0.00408147 -0.01626113 1.20538600
-0.01298312 -0.01648733 1.20098159
-0.00405218 -0.01868756 1.20848107
-0.00377217 -0.01726965 1.20183088
-0.01109429 -0.01519087 1.20206913
-0.00994397 -0.01882192 1.20812715
0.00228816 -0.01392635 1.22783702
-0.00258981 -0.01705852 1.21543144
0.00837660 -0.00791665 1.23311299
0.00237274 -0.01716921 1.22200210
-0.00364088 -0.01692726 1.21926371
0.00437088 -0.01525430 1.22730478
-0.00715953 -0.01950962 1.21547302
-0.01013750 -0.01608520 1.21843683
-0.00937157 -0.01558380 1.22300960
-0.00980312 -0.02119586 1.21009692
-0.01276687 -0.01680210 1.21187437
-0.00071593 -0.01897216 1.21287845
-0.00547391 -0.01796188 1.20791973
-0.00728239 -0.02315187 1.20601061
-0.00674224 -0.01161662 1.20427999
-0.01026025 -0.01348544 1.19785212
-0.00593971 -0.01485392 1.20036344
-0.00566610 -0.01701729 1.20112423
-0.00747570 -0.01398276 1.19921486
-0.00387539 -0.01480687 1.18821485
-0.00718036 -0.01817357 1.18879244
-0.00379470 -0.01499610 1.18201959
-0.00789595 -0.01377848 1.18318412
-0.01080562 -0.01701895 1.17992463
-0.00869210 -0.01568934 1.18105621
-0.01554740 -0.01250708 1.16719019
0.00144806 -0.00963589 1.18000000
-0.01397135 -0.01447547 1.16968134
0.00043315 -0.01550136 1.18131072
-0.00029050 -0.01625863 1.17834969
-0.00141393 -0.01147699 1.17986879
0.00216363 -0.01364347 1.17432026
0.00328757 -0.01482301 1.17556906
-0.00289452 -0.01486581 1.16474371
-0.00037797 -0.01235815 1.16295469
-0.00496217 -0.01236488 1.16520050
-0.00564884 -0.01742615 1.16391947
-0.00340839 -0.01476173 1.16305943
0.00032143 -0.01594954 1.15699317
-0.00536221 -0.01557652 1.15231658
-0.00744789 -0.02022234 1.15071116
-0.01153687 -0.01968450 1.15085983
-0.00710440 -0.01635624 1.15491702
-0.00314646 -0.01386657 1.15229385
-0.00677269 -0.01498028 1.15006211
0.00452073 -0.01567231 1.15701542
-0.00021463 -0.01219742 1.14626303
-0.00261800 -0.01688889 1.14928919
-0.00968892 -0.01698195 1.13704077
-0.00893109 -0.01563438 1.13880788
-0.00950445 -0.01471938 1.13819200
-0.00903038 -0.01698763 1.13669299
-0.00235879 -0.01459157 1.13075651
-0.00181013 -0.01508516 1.13173812
-0.00689036 -0.01245603 1.12895259
-0.00446040 -0.01319422 1.13518714
-0.00645402 -0.01194486 1.12344909
-0.00400174 -0.00968175 1.11718969
-0.00560175 -0.01231935 1.10975034
-0.00231469 -0.02094331 1.10121822
-0.00635739 -0.01721396 1.08431754
-0.00368149 -0.02023336 1.07437914
-0.00513357 -0.01841228 1.05255891
-0.00045738 -0.02001294 1.04214955
-0.00907190 -0.01882242 1.03250381
-0.00398369 -0.01722020 1.02455390
-0.00818846 -0.02266899 1.01341617
-0.00569331 -0.01607158 1.00321257
-0.00007315 -0.02260955 0.99784651
-0.00413274 -0.01721600 0.97372846
-0.00595409 -0.01674314 0.96032160
-0.00795089 -0.01712296 0.94245399
-0.00574441 -0.01557697 0.93109795
-0.00475837 -0.01463361 0.90966880
0.00300185 -0.01567217 0.89088633
0.00008510 -0.01308291 0.87172890
0.00185011 -0.01343642 0.85802289
0.00734367 -0.00704422 0.84900202
0.00856450 -0.00775398 0.83480303
-0.00024670 -0.01269003 0.81205143
0.00048697 -0.01239184 0.79508484
-0.00523651 -0.01764427 0.77284648
0.00752321 -0.01930753 0.76142212
0.00511480 -0.01706516 0.73697741
0.01224287 -0.00978217 0.71489760
0.00261681 -0.01263399 0.68750872
0.00810225 -0.00891617 0.66676992
0.01267593 -0.00149299 0.63505621
0.01703081 0.00802092 0.61574536
0.01584328 0.00512361 0.59942028
0.01866458 0.00499651 0.58119754
0.02110594 -0.00533260 0.56737218
0.02382715 -0.00468751 0.56074127
0.02423494 0.00668542 0.56288212
0.02903501 -0.00310346 0.56184570
0.02726771 -0.00372713 0.54670554
0.03748488 -0.00242520 0.55409333
0.03877824 -0.00081506 0.55020734
0.02911404 -0.00174216 0.53926676
0.03656800 0.00001135 0.53333566
0.04105845 -0.00353158 0.52819272
0.03608579 0.00176062 0.53100503
0.05940850 -0.00813115 0.50746829
0.03630852 -0.00268091 0.52655124
0.04084638 0.00006298 0.53127471
0.05402021 -0.00166496 0.52705805
0.02695760 -0.00784919 0.53992109
0.03309406 -0.00637113 0.53054395
0.02155631 -0.00857089 0.54419147
0.02931782 -0.01138979 0.55576720
0.05214654 -0.00800563 0.53019710
0.04493526 -0.00134748 0.52623678
0.04036265 -0.00021011 0.53662627
0.03904363 -0.00335406 0.54986988
0.04241130 -0.00012980 0.55679617
0.05011440 -0.01134277 0.56099359
0.05706557 -0.01205273 0.56792200
0.06084021 -0.00532917 0.56875156
0.05058957 0.00064468 0.57720346
0.02543080 -0.00876049 0.57066457
0.04031144 -0.00948583 0.59083076
0.05138410 -0.00710218 0.62473359
0.04979354 -0.00598443 0.63297040
0.05157501 0.00081364 0.68006668
0.04532456 0.00073298 0.69365554
0.05002234 -0.00284996 0.71239355
0.03317560 0.00219655 0.73419784
0.02960869 -0.00538886 0.74932160
0.02748216 -0.00032400 0.76679016
0.02205649 -0.00191400 0.78726561
0.02345554 -0.00058559 0.80748601
0.03194508 -0.00178685 0.82469667
0.00901840 -0.00919106 0.84241513
0.01616418 -0.00376833 0.86432391
-0.00036411 -0.00460586 0.88220085
0.00153983 -0.00616648 0.88527199
0.00592540 -0.00450949 0.90418995
0.00019781 -0.00186196 0.92431724
-0.00226170 -0.00422430 0.93427620
-0.00399245 -0.00272819 0.95601354
-0.00752599 -0.00021933 0.97172571
-0.00926562 -0.00260620 0.98911039
-0.00910105 0.00070870 1.00821357
-0.00583503 -0.00011395 1.01689336
-0.00089006 0.00383028 1.03696036
-0.00349761 0.00069875 1.04743495
-0.01029875 -0.00377620 1.06207131
-0.00183610 -0.00438539 1.06530110
-0.00493889 -0.00417644 1.07048101
0.00192976 -0.00382744 1.07572780
-0.00766367 -0.01018819 1.06568512
-0.00130860 -0.00971167 1.08300687
-0.00609944 -0.01163247 1.07638917
0.01881261 0.00026120 1.11464541
0.01004030 -0.01017899 1.09051022
0.00717821 -0.00642074 1.09277454
0.00780510 -0.00605827 1.08177962
-0.00034511 -0.00559692 1.09223559
-0.00449025 -0.00832445 1.09076109
-0.00417577 -0.01052043 1.09026414
-0.00769595 -0.01347435 1.08280654
-0.01441045 -0.01351034 1.06768263
-0.00059262 -0.00895599 1.07560244
-0.00213655 -0.01897926 1.07449857
-0.00753471 -0.01085587 1.06296433
-0.00354990 -0.01319381 1.06597394
-0.01045340 -0.01189986 1.04795555
-0.00845451 -0.01631614 1.04658247
-0.00553027 -0.01253930 1.04385908
-0.00090216 -0.01191282 1.04144415
0.00638610 -0.00951209 1.02730835
0.00075625 -0.01171102 1.02135670
-0.00576439 -0.00899759 1.02639355
-0.07354065 -0.00637225 1.05130301
0.05106999 -0.04256743 1.03752204
-0.02453935 -0.01623389 1.04729519
0.06809101 -0.08645527 1.02036844
0.05120730 -0.04296849 1.01864051
-0.02013867 -0.02367045 1.02713002
0.02280149 -0.08482442 1.01824711
0.00221143 -0.02333757 1.01481259
0.00994824 -0.03102645 1.02535924
-0.01404933 -0.02316399 1.01900454
0.00209583 -0.05112873 1.03323573
-0.01849049 -0.01741777 1.02591307
-0.01374440 -0.00940180 1.02646357
-0.02382102 -0.01118268 1.03707471
-0.01914744 -0.01174777 1.03809768
-0.01498510 -0.00889714 1.05530665
-0.00179164 -0.01222498 1.06097792
-0.00649881 0.00069169 1.07256377
-0.00028829 -0.00244401 1.07922943
0.00259415 -0.00659073 1.09379281
-0.00546694 -0.00488344 1.07848015
-0.00256836 -0.00642265 1.08772489
0.00593717 -0.00172798 1.11968795
0.00053836 -0.00233995 1.11763444
0.00344347 -0.00164799 1.13716734
0.00222622 -0.00114322 1.14217616
0.00546570 -0.00240742 1.15532245
0.01628857 0.00482788 1.16796405
0.00691711 0.00176968 1.16987338
0.00033114 0.00236867 1.18188590
0.00008823 0.00578410 1.19339961
-0.00795796 -0.00887911 1.18718163
-0.01371092 -0.01448207 1.18337844
-0.01192639 -0.01798027 1.18345249
-0.00654447 -0.01159116 1.20330057
-0.00217076 -0.00890059 1.20940526
-0.00559152 -0.01372955 1.20706501
-0.00542303 -0.01199048 1.20802943
-0.00381148 -0.01443095 1.20283195
0.00384875 -0.00140106 1.20094617
-0.01677436 -0.01161217 1.19700913
-0.00939703 -0.01118769 1.20405993
-0.00397382 -0.01024794 1.20280236
-0.00310428 -0.01290703 1.18894979
-0.00548502 -0.01027657 1.19802279
-0.01204377 -0.01130294 1.18030980
-0.01444908 -0.01017167 1.18957078
-0.01496719 -0.01186416 1.18522088
-0.00884815 -0.01215023 1.17558805
-0.00457694 -0.00961680 1.17229288
0.00486935 -0.01000666 1.16953247
-0.00719772 -0.01561685 1.15900051
-0.01387042 -0.01060089 1.13227794
-0.00334605 -0.00052993 1.15133738
-0.00593961 0.00183024 1.16013065
-0.00584026 0.00206067 1.15178921
0.02055971 -0.00158268 1.16639259
-0.00368306 -0.01422762 1.12856216
-0.01051790 -0.02342565 1.06926335
-0.00187726 -0.01623348 1.07249978
-0.00189327 -0.01777616 1.05820321
-0.00438094 -0.01775834 1.04462068
-0.00708982 -0.02037319 1.02436536
-0.00425643 -0.01662090 1.02508912
-0.00689219 -0.01874500 1.01721660
-0.00527623 -0.01334373 1.01356320
-0.00432210 -0.01185089 1.01704362
-0.00751478 -0.01373413 1.01554700
-0.00839611 -0.01365310 1.00981464
-0.00745200 -0.01076133 1.01312558
-0.01335607 -0.01338657 1.01471211
-0.00110468 -0.00840336 1.00820482
-0.00516987 -0.00937814 1.01008518
-0.00299178 -0.01508616 1.02694911
-0.01208198 -0.01402629 1.02012143
-0.01939304 -0.01612540 1.03358396
0.00325512 -0.00723353 1.04553663
-0.02422070 -0.01965265 1.04832127
-0.00356648 -0.01251468 1.05115645
-0.00788940 -0.00505037 1.05751317
-0.01792587 -0.01110589 1.06927403
-0.01537916 -0.00996944 1.07450165
-0.02895740 -0.01138417 1.09153874
-0.01606999 -0.01568955 1.09218889
-0.00916492 -0.00438071 1.08615245
-0.01079398 -0.00417255 1.10420884
-0.01854661 -0.00381233 1.10998777
-0.01784379 -0.00091271 1.12623496
-0.01051027 -0.00222999 1.13878225
-0.01313962 -0.00014375 1.13524445
-0.00891808 -0.00322692 1.13392538
-0.01129216 -0.00663766 1.13819177
-0.00508607 -0.01018332 1.14879171
-0.00668809 -0.00863306 1.12129669
0.00082925 -0.00800194 1.13630218
0.00592110 -0.00723444 1.14802325
0.00232350 -0.00639094 1.14841056
0.00155641 -0.00786905 1.14556484
-0.00150970 -0.00236390 1.15609641
0.00566356 -0.01069403 1.15192820
0.01020679 -0.01016462 1.16148381
0.00580967 -0.01567361 1.15908696
-0.00135472 -0.01417220 1.14094547
-0.01826788 -0.01797850 1.11625299
-0.01215669 -0.01509077 1.13045799
-0.00948172 -0.01457309 1.14513988
-0.00532486 -0.01475371 1.14852073
-0.00840881 -0.01019964 1.15524880
-0.00777546 -0.01547932 1.14320096
-0.00774248 -0.01293502 1.13982849
-0.01356667 -0.00172330 1.14964551
-0.00825871 -0.01250812 1.12224638
-0.00583712 -0.00784654 1.13079044
-0.01089880 -0.00794827 1.12890993
-0.00773833 -0.01684258 1.10919383
0.00513054 -0.01004677 1.11355698
