0.01764648 -0.01328163 0.99975607
-0.00281692 -0.01088525 0.99993679
0.00459070 -0.01851439 0.99981805
-0.02116811 -0.01178521 0.99970647
-0.03212882 -0.01000752 0.99943363
-0.00249536 -0.01057195 0.99994100
-0.01128897 -0.00834862 0.99990143
-0.01064287 -0.01899395 0.99976295
-0.00519692 -0.01396530 0.99988898
-0.00792367 -0.01231945 0.99989272
-0.00294582 -0.00924527 0.99995292
0.00229609 -0.02817398 0.99960040
0.00234032 -0.01261022 0.99991775
-0.00835439 -0.01462615 0.99985813
0.00300645 -0.01807435 0.99983213
-0.00162293 -0.01513480 0.99988415
0.00436781 -0.01332604 0.99990166
-0.00755020 -0.01438978 0.99986796
-0.01178848 -0.01040819 0.99987634
0.00004913 -0.01043818 0.99994552
-0.00029804 -0.01145712 0.99993432
-0.00825410 -0.02079332 0.99974972
-0.01356076 -0.01761204 0.99975293
-0.01082519 -0.01196555 0.99986981
-0.01116363 -0.01854969 0.99976561
0.00473743 -0.02103993 0.99976741
-0.01896162 -0.00858354 0.99978337
0.00685237 -0.01770225 0.99981982
-0.01438516 -0.01057476 0.99984061
-0.00413987 -0.01220330 0.99991697
-0.05657927 -0.01639509 0.99826349
-0.02825433 -0.00113913 0.99960012
-0.04162418 -0.00860123 0.99909632
-0.00870852 -0.01688866 0.99981945
-0.00199460 -0.00858792 0.99996113
0.00464581 -0.00474616 0.99997794
-0.01368095 -0.01377322 0.99981155
-0.01795893 -0.01697012 0.99969470
-0.04259193 -0.01191064 0.99902155
-0.02478324 -0.00435786 0.99968335
-0.01200637 -0.00247159 0.99992487
-0.01504760 -0.01829453 0.99971940
-0.00598522 -0.01590097 0.99985566
-0.02145366 0.00033939 0.99976979
0.07148571 -0.02238944 0.99719031
0.00286579 -0.01910777 0.99981332
0.00889155 -0.01843793 0.99979047
0.00082485 -0.00428438 0.99999048
-0.01280192 -0.01799665 0.99975609
0.00497957 -0.01605614 0.99985869
-0.01184286 -0.00447973 0.99991984
-0.01511384 -0.01501702 0.99977300
-0.02134434 -0.01444604 0.99966781
-0.01675037 -0.01358837 0.99976736
-0.01445274 -0.01684006 0.99975373
-0.01144729 -0.02046261 0.99972508
-0.00320289 -0.01868738 0.99982025
-0.01860927 -0.00623299 0.99980740
-0.00424511 -0.01854873 0.99981895
-0.00894232 -0.01111515 0.99989824
-0.05381292 0.00444708 0.99854113
-0.02197420 -0.00844254 0.99972289
0.00741637 -0.01278981 0.99989070
-0.00234243 -0.01051224 0.99994200
-0.01068796 -0.00954561 0.99989732
-0.00310323 -0.00787930 0.99996414
-0.00361576 -0.00887801 0.99995405
-0.00383042 -0.01509915 0.99987866
-0.00051903 -0.01230761 0.99992412
-0.00545580 -0.01343218 0.99989490
0.00115319 -0.01845473 0.99982903
0.02028069 -0.01106173 0.99973313
-0.00930997 -0.00423831 0.99994768
-0.00741238 -0.01279547 0.99989066
-0.01229361 -0.01522327 0.99980854
-0.00990893 -0.01019087 0.99989897
-0.00315867 -0.02109870 0.99977241
-0.01975302 -0.01473579 0.99969629
-0.01950018 -0.00901190 0.99976924
-0.00370187 -0.00503188 0.99998049
-0.00126935 -0.01110208 0.99993756
-0.00951133 -0.01960512 0.99976256
-0.00415579 -0.01232172 0.99991545
-0.00838425 -0.01276410 0.99988338
-0.00142557 -0.01173584 0.99993012
0.00064643 -0.01245829 0.99992218
-0.00281971 -0.00937754 0.99995205
-0.01572387 -0.01415214 0.99977621
-0.00772986 -0.01274555 0.99988889
-0.02754338 -0.01078645 0.99956241
0.00267805 -0.00727026 0.99996999
0.00892126 -0.01136038 0.99989567
0.00049017 -0.00690364 0.99997605
-0.02522458 -0.01922190 0.99949699
-0.01332673 -0.01498709 0.99979887
-0.02005864 -0.00737444 0.99977161
-0.00140764 -0.01449415 0.99989396
-0.00201583 -0.01260015 0.99991858
-0.00373074 -0.01625385 0.99986094
-0.00225047 -0.01495568 0.99988562
-0.01418455 -0.01322775 0.99981190
-0.00064102 -0.01840686 0.99983037
-0.00470004 -0.01361845 0.99989622
-0.02175939 -0.00754982 0.99973473
-0.01173897 -0.01099460 0.99987065
0.00352273 -0.01189309 0.99992307
-0.00664390 -0.01329477 0.99988955
-0.00818606 -0.00957444 0.99992066
-0.00955986 -0.01610961 0.99982453
0.01926688 -0.00143216 0.99981335
-0.00715742 -0.01365514 0.99988115
-0.00691672 -0.01756530 0.99982179
0.00126334 -0.00645830 0.99997835
-0.01130386 -0.00698032 0.99991175
-0.01914297 -0.01258609 0.99973753
-0.00666930 -0.01634010 0.99984425
-0.00031396 -0.01057515 0.99994403
-0.00392234 -0.01400271 0.99989426
-0.01399613 -0.01245967 0.99982442
0.00968076 -0.00942322 0.99990874
0.00117686 -0.01448774 0.99989435
-0.00645937 -0.01794937 0.99981803
-0.00511583 -0.01344658 0.99989650
-0.02285884 -0.02973249 0.99929648
0.00379553 -0.01243015 0.99991554
-0.00600900 -0.00973582 0.99993455
-0.00944075 -0.00861555 0.99991832
0.00375139 -0.00975800 0.99994535
-0.02754000 -0.01853400 0.99944887
-0.00156216 -0.00535803 0.99998443
0.00019748 -0.00973946 0.99995255
-0.01491056 -0.01361290 0.99979616
-0.00732166 -0.01003642 0.99992283
-0.04704002 -0.02411735 0.99860182
-0.03639777 -0.01927209 0.99915153
-0.00545456 -0.01470765 0.99987696
0.00249663 -0.00399347 0.99998891
0.00235002 -0.00119837 0.99999652
-0.01190880 -0.01640799 0.99979446
-0.01620333 -0.01876789 0.99969256
-0.01077849 -0.02028092 0.99973622
-0.02032305 -0.01400852 0.99969532
0.00585284 -0.00679241 0.99995980
-0.00640004 -0.01055802 0.99992378
-0.00195857 -0.01884646 0.99982047
-0.00726359 -0.01862754 0.99980011
-0.00520250 -0.01634889 0.99985281
-0.00859000 -0.01500482 0.99985052
0.00292276 -0.00908662 0.99995444
0.00375865 -0.01435534 0.99988989
-0.00095020 -0.01135867 0.99993504
-0.02003472 -0.00529413 0.99978527
-0.00258000 -0.01673988 0.99985655
-0.00807703 -0.02367547 0.99968707
-0.01198643 -0.00582511 0.99991119
-0.00464835 -0.01025348 0.99993663
-0.00332221 -0.00839799 0.99995922
-0.00522666 -0.00760343 0.99995743
0.00578113 -0.00298176 0.99997884
0.01029571 -0.00937120 0.99990308
-0.00089996 -0.01753962 0.99984576
0.00373183 -0.01309969 0.99990723
0.00519108 -0.00917140 0.99994447
-0.00358431 -0.01605016 0.99986476
-0.00618735 -0.01340440 0.99989101
-0.01073876 -0.01500137 0.99982980
-0.00709475 -0.01154160 0.99990822
-0.01322559 -0.00848772 0.99987651
-0.03673738 -0.00910139 0.99928351
0.01378610 -0.00688924 0.99988123
-0.00155348 -0.01089014 0.99993949
-0.00234471 -0.01202679 0.99992493
0.00413302 -0.01778243 0.99983334
-0.00481324 -0.01587807 0.99986235
-0.01127238 -0.01432223 0.99983389
0.00041390 -0.00836858 0.99996490
-0.01744077 -0.01892280 0.99966882
-0.00508532 -0.01324303 0.99989938
-0.00347745 -0.01304897 0.99990881
-0.00797112 -0.01616057 0.99983764
0.00128676 -0.00937771 0.99995520
0.00699160 -0.01167330 0.99990742
0.00128428 -0.00417378 0.99999047
-0.02785577 -0.00417016 0.99960325
-0.00291942 -0.01248994 0.99991774
-0.00585101 -0.00906724 0.99994177
-0.00863452 -0.01034187 0.99990924
0.00346648 -0.01846235 0.99982355
-0.01235482 -0.01730876 0.99977386
-0.01240154 -0.01264858 0.99984310
-0.01357844 -0.01835255 0.99973937
-0.00921588 -0.00546357 0.99994261
-0.01431326 -0.01657620 0.99976015
0.02086366 -0.00619070 0.99976316
-0.03213244 -0.00963781 0.99943715
-0.00453354 -0.00511922 0.99997662
-0.01938374 -0.01594349 0.99968499
-0.01494604 -0.02324347 0.99961811
-0.00209247 -0.01132255 0.99993371
-0.00157678 -0.01136542 0.99993417
-0.00891628 -0.01641464 0.99982551
0.00229809 -0.01180359 0.99992769
-0.00333965 -0.01300907 0.99990980
0.00497658 -0.00471519 0.99997650
-0.00069007 -0.00998077 0.99994995
-0.00356967 -0.01398546 0.99989583
-0.00388866 -0.00999851 0.99994245
-0.00260141 -0.01149130 0.99993059
-0.01975031 -0.01712925 0.99965820
-0.02132559 -0.00995493 0.99972302
-0.01064339 -0.01160391 0.99987603
-0.00705900 -0.01087048 0.99991600
-0.00554039 -0.01195973 0.99991313
-0.00550403 -0.01050667 0.99992966
-0.00310478 -0.00724891 0.99996891
-0.00643684 -0.02452163 0.99967858
-0.01131810 -0.00828897 0.99990159
-0.00621212 -0.01523159 0.99986470
-0.02334010 -0.00858103 0.99969075
0.00685671 -0.00695804 0.99995228
0.00057171 -0.01419573 0.99989907
0.00083335 -0.00395467 0.99999183
-0.01139828 -0.01101772 0.99987434
-0.01417322 -0.01403472 0.99980105
-0.01657941 -0.00864151 0.99982521
-0.00258495 -0.00989860 0.99994767
-0.00422128 -0.00634302 0.99997097
-0.01205591 -0.00395971 0.99991948
-0.00161395 -0.01808629 0.99983513
-0.00363343 -0.01229162 0.99991785
-0.00440644 -0.01455132 0.99988441
0.00465792 -0.01351205 0.99989786
-0.00411731 -0.01247041 0.99991376
-0.01129643 -0.01300661 0.99985160
0.00128944 -0.01496980 0.99988711
-0.01456866 -0.01287402 0.99981099
-0.00309154 -0.01034807 0.99994168
0.00140047 -0.01062273 0.99994260
-0.00033882 -0.01411906 0.99990026
-0.01645005 -0.01732900 0.99971451
-0.00948715 -0.01261967 0.99987536
-0.01095160 -0.00874575 0.99990178
-0.01034845 -0.01204692 0.99987388
-0.01586924 -0.03068686 0.99940306
-0.00961803 -0.01890399 0.99977504
-0.00980003 -0.01045523 0.99989732
-0.00594833 -0.00786498 0.99995138
-0.00278966 -0.01441129 0.99989226
-0.00550578 -0.02165411 0.99975036
-0.00365899 -0.01619889 0.99986209
0.00560377 -0.00696386 0.99996005
-0.01204982 -0.00885426 0.99988820
-0.00649448 -0.01429960 0.99987666
-0.01819715 -0.02155779 0.99960198
0.00523413 -0.01333306 0.99989741
0.00334249 -0.00943742 0.99994988
-0.02455354 -0.00789031 0.99966738
-0.00608070 -0.01783612 0.99982243
-0.00882932 -0.00987780 0.99991223
0.00804131 -0.01046117 0.99991295
-0.00197093 -0.01202713 0.99992573
0.01135997 -0.01946795 0.99974594
-0.01384380 -0.01779128 0.99974588
-0.01139197 -0.00553889 0.99991977
-0.01027047 -0.01967928 0.99975359
0.00857448 -0.01673126 0.99982326
-0.00813504 -0.01003216 0.99991658
-0.01531668 -0.02535997 0.99956104
-0.00980851 -0.01462715 0.99984491
-0.00534489 -0.01396164 0.99988825
-0.00620471 -0.01656583 0.99984353
-0.00839993 -0.01862037 0.99979134
0.00209934 -0.01566960 0.99987502
-0.01151165 -0.01768243 0.99977738
-0.00576479 -0.01174533 0.99991440
0.00820772 -0.02876339 0.99955255
0.00463030 -0.01741635 0.99983760
-0.00630819 -0.01712395 0.99983347
-0.01300767 -0.02247741 0.99966273
-0.00436563 -0.00737326 0.99996329
-0.01477792 -0.01682740 0.99974919
0.00002675 -0.01098272 0.99993969
-0.01097713 -0.01446092 0.99983518
-0.00761034 -0.01562864 0.99984890
-0.01850590 -0.02096604 0.99960890
-0.07021366 -0.01240352 0.99745486
-0.00506481 -0.02295498 0.99972367
0.00678631 -0.01462729 0.99986999
-0.00268152 -0.01497849 0.99988422
-0.01615651 -0.02363483 0.99959010
-0.02348784 -0.02744628 0.99934730
0.00421004 -0.01196864 0.99991951
-0.02119335 -0.01650803 0.99963910
0.00003934 -0.01634133 0.99986647
-0.00781158 -0.02037164 0.99976196
-0.00182931 -0.01495648 0.99988647
-0.00474838 -0.01113485 0.99992673
0.00443062 -0.00951460 0.99994492
0.00349819 -0.02449891 0.99969374
-0.01901538 -0.03147830 0.99932354
-0.01322026 -0.01981564 0.99971624
-0.01439461 -0.02485477 0.99958743
0.01514466 -0.01562911 0.99976316
0.00889149 -0.01367414 0.99986697
-0.01248281 -0.01771423 0.99976517
-0.01463951 -0.01419397 0.99979209
-0.01091315 -0.01636554 0.99980652
-0.01195477 -0.00439794 0.99991887
-0.00015045 -0.01248302 0.99992207
-0.01868091 -0.01697372 0.99968141
-0.00878269 -0.01304474 0.99987634
0.00114833 -0.01600043 0.99987133
-0.00028985 -0.01556902 0.99987875
-0.01359484 -0.01504351 0.99979442
0.02620718 -0.01079676 0.99959823
-0.00685906 -0.01636730 0.99984252
-0.00029091 -0.02148103 0.99976921
-0.00671267 -0.02475939 0.99967090
-0.00641732 -0.00488851 0.99996746
-0.01183650 -0.00945946 0.99988520
-0.00677216 -0.02306574 0.99971101
0.00923747 -0.02751369 0.99957874
0.00235802 -0.01932647 0.99981045
-0.00099668 -0.01085657 0.99994057
0.00267685 -0.01001350 0.99994628
-0.00153383 -0.00856260 0.99996216
0.02151787 -0.00920152 0.99972612
-0.00271833 -0.00900038 0.99995580
-0.00192587 -0.01222914 0.99992337
0.00915647 -0.00826510 0.99992392
-0.00278418 -0.01122163 0.99993316
-0.05843907 0.00839667 0.99825566
-0.00109595 0.00749217 0.99997133
-0.00996252 -0.00107084 0.99994980
-0.00783697 -0.01114527 0.99990718
-0.00316762 -0.01459117 0.99988853
0.01229305 -0.01404792 0.99982575
0.00023597 -0.01348449 0.99990905
0.00608765 -0.01250078 0.99990333
-0.02866710 -0.00125351 0.99958823
-0.00608533 -0.01462321 0.99987456
-0.02687123 -0.01222203 0.99956418
0.00532208 -0.00857404 0.99994908
0.00145484 -0.01478423 0.99988965
-0.00438454 -0.01589872 0.99986399
0.00453694 -0.01646075 0.99985422
0.00081941 -0.01552396 0.99987916
-0.00155218 -0.01582309 0.99987360
-0.01137590 -0.01954356 0.99974429
0.00763212 -0.00874216 0.99993266
-0.00813145 -0.01363917 0.99987392
0.00629322 -0.01542301 0.99986125
-0.00094232 -0.01340766 0.99990967
-0.00539925 -0.01334341 0.99989640
0.00073954 -0.01001294 0.99994960
0.00407465 -0.00849464 0.99995562
0.00760648 -0.01453796 0.99986539
-0.01231880 -0.01116418 0.99986179
-0.00217649 -0.01845108 0.99982740
-0.02688795 -0.00852904 0.99960207
-0.00157081 -0.01050033 0.99994364
-0.00235246 -0.01266466 0.99991703
-0.00457488 -0.01013415 0.99993818
-0.00452603 -0.01478036 0.99988052
-0.00223110 -0.01266910 0.99991725
0.00545004 -0.00985945 0.99993654
-0.01942817 -0.00778965 0.99978091
-0.01039914 -0.01131500 0.99988191
0.00231402 -0.00625903 0.99997773
0.00863243 -0.01387000 0.99986654
-0.00445787 -0.01467027 0.99988245
0.03289180 -0.02325956 0.99918823
-0.03867459 0.00041538 0.99925177
0.01093259 -0.01699407 0.99979582
-0.00796210 -0.01258273 0.99988913
-0.02995927 -0.01661904 0.99941295
0.03043457 -0.01415255 0.99943656
0.00002274 -0.01325344 0.99991217
-0.00231059 -0.02384542 0.99971299
-0.01692116 -0.00943712 0.99981229
-0.01538513 0.00116611 0.99988096
0.00230748 -0.01824054 0.99983096
0.00830909 -0.00246267 0.99996245
0.01041510 -0.02182645 0.99970752
0.01579174 -0.00634860 0.99985515
-0.00158117 -0.00754934 0.99997025
0.02471647 -0.01166036 0.99962650
0.01694294 -0.01282019 0.99977426
0.02137579 -0.00849481 0.99973542
-0.00045689 -0.00585197 0.99998277
-0.00530520 -0.00448940 0.99997585
0.01324032 -0.01413850 0.99981238
-0.01661516 -0.00457726 0.99985148
-0.01379377 -0.00416116 0.99989620
0.02170641 -0.01400179 0.99966633
0.00922307 -0.00996816 0.99990778
-0.00900662 -0.00859983 0.99992246
-0.00625103 -0.00101246 0.99997995
0.00472013 -0.01221792 0.99991422
0.01234191 -0.01364575 0.99983072
0.01478500 -0.02368190 0.99961021
-0.04395692 0.00372124 0.99902650
-0.00076404 -0.01151473 0.99993341
-0.02578406 -0.00233092 0.99966482
0.01091143 -0.01260038 0.99986108
0.01832701 -0.01201436 0.99975986
-0.00653941 -0.00864002 0.99994129
-0.00221179 -0.01072500 0.99994004
0.00593908 -0.01251526 0.99990404
-0.00239606 -0.00747346 0.99996920
-0.00422684 -0.01135671 0.99992658
0.03301128 -0.02172003 0.99921894
-0.01813830 -0.00848807 0.99979946
0.00080822 -0.01391847 0.99990281
-0.00465543 -0.01360091 0.99989667
0.00115448 -0.00584080 0.99998228
0.00320976 -0.01102935 0.99993402
0.00693298 -0.01056857 0.99992012
0.01181094 -0.00709338 0.99990509
0.02551289 -0.01261306 0.99959492
-0.03025907 0.00398520 0.99953414
-0.00819346 -0.00662403 0.99994449
-0.00335564 -0.01436191 0.99989123
-0.00392995 -0.01404703 0.99989361
-0.00077992 -0.00915656 0.99995777
-0.00131078 -0.01171744 0.99993049
0.02528623 -0.01666971 0.99954126
-0.01183413 -0.01012953 0.99987867
-0.00503078 -0.01589143 0.99986107
0.03545159 -0.02222021 0.99912434
-0.00433784 -0.01806737 0.99982736
-0.00718860 -0.01105243 0.99991308
-0.01283622 -0.01128911 0.99985388
-0.02173778 -0.01523276 0.99964765
0.01128377 -0.00857913 0.99989953
-0.00339374 -0.01973755 0.99979944
0.02144894 -0.00873431 0.99973179
0.01479410 -0.01779863 0.99973214
-0.00651040 -0.01782722 0.99981989
-0.03639653 -0.00924839 0.99929463
0.00596644 -0.02977731 0.99953875
0.01124889 -0.02251685 0.99968318
-0.00762059 -0.01869412 0.99979621
0.03387102 -0.01562231 0.99930411
-0.00706571 -0.02315881 0.99970683
-0.00280660 -0.01917042 0.99981229
-0.02673459 -0.01673276 0.99950251
-0.01593623 -0.01388942 0.99977654
-0.00165335 -0.01397279 0.99990101
-0.01228741 -0.01337422 0.99983506
0.00574073 -0.01644832 0.99984824
0.05329121 -0.03876126 0.99782644
-0.03001485 -0.01661988 0.99941127
-0.06026332 -0.00143816 0.99818148
0.00657909 -0.02496057 0.99966679
0.04705390 -0.01486221 0.99878178
0.03927098 -0.00339048 0.99922285
-0.04048585 -0.01632754 0.99904670
0.00924429 -0.02430795 0.99966178
-0.01597456 -0.01808763 0.99970878
0.00256805 -0.03436813 0.99940594
-0.09159768 0.01268137 0.99571534
-0.00399755 -0.02817298 0.99959507
0.03472600 -0.03194006 0.99888635
0.00565052 -0.01007901 0.99993324
0.00838678 -0.03839864 0.99922730
-0.00937706 -0.01615352 0.99982555
0.00147634 -0.03100158 0.99951825
-0.02175955 -0.01122980 0.99970016
-0.07589730 0.00109237 0.99711504
0.00792436 -0.01090544 0.99990913
0.01915274 -0.01443883 0.99971231
-0.00728187 -0.03007802 0.99952103
-0.00559984 -0.03349103 0.99942333
0.01912591 -0.03587510 0.99917325
-0.01775529 0.00339294 0.99983661
-0.03186325 -0.02403833 0.99920313
-0.00762480 -0.01196042 0.99989940
0.00990500 -0.01127266 0.99988740
-0.06038186 -0.02082674 0.99795805
0.00910835 -0.00552769 0.99994324
0.00219207 -0.01754194 0.99984373
-0.00283033 -0.00671169 0.99997347
-0.01795958 -0.01840262 0.99966934
0.05240853 -0.02669181 0.99826895
-0.06980889 -0.00492311 0.99754824
-0.01537277 -0.01596086 0.99975443
0.00254931 0.00453893 0.99998645
0.03234497 -0.00237915 0.99947393
-0.06761933 -0.03267817 0.99717589
