0.00000000 0.00000000 0.00000000
-0.02272909 -0.03692614 1.90595263
-0.01616708 -0.02773911 1.91141888
-0.01153973 -0.02757076 1.90816601
-0.01876916 -0.01747301 1.92373011
-0.01104338 -0.02852077 1.92622465
-0.01659788 -0.02697569 1.88880817
-0.01622587 -0.02275559 1.91625520
-0.01253525 -0.02525655 1.90229815
-0.00863966 -0.02292819 1.88869451
-0.00522799 -0.03487185 1.93044469
0.00153719 -0.02501452 1.91486207
-0.00745793 -0.03362818 1.90291739
-0.01445869 -0.02550250 1.91241443
-0.02385911 -0.05872922 1.86546668
-0.03050441 -0.04687244 1.87073817
-0.02088495 -0.02739277 1.86538042
-0.03286838 -0.02060422 1.86536734
-0.00713862 -0.01254498 1.92675357
-0.02363483 -0.01984404 1.89689586
-0.01174789 -0.02162989 1.90948809
-0.01576198 -0.02482629 1.90500366
-0.03096042 -0.01558218 1.86833077
-0.01937882 -0.01555468 1.93488474
-0.01012898 0.04371343 2.01118154
-0.01036212 -0.09572209 1.89343109
-0.01035652 0.01272349 1.93207409
-0.00771775 -0.05412205 1.88011723
-0.04949530 -0.01349745 1.87249684
-0.07001542 -0.02840680 2.02581341
-0.07523794 -0.04355070 1.94009882
-0.14304089 -0.02732133 2.14863106
-0.13647348 -0.02389049 2.08243262
0.01171977 -0.02643722 1.81219380
-0.00994635 -0.05955934 1.91876169
-0.00261634 0.00481610 1.92044470
-0.17869829 -0.09536872 2.15796965
-0.00873074 -0.02608030 1.92017060
-0.08034647 -0.03393708 2.01897833
0.00487642 -0.03653643 1.89568972
-0.06294089 -0.02678871 2.02466493
-0.09171474 0.03905864 2.07313572
-0.12306632 -0.05662289 2.15391035
0.00651316 -0.02420812 1.78508148
-0.02156094 -0.03542579 1.91878165
-0.04009073 -0.02367991 1.89421747
-0.02775722 -0.03895525 1.96353521
-0.08245846 -0.00701566 1.98761048
-0.03390969 -0.01994019 2.02604590
-0.02546144 -0.02036844 1.99669618
-0.06658155 0.04649313 2.02895855
0.00720024 -0.03062957 1.99795072
-0.01096125 -0.07730949 1.97041271
-0.00381095 -0.00178105 1.99772024
-0.02639994 -0.01695554 1.95516221
-0.02209839 -0.02019330 1.91798773
-0.00445836 -0.01485235 1.96197872
-0.01340388 -0.01313809 1.95356978
-0.02423080 -0.02128334 1.95534642
-0.01718782 -0.01775481 1.95277685
-0.01171118 -0.02101764 1.94314957
-0.01666207 -0.02594221 1.93795355
-0.01651402 -0.02693913 1.92987411
-0.01902955 -0.01772025 1.96589845
-0.05820646 -0.01595824 1.89036320
-0.02382286 -0.02385551 1.97737483
-0.05213966 -0.01709282 1.92835586
-0.03165267 -0.01420587 1.96673141
-0.01543559 -0.02453489 1.99321278
-0.00031534 -0.02249465 2.00167268
-0.00891707 -0.02884578 1.97004698
-0.02608578 -0.02291615 1.96749145
-0.02196237 -0.02117421 1.98107899
-0.01208258 0.00647701 2.05024218
-0.00940263 -0.02491449 1.99438825
-0.01285092 -0.02152230 1.98116094
-0.02520047 -0.01794541 2.00008189
-0.02532842 0.00242339 2.04930460
-0.01387349 -0.02506051 2.01582246
-0.01411444 -0.01820690 1.99619735
-0.01527343 -0.02261952 1.98482227
-0.01723503 -0.02277897 2.01341753
-0.01633457 -0.02075544 2.01122891
0.00323963 -0.02097860 2.02847159
-0.01376062 -0.02591115 2.00567635
-0.01568715 -0.02921147 1.99331402
-0.02035974 -0.02084650 1.99545969
-0.02072711 -0.03185912 2.01629592
-0.01006760 -0.02827853 1.99987547
-0.02289393 -0.02484577 1.99988692
-0.01926871 -0.02588910 1.99492579
-0.00908306 -0.02351236 1.99917638
-0.02099680 -0.02259672 1.99223074
-0.02169390 -0.02819241 1.98635437
-0.01328161 -0.03182920 2.00584839
-0.01179867 -0.03098020 1.99838584
-0.01893589 -0.01890754 1.99713979
-0.01574730 -0.02531504 2.00134503
-0.01701477 -0.03364328 1.98854607
-0.01359867 -0.03007369 1.98739899
-0.00960694 -0.02641975 2.00224536
-0.00882328 -0.02845562 1.99372423
-0.00529214 -0.02843360 1.98957111
-0.02346093 -0.02688125 1.97739821
-0.00959130 -0.02613060 1.99118130
-0.00620910 -0.02529096 1.98947522
-0.03372985 -0.03161097 2.02166980
-0.02171854 -0.02482806 2.00047428
-0.01113313 -0.03032683 1.99381852
-0.02080124 -0.02283619 2.00362413
-0.02661807 -0.02433854 1.99756429
-0.02978172 -0.02903270 2.01733884
-0.02539245 -0.02461633 2.01781588
-0.01792432 -0.02643489 2.01275740
-0.03678032 -0.02067398 2.04441340
-0.01530588 -0.02003347 1.99703773
-0.02236202 -0.01662475 2.02556941
-0.01205987 -0.02536057 1.99317185
-0.00721809 -0.03111515 1.99253388
-0.01724442 -0.02421258 2.01005890
-0.01452169 -0.02183417 2.00772075
-0.01292409 -0.02553986 2.01420600
-0.00830658 -0.02555864 1.99079074
-0.01385741 -0.02098266 2.02871648
-0.00927141 -0.02497499 2.00153996
-0.01546305 -0.02609018 2.01630049
-0.01539734 -0.02410063 2.03002492
-0.01898748 -0.02429456 2.00381758
-0.01642922 -0.02347275 2.01735873
-0.01412790 -0.02297884 2.00714400
-0.02207740 -0.01954782 2.05263342
-0.01559572 -0.02619387 2.00223987
-0.02007486 -0.02128223 2.03178723
-0.01690954 -0.02430517 2.01281029
-0.02196424 -0.02610345 2.02629196
-0.02667750 -0.02258081 2.03675745
-0.01714760 -0.02294412 2.03158891
-0.02153980 -0.02172386 2.02333859
-0.01668194 -0.02112554 2.02855547
-0.01283655 -0.02184941 2.01186404
-0.00565077 -0.03231061 2.00988581
-0.01461771 -0.02695787 1.99738561
-0.01029855 -0.03369636 1.99865155
-0.00921778 -0.03363884 1.99820505
-0.01894979 -0.02677206 2.00716133
-0.02359688 -0.03032642 2.03470466
-0.01620745 -0.03482745 2.02675847
-0.01709726 -0.02078613 2.02746652
-0.01541755 -0.01956591 2.03194907
-0.01685334 -0.02844586 2.02376448
-0.01357242 -0.02307843 2.02016904
-0.01990135 -0.02219721 2.01577776
-0.01590531 -0.02560282 2.01866407
-0.02552649 -0.03660180 2.02814249
-0.02210818 -0.03257995 2.01931337
-0.01009452 -0.02290972 2.01056708
-0.01979386 -0.02733904 2.01384935
-0.01785488 -0.02696418 2.01061377
-0.01652980 -0.02882105 2.00911649
-0.01761208 -0.03926108 2.02391381
-0.01893435 -0.02252324 1.98823332
-0.00613114 -0.01631741 2.01338774
-0.02001873 -0.01868052 2.00433906
-0.02828620 -0.02985743 1.98029075
-0.01478089 -0.05110464 1.99173455
-0.01352557 -0.06368991 1.98089291
-0.01664914 -0.02030578 2.01087845
-0.01581503 -0.04217414 2.00231231
-0.00650495 -0.04260511 2.02508561
-0.00559528 -0.03252556 1.98413421
-0.01740085 -0.02989405 1.97368528
-0.02243652 -0.04271777 1.99486608
-0.02981816 -0.04409609 1.93505365
-0.07576922 -0.02879020 1.74816529
-0.00926272 -0.03262874 2.00565969
-0.02021693 -0.02318108 1.98400243
-0.02052671 -0.02932543 1.98973529
-0.01483597 -0.02930150 2.00487377
0.00017942 -0.00884144 2.04156007
0.00019821 -0.02839459 2.05158414
-0.08169203 -0.03237035 1.77723019
-0.01473726 -0.02611559 1.98455791
-0.01441489 -0.02674792 1.99872280
-0.03021096 -0.02945964 2.00218663
-0.02961880 -0.04469206 2.00025003
-0.02441832 -0.04035200 1.97993193
-0.02111852 -0.02585238 1.99559423
-0.02089707 -0.02607559 1.99617586
-0.01909173 -0.05846571 1.98717402
-0.00353696 -0.01596053 2.03059383
-0.02596849 -0.03769635 1.97086146
-0.02519691 -0.03993826 1.97371406
-0.00465665 -0.02538858 2.06662345
-0.02793037 -0.03382941 2.01661951
-0.02938580 -0.03298835 2.02003889
-0.00665882 -0.03508395 2.03766317
-0.02655895 -0.05004144 1.99433410
-0.02213304 -0.03608988 2.00046838
-0.02573031 -0.04901065 1.98622018
-0.02708369 -0.03020305 2.00247715
-0.01014790 -0.02815102 2.02452112
-0.01942881 -0.04185646 1.97384533
-0.02074607 -0.02860004 1.94166870
0.02302084 0.08090745 2.17379005
-0.02732978 -0.05199644 1.98519879
-0.04777211 -0.05695465 1.96387503
-0.01482370 -0.02693693 2.00917839
-0.04954535 -0.03847913 1.92179695
-0.00962562 -0.02369051 2.00666296
-0.00128806 -0.01995200 2.05027168
-0.02304171 -0.03064483 1.99710578
-0.03504871 -0.05460319 1.95204503
-0.05907182 -0.02419890 1.65472706
-0.03413932 -0.03540455 1.97980369
-0.01902397 -0.02702485 1.99538906
-0.02395761 -0.04537084 2.00523586
-0.02995938 -0.04481359 1.95541330
-0.01599412 -0.04451277 2.02034137
-0.03198767 -0.05751182 1.95353758
-0.02501331 -0.02530276 1.98594499
-0.01779589 -0.03249193 1.97246622
-0.03028160 -0.03444133 1.95365358
-0.02922893 -0.04564537 1.95962605
-0.05191556 -0.04319411 1.93784524
-0.03019785 -0.06292221 1.96996815
-0.02845260 -0.04994828 1.99973831
-0.02915804 -0.03407498 1.97074738
-0.03948051 -0.03137758 1.91350009
-0.04036364 -0.04080994 1.94191412
-0.01686859 -0.03475520 1.99770988
-0.09628109 -0.05236181 1.81086843
-0.09386981 -0.02632691 1.82330576
-0.02320147 -0.06531627 1.95776641
-0.00592383 -0.04127245 2.02498129
-0.04571702 -0.06746933 1.90360765
-0.03531661 -0.05143822 1.94460406
-0.05720012 -0.03353147 1.77989805
-0.05127380 -0.06949617 1.92136982
0.01440894 -0.00768741 2.04420717
-0.03322976 -0.03525339 1.96046655
-0.01522783 -0.04085708 1.98309266
-0.02673856 -0.03289382 1.97190899
-0.04338145 -0.05192174 1.93211431
-0.02713312 -0.04733808 1.93299516
-0.04799229 -0.06406924 1.90871806
0.04496051 -0.01231073 2.16180716
-0.04841215 -0.02544700 1.87018628
0.02061049 -0.02549065 2.04246651
-0.02559436 -0.02741769 1.95785164
-0.03678184 -0.05757172 1.88899191
-0.03158864 -0.04283105 1.96093567
0.13487427 -0.01395475 2.48524738
-0.02503503 -0.03227855 1.96101673
-0.01991027 -0.03657016 1.95828222
-0.03169127 -0.07341855 1.97626278
-0.03959956 -0.05414702 1.93804560
-0.01981642 -0.03475769 1.96540759
-0.01164408 -0.02384983 1.97775989
-0.03512580 -0.04883755 1.93509069
-0.04783639 -0.07104036 1.89935983
-0.06806716 -0.06392927 1.86214176
-0.01901052 -0.02659986 1.95094146
-0.02221061 -0.04416169 1.91782945
-0.03326631 -0.04289526 1.93556862
-0.04902838 -0.31380696 1.74757501
-0.01342168 -0.02677323 1.97416831
-0.03587743 -0.03559901 1.89645546
-0.00897109 -0.02807084 1.98699991
-0.01829397 -0.03829145 1.90463868
-0.00678668 -0.02518797 1.97411022
-0.00817016 -0.03034399 1.95942342
-0.02023958 -0.03410221 1.88562117
0.00041895 -0.02256937 1.96029797
-0.01683777 -0.03051320 1.86313502
-0.01845779 -0.03767393 1.91243567
-0.04002982 -0.03078372 1.87191450
-0.05710110 -0.04832778 1.86395895
-0.05629575 -0.02341618 1.81157014
-0.01997453 -0.03417254 1.92419931
-0.01812721 -0.01159321 1.83457321
0.02326582 -0.03051412 2.04840229
-0.00890257 -0.02658669 1.89686921
-0.01065826 -0.02803071 1.87777073
-0.01429734 -0.02060903 1.89760185
-0.02833032 -0.01726815 1.82275027
-0.02943056 -0.02214535 1.85157446
-0.02209849 -0.02081203 1.82644302
-0.01528948 -0.02459586 1.84741252
-0.02304732 -0.01717879 1.88070597
-0.01424470 -0.03045831 1.83817059
-0.02078060 -0.02669435 1.82382225
-0.01370769 -0.02606813 1.82619220
-0.00780052 -0.02413956 1.84756036
-0.03625543 -0.02599677 1.73867735
-0.02301853 -0.02939749 1.78410851
-0.01604843 -0.02458263 1.78728865
-0.00757858 -0.02406725 1.83787826
0.00612032 -0.02349755 1.85325986
-0.02653723 -0.02646623 1.76654333
-0.05664431 -0.01231779 1.68894698
-0.04311656 -0.02840093 1.73668644
-0.01702169 -0.02104618 1.81165069
-0.02213045 -0.02023591 1.75701365
-0.02747030 -0.01534442 1.75885102
-0.03145202 -0.03039238 1.78157581
-0.03133726 -0.03040753 1.74814761
-0.09497796 -0.02068637 1.68156535
-0.03143193 -0.02423302 1.75833646
-0.03023372 -0.02753327 1.75306945
-0.03451756 -0.03641416 1.72922762
-0.02157613 -0.04759379 1.73811021
-0.02693900 -0.00427385 1.82539752
-0.01798064 -0.03022672 1.76104257
-0.00635959 -0.11518489 1.80158115
-0.01814484 -0.02338937 1.75744472
-0.01617089 -0.02514156 1.77451927
-0.01416820 0.00236957 1.76487509
-0.00558882 -0.10134387 1.78891669
-0.01997857 -0.01900832 1.73879660
-0.00423094 -0.02145833 1.74291433
-0.01337768 -0.01493191 1.74332394
-0.02214940 0.05306465 1.73360711
0.00055114 -0.03986516 1.74414411
-0.00486285 -0.02416405 1.73974251
-0.00851789 -0.03352382 1.73999489
-0.01246109 -0.02478704 1.72666175
-0.01114978 -0.02079175 1.72442159
-0.01369153 0.06570957 1.73630883
-0.00925898 -0.02524274 1.74164813
-0.01405485 -0.01743412 1.76722009
-0.00736058 -0.01734086 1.74112293
0.00274287 -0.04616419 1.72616110
0.00972315 -0.02891372 1.75392144
-0.00339195 -0.03539331 1.73849818
0.00376448 -0.02464736 1.72680416
-0.01022361 -0.02344101 1.68857157
0.00190562 -0.02989061 1.72342102
0.00101656 -0.02871085 1.73719113
-0.01064252 -0.01962238 1.70026454
-0.01249715 -0.02652736 1.74754694
-0.01210163 -0.02272560 1.75734730
-0.00932610 -0.02029837 1.69639631
-0.01399890 -0.02386914 1.71040453
-0.00880044 -0.02095013 1.72233066
-0.01789812 -0.03008683 1.70469552
0.00080542 -0.02960718 1.70910571
-0.01403132 -0.02759428 1.70084636
-0.01212028 -0.02605578 1.68859227
-0.00661395 -0.02349302 1.68300654
-0.00782700 -0.02201005 1.67682462
-0.00722932 -0.02530806 1.68516300
-0.00590283 -0.01631236 1.70014985
-0.00283271 -0.02665881 1.66616638
-0.01131751 -0.00934656 1.69065953
-0.00590875 -0.01358925 1.69284618
-0.02214106 -0.02498253 1.66091800
-0.00699414 -0.01381978 1.65565374
-0.00635880 -0.02870621 1.65351234
0.00378211 -0.02615303 1.64990280
-0.01303858 -0.04151292 1.58227856
-0.01015756 -0.02691600 1.63163482
-0.01714151 -0.03515156 1.61310402
-0.01060528 -0.02895169 1.60419303
-0.01379464 -0.02239772 1.62612403
-0.00798845 -0.01549288 1.61793709
-0.02726472 -0.01126882 1.61962345
-0.02793873 -0.01386279 1.63967839
-0.02348091 -0.01638541 1.59427434
-0.01070809 -0.01602170 1.60826690
-0.00493453 -0.01326424 1.60985210
-0.01404952 0.02401748 1.70898294
-0.03034178 0.02831265 1.69681561
-0.01134165 -0.01860027 1.57435371
-0.02432006 -0.01061968 1.56486087
-0.01737974 -0.01242655 1.54024358
-0.00508306 -0.01497392 1.58855986
-0.00043249 -0.00509705 1.57803109
-0.00505514 -0.01647262 1.57294386
-0.00231531 -0.01387646 1.58104143
0.02210169 -0.00490098 1.56707278
-0.00610269 -0.02490980 1.56869119
-0.00206169 -0.02053891 1.57070424
-0.00664173 -0.01236132 1.55727542
-0.01431346 -0.00602355 1.57981803
0.00649380 -0.00771799 1.59251686
-0.00369221 -0.00925447 1.57506779
0.00760606 -0.01839952 1.55639328
-0.00189232 -0.00913551 1.58066927
0.00185621 -0.02135294 1.56799855
-0.00649205 -0.01289621 1.56563030
-0.00745535 -0.01817658 1.54616338
-0.00760161 -0.01576456 1.58155467
-0.01070868 -0.03369341 1.55784737
-0.05042356 -0.03750250 1.42211673
-0.02549627 -0.03366770 1.48782234
-0.00904563 -0.02899541 1.55834903
-0.00296655 -0.02190558 1.57855283
-0.00909283 -0.02019936 1.55980434
-0.01661501 -0.03299513 1.56670218
-0.00564534 -0.02385312 1.59690796
-0.02193127 -0.03176672 1.57199169
-0.02024293 -0.02688175 1.61105409
-0.01540763 -0.01677168 1.57740777
-0.01766469 -0.03357597 1.54141229
-0.01316912 -0.02484977 1.60833591
-0.00944301 -0.02456586 1.60324118
-0.01887023 -0.03616662 1.58886485
-0.01011493 -0.02619972 1.60712385
-0.01104997 -0.02729153 1.60893016
-0.01082883 -0.01622531 1.62707554
-0.01580990 -0.01650367 1.65564676
-0.01384103 -0.01542824 1.62069888
-0.03160566 -0.02925446 1.61078728
-0.02070877 -0.03324382 1.59112683
-0.01832629 -0.05434494 1.58321900
-0.02929927 -0.04611114 1.59029035
-0.01375643 -0.02508789 1.63805678
-0.01144723 -0.01615288 1.65537405
-0.02134976 -0.01906933 1.64659224
-0.01123367 -0.02256622 1.64788293
-0.02276236 -0.01699020 1.67235938
-0.01675093 -0.02628278 1.64928009
-0.03068601 -0.04238989 1.62098840
-0.02125885 -0.03395895 1.63485461
-0.01556920 -0.02066043 1.69781838
-0.01625010 -0.02819732 1.64573744
-0.01367840 -0.03059282 1.65100605
-0.01626018 -0.04510690 1.61446057
-0.00886626 -0.02895259 1.65688122
-0.01497745 -0.03525985 1.65215922
-0.00976467 -0.02037194 1.64839078
-0.00705832 -0.02523482 1.64909236
-0.00344548 -0.03022586 1.61318896
-0.01240968 -0.03518800 1.58228385
-0.01893696 -0.03526164 1.57496182
-0.00826817 -0.02508407 1.55443737
-0.01524038 -0.00338540 1.54369295
-0.00757069 -0.01183314 1.52206536
-0.00554747 -0.02392166 1.47616372
-0.01266623 -0.02749842 1.43991635
-0.01359861 -0.02528228 1.42095285
-0.00793359 -0.02188983 1.39323058
-0.01775976 -0.04652787 1.33856058
0.00407052 0.00068676 1.39813577
-0.01080086 -0.01785231 1.33412661
-0.00926576 -0.02789961 1.27220343
-0.01083991 -0.00841087 1.27311205
-0.01610669 -0.00013666 1.26332833
-0.01507202 -0.00846277 1.24056858
-0.01615918 -0.01471174 1.21286226
-0.01505733 -0.02273286 1.17427867
-0.01326400 -0.02069850 1.12634313
-0.00474745 -0.01955015 1.10578673
-0.00950453 -0.03943689 1.06252526
-0.00341868 -0.01455845 1.08053966
-0.00492757 -0.01749443 1.05371466
-0.00336336 -0.01629537 1.03617869
-0.01698579 -0.02505228 0.99939258
-0.01565979 -0.02245859 0.98305591
-0.01581113 -0.01837805 0.96204302
-0.02082367 -0.01148276 0.94863461
-0.01277590 -0.01224669 0.92042163
-0.01000976 -0.01757583 0.90270387
-0.01701605 -0.01941976 0.88205628
-0.01656510 -0.01364983 0.85169329
-0.02256535 -0.01377341 0.83889671
-0.01489678 -0.00887337 0.80166740
-0.01989000 -0.01142357 0.78144766
-0.01736300 -0.00718811 0.75106758
-0.02474457 -0.01258361 0.74018665
-0.00563510 -0.01408676 0.68959404
-0.02077865 -0.00858142 0.68473796
-0.00347876 -0.03657250 0.63746107
-0.01805406 -0.01768462 0.64026366
-0.00484413 -0.00706127 0.62249392
-0.00267841 -0.01452313 0.58664258
-0.00264215 -0.01577035 0.58945871
-0.00277197 -0.00658768 0.57190246
-0.00571048 -0.01129791 0.57077633
-0.00117705 -0.01814284 0.54134491
-0.00052907 -0.01877694 0.52387512
-0.00244884 -0.00518962 0.51453381
0.00679843 -0.01433719 0.47387026
-0.01217981 -0.01408702 0.48300130
-0.00944550 -0.01034402 0.46072667
-0.00650977 -0.00857455 0.44650533
0.00309910 -0.01981996 0.41571631
0.00018642 -0.00694709 0.41862616
-0.00042630 -0.00813742 0.39953157
-0.01006375 -0.01350593 0.39113949
