-0.02834723 -0.01914778 0.99941473
-0.02385602 -0.00780815 0.99968491
-0.02274338 -0.00939042 0.99969723
0.02994286 -0.01695008 0.99940788
0.07709160 -0.01360861 0.99693114
-0.00759598 -0.00010845 0.99997114
0.04225766 0.01028670 0.99905379
0.00595430 -0.01515454 0.99986743
0.01907886 0.00753381 0.99978960
0.03278872 -0.01530263 0.99934515
-0.01381946 -0.00676067 0.99988165
0.01036471 -0.01367523 0.99985277
0.00707607 -0.01630137 0.99984208
-0.00552951 -0.03629039 0.99932599
0.00716085 -0.01424746 0.99987286
0.03755798 -0.01702473 0.99914942
-0.00151336 -0.00264614 0.99999535
0.00871038 -0.02703754 0.99959647
0.00049696 0.01396130 0.99990241
0.01003168 -0.01130999 0.99988572
-0.00699357 -0.01298542 0.99989123
0.02440931 -0.00843118 0.99966649
0.00984212 -0.01795480 0.99979036
0.00791069 -0.00509883 0.99995571
-0.02180147 -0.02773982 0.99937741
-0.00037560 0.00237009 0.99999712
0.01454512 -0.00480393 0.99988267
0.01398895 -0.00370325 0.99989529
-0.01191951 -0.00924216 0.99988625
-0.01428637 -0.00874807 0.99985968
-0.00505137 -0.02138360 0.99975858
-0.00318199 -0.01951447 0.99980451
-0.00520656 -0.01138789 0.99992160
-0.02886217 -0.02012599 0.99938077
-0.01548986 -0.00927885 0.99983697
0.00527963 -0.00698477 0.99996167
-0.00473811 -0.01217517 0.99991465
-0.03026867 -0.01560818 0.99941993
0.01262978 -0.01816175 0.99975529
-0.01326617 0.00009043 0.99991200
0.01682792 -0.03119350 0.99937170
-0.00561320 -0.02489463 0.99967432
0.00331641 -0.01426182 0.99989280
0.00436929 -0.00423027 0.99998151
-0.02255221 0.00072940 0.99974540
0.03264283 -0.01707949 0.99932114
-0.02356353 -0.01025544 0.99966974
-0.02105438 -0.00095131 0.99977788
0.01309899 -0.01052524 0.99985881
-0.00533324 -0.01672025 0.99984598
-0.00838469 -0.00550969 0.99994967
-0.02001537 -0.02752812 0.99942063
-0.00258523 -0.01228594 0.99992118
-0.01161945 -0.01588744 0.99980627
0.00010990 -0.01679584 0.99985893
0.05041574 0.01632436 0.99859490
0.00286103 0.02329344 0.99972458
-0.00385036 -0.05403364 0.99853169
-0.01578927 -0.05010476 0.99861915
0.02466790 0.00790285 0.99966446
0.00785670 -0.00379594 0.99996193
0.01192498 0.00248695 0.99992580
0.00485164 -0.01636004 0.99985439
-0.00493091 -0.01593284 0.99986091
0.03075110 0.00559900 0.99951139
0.00209272 -0.02387108 0.99971285
-0.01928089 -0.01129559 0.99975030
0.02923017 -0.01348583 0.99948173
0.06363862 -0.00891958 0.99793315
0.01125513 -0.00985067 0.99988814
0.01710016 -0.00598092 0.99983589
-0.00132659 -0.00230893 0.99999645
0.01726277 -0.00412066 0.99984250
0.00488231 0.00911722 0.99994652
0.00389779 0.01019976 0.99994038
-0.01280618 -0.00765732 0.99988868
0.01711211 -0.00900284 0.99981304
-0.02128786 -0.00872447 0.99973532
0.01635698 -0.00880502 0.99982745
0.04735076 0.02180342 0.99864033
-0.02259844 -0.01003465 0.99969426
-0.09402604 -0.04499000 0.99455267
-0.05235348 -0.03131234 0.99813759
0.03838747 -0.01383553 0.99916714
0.03374577 0.00694901 0.99940629
0.02042699 0.01819075 0.99962585
0.01422229 -0.02422481 0.99960536
0.01447849 -0.02863149 0.99948517
-0.07440095 -0.03663160 0.99655538
0.00704732 -0.00681141 0.99995197
0.03840971 -0.00409655 0.99925368
-0.02156430 -0.01027445 0.99971467
0.00428296 -0.02505797 0.99967683
0.01433913 -0.00993711 0.99984781
0.04251736 -0.02285286 0.99883433
-0.05763156 0.02162583 0.99810367
-0.00134074 -0.01177327 0.99992979
0.00505162 -0.02836267 0.99958493
0.04616951 0.01424325 0.99883207
0.02518908 -0.01685967 0.99954053
-0.01073014 -0.01332744 0.99985361
-0.02020940 -0.02541317 0.99947274
-0.02885883 -0.00583345 0.99956648
-0.01338836 -0.01027012 0.99985763
-0.00602716 -0.02037538 0.99977423
-0.00833052 -0.01836891 0.99979657
-0.01018103 -0.00748179 0.99992018
0.00061215 -0.02896581 0.99958022
0.01133915 -0.02427067 0.99964111
0.02724052 -0.04038341 0.99881286
0.01974136 -0.02496359 0.99949342
0.06070583 -0.00365324 0.99814902
-0.02001871 0.01052388 0.99974422
-0.03164891 -0.00116092 0.99949837
-0.04608226 -0.05249296 0.99755747
0.02571645 -0.01149804 0.99960315
0.01062680 -0.00890753 0.99990386
-0.01579338 -0.02666703 0.99951960
-0.03718953 -0.01612470 0.99917813
-0.02765820 -0.02889164 0.99919983
0.00004077 -0.00189397 0.99999821
0.03218746 -0.01513820 0.99936720
-0.01256061 -0.01137051 0.99985646
-0.02984494 -0.00867910 0.99951686
-0.00219777 -0.01726006 0.99984862
0.00917933 -0.01644282 0.99982267
-0.00348411 -0.02776239 0.99960848
0.01430632 -0.02991183 0.99945015
-0.01697206 -0.00768947 0.99982640
0.00808509 -0.02329688 0.99969590
-0.00274221 -0.01524138 0.99988008
0.00532741 -0.02132332 0.99975844
-0.00267401 -0.00647166 0.99997548
-0.00649036 -0.01158226 0.99991186
-0.01460832 -0.01874270 0.99971761
0.00421046 -0.01845878 0.99982076
0.00439870 -0.00610627 0.99997168
-0.00877574 -0.02452002 0.99966082
-0.02384103 -0.02156702 0.99948310
-0.00227820 -0.01248556 0.99991946
0.02767265 -0.01015619 0.99956544
-0.03663518 -0.01918227 0.99914459
-0.02819342 -0.00815592 0.99956921
-0.00074471 -0.02268824 0.99974231
0.00245937 -0.01345883 0.99990640
-0.02098621 -0.00070803 0.99977951
0.06823938 0.01627257 0.99753626
-0.05764743 -0.02498417 0.99802433
0.04707946 -0.01741443 0.99873934
-0.01126024 -0.00575837 0.99992002
-0.02143976 -0.00510563 0.99975711
0.01230311 0.02056467 0.99971282
0.00780099 -0.01322538 0.99988211
-0.02874973 0.00029993 0.99958660
0.01179104 -0.00014841 0.99993047
0.02006274 -0.02204930 0.99955556
0.01361614 -0.01352226 0.99981586
-0.00307728 -0.01599689 0.99986731
0.00308539 -0.01120916 0.99993242
-0.06059775 0.00072806 0.99816200
-0.00421490 -0.01063394 0.99993457
-0.00836430 -0.01824898 0.99979849
-0.02472584 -0.00392318 0.99968657
0.01716315 -0.03613235 0.99919962
-0.00073147 -0.02627574 0.99965447
0.01513531 -0.01486570 0.99977494
0.00172326 -0.01360159 0.99990601
0.01805250 -0.00655080 0.99981558
0.01163906 -0.00458827 0.99992174
0.03210594 -0.00813236 0.99945139
0.00505201 -0.01304430 0.99990216
-0.00400301 -0.01452255 0.99988653
0.00554530 -0.01896205 0.99980483
-0.00441009 -0.00753712 0.99996187
-0.01137837 -0.00339746 0.99992949
-0.02554478 -0.01900163 0.99949307
-0.01176720 -0.00350340 0.99992463
0.00038755 -0.00823347 0.99996603
-0.01540537 -0.02636038 0.99953379
-0.01164079 -0.02081701 0.99971553
-0.05220042 -0.02220703 0.99838969
0.00578187 -0.01358874 0.99989095
0.01265412 0.00220846 0.99991749
-0.00905158 -0.00820295 0.99992539
0.02390347 -0.01538208 0.99959593
-0.00231868 -0.00802895 0.99996508
-0.03890443 -0.00637695 0.99922259
-0.00874218 -0.00925931 0.99991892
-0.00465094 -0.00415384 0.99998056
-0.01116250 -0.00742761 0.99991011
-0.00206638 0.00376367 0.99999078
0.00944864 -0.00614649 0.99993647
0.05589469 0.00981713 0.99838841
0.00686567 0.00158636 0.99997517
-0.02420922 -0.02589665 0.99937144
-0.04255603 0.00007425 0.99909408
-0.02023038 -0.01974708 0.99960031
0.00517436 0.00149923 0.99998549
0.00422090 -0.01043786 0.99993662
-0.00973308 -0.00576455 0.99993602
-0.04491150 -0.00096943 0.99899050
-0.00978017 -0.02685056 0.99959161
-0.00581580 -0.01209263 0.99990997
-0.01393834 -0.01588702 0.99977664
-0.02069088 -0.02575816 0.99945405
-0.01504156 0.00701973 0.99986223
-0.04257231 -0.01380140 0.99899806
-0.06194524 -0.03129510 0.99758879
-0.01769216 -0.00690267 0.99981965
0.04795560 -0.01323013 0.99876185
-0.02394159 -0.02183267 0.99947493
0.01128919 -0.00546968 0.99992132
-0.03055128 -0.00507818 0.99952030
-0.01613836 0.00940445 0.99982554
-0.02653153 -0.00716774 0.99962228
-0.02082961 -0.01147268 0.99971721
-0.01118925 -0.00887836 0.99989798
-0.03785777 -0.01505677 0.99916970
-0.05009064 -0.00977773 0.99869681
0.02407062 -0.00283818 0.99970623
-0.02933791 0.00382480 0.99956223
-0.03394311 0.00507660 0.99941087
-0.01985698 -0.00083566 0.99980248
-0.01800186 0.00112321 0.99983732
-0.03615524 -0.01858416 0.99917337
-0.04212493 -0.01295060 0.99902841
-0.03159280 -0.01401434 0.99940257
-0.01400738 -0.01362379 0.99980907
-0.00670393 -0.00628614 0.99995777
-0.00397904 0.01573698 0.99986825
-0.03488180 -0.02128430 0.99916477
-0.01485993 -0.02764661 0.99950730
-0.01244126 -0.02558494 0.99959523
-0.01922939 -0.01458630 0.99970869
0.05268252 0.03074792 0.99813782
-0.03987463 -0.00496553 0.99919235
-0.03234663 -0.01105833 0.99941553
-0.04825778 -0.00419627 0.99882610
-0.03964898 -0.01922970 0.99902862
-0.00450544 -0.01831650 0.99982209
-0.03340125 -0.01705700 0.99929646
-0.04525478 0.00119371 0.99897476
-0.00667472 -0.00694288 0.99995362
-0.00441527 -0.01677227 0.99984959
-0.03159853 -0.00387146 0.99949314
-0.04940771 -0.01703603 0.99863339
-0.01383683 -0.00639670 0.99988381
0.08381105 -0.01311729 0.99639533
-0.05945874 -0.00117859 0.99823007
-0.01082248 -0.01783918 0.99978229
-0.01943525 -0.00776362 0.99978097
0.04894260 0.01332127 0.99871275
0.01005580 -0.05169180 0.99861246
0.03523948 0.00645688 0.99935804
0.02070972 -0.02526454 0.99946626
0.06712316 -0.01787596 0.99758455
0.17975896 -0.03759117 0.98299218
-0.02656370 0.01103025 0.99958627
-0.00489780 -0.01632793 0.99985469
0.00873571 -0.05066022 0.99867774
-0.02563135 0.00389670 0.99966387
-0.04575481 -0.01874559 0.99877680
0.02490047 -0.02299365 0.99942546
-0.09458938 -0.02266910 0.99525824
-0.00679537 -0.00309589 0.99997212
0.02860124 -0.00950316 0.99954573
-0.01648189 -0.00704535 0.99983934
-0.01344183 -0.02682676 0.99954972
0.00942925 -0.02231084 0.99970661
-0.00644162 -0.02193586 0.99973863
-0.01566373 -0.00929491 0.99983411
-0.01297746 -0.01666539 0.99977690
0.00136698 -0.01885740 0.99982125
-0.03116694 -0.01056055 0.99945840
0.00265732 -0.04627428 0.99892524
0.00260720 -0.00603624 0.99997838
-0.00321750 -0.02393261 0.99970840
0.02506611 -0.04701102 0.99857982
0.00582720 0.00542115 0.99996833
0.00915280 -0.02545919 0.99963396
0.03940807 -0.04964471 0.99798918
-0.01017499 -0.01130640 0.99988431
0.00573714 -0.02752719 0.99960459
0.01040041 -0.03413040 0.99936327
0.03180973 -0.02640567 0.99914508
0.00706207 -0.03571348 0.99933712
-0.01985859 -0.04911260 0.99859581
-0.02700315 -0.04161088 0.99876892
-0.07476721 -0.03740361 0.99649929
-0.09029821 -0.06320286 0.99390726
-0.07228486 -0.01948737 0.99719363
-0.09959684 -0.01375396 0.99493281
-0.09387383 0.02416498 0.99529079
-0.12262400 -0.02903588 0.99202836
-0.15136100 -0.06251951 0.98649945
-0.14605321 -0.01959772 0.98908260
-0.12770108 -0.01790806 0.99165102
-0.11660888 -0.02774996 0.99279016
-0.19433050 0.01090314 0.98087552
-0.10642151 0.02887737 0.99390169
-0.04644232 -0.00021206 0.99892095
-0.10370474 -0.03270223 0.99407036
-0.10386726 -0.01156358 0.99452394
-0.12921337 -0.01886479 0.99143735
-0.14327023 -0.06898311 0.98727654
-0.12457851 0.03208416 0.99169088
-0.14591454 0.01986799 0.98909767
-0.14637941 -0.02023338 0.98902158
-0.06848239 0.05184557 0.99630427
-0.11798504 -0.02033706 0.99280710
-0.08102463 -0.01880244 0.99653473
-0.19094661 -0.00024490 0.98160039
-0.10933903 0.01324620 0.99391625
-0.12160786 0.00096017 0.99257776
-0.20247769 -0.01237059 0.97920874
-0.08203652 -0.03949064 0.99584662
-0.07158473 -0.00548993 0.99741941
-0.04974457 -0.00238637 0.99875912
-0.06495491 0.00340446 0.99788239
-0.07115715 0.00561367 0.99744932
-0.01028127 -0.01512217 0.99983279
-0.01739946 -0.01802893 0.99968606
-0.04883251 -0.00335732 0.99880134
-0.03781241 -0.00276000 0.99928104
-0.00094950 -0.01001270 0.99994942
-0.02495676 -0.01158674 0.99962138
-0.00372609 -0.00771217 0.99996332
-0.02974323 -0.00448037 0.99954753
-0.03002830 0.00694718 0.99952491
0.01336584 0.00746851 0.99988278
0.01370202 -0.00564000 0.99989022
-0.02603078 -0.00849057 0.99962508
-0.03402169 -0.03451085 0.99882507
0.00043281 -0.01961783 0.99980746
-0.00075186 -0.00350888 0.99999356
-0.03650069 -0.02002264 0.99913302
0.00906544 0.00748046 0.99993093
-0.04139857 -0.02106569 0.99892061
-0.00114680 -0.01086545 0.99994031
0.00625868 -0.02421206 0.99968725
-0.02012476 -0.00983024 0.99974915
0.01205646 -0.00549551 0.99991222
0.01934600 -0.02308637 0.99954627
0.00688563 -0.00493478 0.99996412
-0.01263024 -0.02620325 0.99957684
0.01968256 -0.00134707 0.99980537
0.04349939 -0.00096341 0.99905299
0.01336600 -0.02615111 0.99956864
-0.01576895 -0.02260335 0.99962014
0.02395598 -0.02706011 0.99934672
0.01959544 -0.01540336 0.99968933
0.00149780 -0.00989767 0.99994990
-0.00363752 -0.01571450 0.99986990
-0.01036631 -0.02180595 0.99970848
-0.00919398 -0.00803571 0.99992545
0.02043455 -0.00411927 0.99978271
-0.00099072 -0.00003144 0.99999951
-0.03833829 -0.00228562 0.99926220
-0.00494385 -0.01047952 0.99993287
-0.01329756 -0.01153341 0.99984507
-0.01081100 -0.01343170 0.99985134
0.00233200 -0.01268757 0.99991679
-0.01250731 -0.02015237 0.99971869
-0.00238903 -0.00639894 0.99997667
0.01064135 -0.00272815 0.99993966
0.01414360 -0.00369762 0.99989314
0.00751868 -0.02210068 0.99972748
-0.00424991 -0.01318964 0.99990398
-0.03628272 -0.00585526 0.99932441
0.01089003 0.00328966 0.99993529
-0.01420464 -0.00936180 0.99985528
0.01888533 -0.00397643 0.99981375
0.01140111 -0.00752265 0.99990671
0.01237132 -0.01639474 0.99978906
-0.02496883 -0.00021634 0.99968821
0.01121136 -0.01558410 0.99981570
-0.00877235 -0.01368573 0.99986786
-0.01126377 -0.01917190 0.99975275
-0.01568638 -0.01604537 0.99974821
0.01414159 -0.00771216 0.99987026
0.01598841 -0.00271350 0.99986850
0.01140041 -0.01846631 0.99976449
-0.00071901 -0.01355975 0.99990780
-0.04693498 -0.02989566 0.99845048
0.02104992 -0.02981376 0.99933380
-0.02065805 -0.01218915 0.99971229
-0.01204527 -0.01269169 0.99984690
-0.00451019 0.00785360 0.99995899
-0.01118342 -0.01255663 0.99985862
0.00674688 -0.01185622 0.99990695
0.02725916 -0.02272281 0.99937011
0.00218652 0.00379730 0.99999040
-0.00639238 -0.00061648 0.99997938
-0.00498317 -0.01101789 0.99992688
-0.00726294 -0.02451678 0.99967304
0.00232542 -0.02115056 0.99977360
-0.00336621 -0.01382778 0.99989873
-0.01323047 -0.02362358 0.99963337
-0.01069854 -0.00897285 0.99990251
-0.01106733 -0.00942195 0.99989437
0.01404117 0.00393092 0.99989369
-0.01132108 -0.02279508 0.99967606
-0.00827529 -0.01017681 0.99991397
-0.02966486 0.00419947 0.99955108
0.00493208 -0.01204062 0.99991535
0.00068095 -0.01216900 0.99992572
-0.02468514 -0.01262523 0.99961555
-0.01536036 -0.00575975 0.99986543
-0.02122054 -0.02058431 0.99956289
0.00288145 -0.01246402 0.99991817
0.02109348 -0.00403026 0.99976938
-0.00311564 -0.01467508 0.99988746
0.01889354 -0.02056856 0.99960991
0.00283848 -0.00549037 0.99998090
0.01639819 0.00689877 0.99984174
0.01147809 -0.00760415 0.99990521
0.00527336 -0.00538257 0.99997161
0.01907501 -0.00439117 0.99980841
-0.01129515 -0.01577296 0.99981180
0.01136125 -0.00738899 0.99990816
-0.00143826 -0.01123222 0.99993588
0.00371529 -0.00858136 0.99995628
0.00738787 -0.01320789 0.99988548
0.01142380 -0.01524577 0.99981852
-0.00139306 -0.01537177 0.99988088
-0.00080059 -0.00990557 0.99995062
-0.00085975 0.00296892 0.99999522
-0.00036351 -0.01559136 0.99987838
-0.01736282 -0.01038507 0.99979532
-0.00214298 -0.01205556 0.99992503
-0.00000507 -0.01286997 0.99991718
0.01621336 -0.00828490 0.99983423
0.00827136 -0.00375518 0.99995874
0.00074080 -0.00614911 0.99998082
0.00614138 -0.01616300 0.99985051
-0.00685230 -0.01096754 0.99991638
0.02819052 -0.00009685 0.99960256
-0.00203026 -0.02376610 0.99971548
0.00470745 -0.01740024 0.99983752
-0.04091987 -0.00187464 0.99916067
-0.00263288 -0.01535718 0.99987861
-0.01244847 -0.00799447 0.99989056
-0.02160682 -0.00386092 0.99975909
0.00405307 -0.01480055 0.99988225
0.00718131 -0.01575519 0.99985009
0.00388791 -0.02408083 0.99970245
-0.01267629 -0.00500854 0.99990711
-0.00307914 -0.00491883 0.99998316
0.00865716 -0.02136803 0.99973420
-0.00368071 -0.02197157 0.99975182
0.00021515 -0.00881266 0.99996114
-0.02299775 -0.01340222 0.99964568
0.00682175 -0.00751046 0.99994853
-0.00081094 -0.01533750 0.99988204
-0.00433305 -0.01169299 0.99992225
-0.00199343 -0.00565363 0.99998203
0.01674801 -0.00825777 0.99982564
-0.00340891 -0.01699136 0.99984983
0.01912367 -0.00839332 0.99978190
-0.00632863 -0.01865826 0.99980589
0.02122088 -0.01670097 0.99963531
0.00398696 -0.01116886 0.99992968
0.00046065 -0.00308247 0.99999514
-0.01080976 -0.01728027 0.99979225
-0.01314034 -0.00812048 0.99988069
-0.02257959 -0.03247477 0.99921747
-0.02123846 -0.00714167 0.99974893
-0.01652984 -0.00266094 0.99985983
-0.00222651 -0.02192443 0.99975715
-0.02209839 -0.01344329 0.99966541
0.00204788 -0.02194242 0.99975714
0.00726661 -0.00977776 0.99992579
0.01226341 -0.00653284 0.99990346
-0.01353013 -0.01889576 0.99972991
-0.00085025 -0.03506122 0.99938480
-0.01450747 0.00313225 0.99988986
-0.00393232 0.00027931 0.99999223
0.00174001 -0.00743324 0.99997086
0.01305649 -0.00204277 0.99991267
-0.00348999 -0.03470449 0.99939152
0.00435676 -0.01030402 0.99993742
-0.01635481 -0.00818897 0.99983272
-0.01885873 -0.01801579 0.99965983
-0.01684896 -0.01645944 0.99972256
-0.01450959 -0.01424233 0.99979329
-0.00464627 -0.01482847 0.99987926
0.00201909 -0.00859121 0.99996106
0.01845092 -0.00328326 0.99982438
0.00752406 -0.01186190 0.99990134
0.00244755 -0.01770389 0.99984028
-0.01228336 -0.01964326 0.99973159
-0.00721966 -0.01019334 0.99992198
-0.00269485 -0.00347008 0.99999035
0.00563714 -0.00124602 0.99998333
0.00881879 -0.00442455 0.99995132
-0.00089833 -0.01845634 0.99982926
0.00001921 -0.01793324 0.99983919
-0.00315697 -0.01645223 0.99985967
0.01191194 -0.01427822 0.99982710
-0.00847669 -0.00561841 0.99994829
0.00562287 -0.00768550 0.99995466
-0.00207341 0.00249065 0.99999475
-0.01910050 -0.00833115 0.99978286
-0.01687295 -0.01131410 0.99979363
-0.00294187 -0.00899194 0.99995524
-0.00733369 -0.00191704 0.99997127
0.00943714 -0.01844412 0.99978535
-0.00458931 -0.01780580 0.99983093
-0.02189764 -0.02702884 0.99939478
0.05464072 -0.01555849 0.99838486
-0.00202019 -0.00680539 0.99997480
-0.02135647 -0.01252356 0.99969348
-0.02191778 -0.02447962 0.99946003
-0.01542638 -0.01651078 0.99974468
-0.00503021 -0.03949062 0.99920728
0.00185238 0.00368790 0.99999148
0.00142725 -0.01475213 0.99989016
-0.00856661 -0.01353016 0.99987177
-0.02593952 -0.02109326 0.99944095
0.02386322 -0.02573959 0.99938382
0.00354286 -0.00498909 0.99998128
0.01136389 0.00068742 0.99993519
0.00283208 -0.02927052 0.99956751
-0.01463503 -0.02597486 0.99955546
0.03051406 -0.02499452 0.99922178
0.00238265 -0.01376592 0.99990241
0.00100491 -0.02385071 0.99971503
0.03798118 -0.00956145 0.99923271
0.00617064 -0.01463121 0.99987392
0.06217318 0.01018533 0.99801340
0.07200303 -0.02131536 0.99717662
-0.00254538 -0.01886913 0.99981872
-0.06366973 -0.04639819 0.99689186
0.06530216 -0.05644403 0.99626789
0.03308794 -0.01427446 0.99935050
0.08498185 -0.01151132 0.99631600
0.03558117 -0.01302321 0.99928193
0.01990505 -0.15185540 0.98820227
0.05360674 -0.00955467 0.99851641
0.06259384 -0.03011905 0.99758451
0.05045282 0.04877352 0.99753479
0.06354385 0.02083149 0.99776161
-0.04074273 0.00455214 0.99915930
-0.00796776 0.04029356 0.99915612
0.03873352 -0.03156691 0.99875084
0.02078072 -0.02259295 0.99952875
0.02591029 0.00072721 0.99966401
0.06286156 -0.01283751 0.99793969
0.00500691 0.00106260 0.99998690
-0.03254933 -0.01061540 0.99941376
0.04744542 -0.07162036 0.99630289
0.10381846 -0.01089070 0.99453664
-0.00371799 -0.01747946 0.99984031
0.04401755 -0.04665983 0.99794054
0.10400239 -0.01509299 0.99446252
0.07320830 -0.02354301 0.99703875
-0.00995180 -0.01085482 0.99989156
0.02285026 -0.01873309 0.99956337
-0.00699900 -0.01323837 0.99988787
0.00255795 0.00012545 0.99999672
0.09277739 -0.01013720 0.99563527
0.05220666 -0.01326011 0.99854826
0.00464520 -0.00576671 0.99997258
0.01607525 -0.02430403 0.99957536
0.05736214 -0.02378033 0.99807018
0.02905567 -0.01176177 0.99950859
0.03302206 -0.02969887 0.99901327
0.05506097 0.00145537 0.99848193
0.04490155 -0.00777347 0.99896117
0.04227698 -0.00259497 0.99910256
0.04562355 -0.00263837 0.99895522
0.05967253 0.00453861 0.99820769
0.01969335 -0.01766941 0.99964992
0.02384981 -0.00725654 0.99968922
0.06475800 -0.01886873 0.99772259
0.00402608 -0.00778466 0.99996159
0.03053675 -0.00783906 0.99950290
0.02388402 -0.01512057 0.99960038
-0.00880158 -0.00745715 0.99993346
0.00418527 -0.02425881 0.99969695
0.00330816 -0.00624505 0.99997503
0.01786304 -0.01677629 0.99969969
-0.06242190 -0.01260768 0.99797022
0.01573753 -0.00708633 0.99985105
0.02258819 -0.00327078 0.99973950
-0.00539736 -0.00499189 0.99997297
-0.02707151 -0.00057974 0.99963333
-0.00338469 -0.02143756 0.99976446
-0.00767434 -0.01300817 0.99988594
0.03026732 -0.00444436 0.99953196
0.00259599 -0.00483125 0.99998496
-0.00098977 -0.00982140 0.99995128
0.00983373 -0.01462132 0.99984475
0.01304619 -0.00929240 0.99987172
0.00402285 0.00341273 0.99998608
0.01752778 0.00722626 0.99982026
-0.04200258 -0.01208222 0.99904445
0.00329445 -0.02180094 0.99975690
0.01244062 0.00229078 0.99991999
-0.01113249 -0.02234793 0.99968827
0.00017934 -0.02373093 0.99971837
-0.02219331 -0.01411949 0.99965399
0.01434704 0.00282636 0.99989308
0.02492631 -0.01499891 0.99957677
0.00088982 -0.01374428 0.99990515
-0.00583191 -0.01910775 0.99980042
0.00292258 -0.01308982 0.99991005
0.00157480 -0.01354214 0.99990706
-0.00416144 -0.02299776 0.99972686
-0.01045691 -0.01867931 0.99977084
0.01167857 -0.01084468 0.99987299
-0.00836935 -0.01470194 0.99985689
-0.01101182 -0.01007680 0.99988859
-0.02220513 -0.00993337 0.99970409
-0.02733760 -0.00304950 0.99962161
-0.03913341 -0.00287420 0.99922986
0.03174388 -0.00175263 0.99949450
-0.01262917 -0.00816982 0.99988687
-0.03031741 -0.00673730 0.99951762
-0.00604097 -0.00794620 0.99995018
0.02891189 -0.02141907 0.99935245
-0.03023308 -0.01325172 0.99945503
0.01647716 -0.02825092 0.99946505
0.01246245 -0.00255913 0.99991907
-0.00686720 -0.02510433 0.99966125
-0.01397448 0.02176286 0.99966549
0.00203861 -0.01352257 0.99990649
-0.00510296 -0.00778422 0.99995668
0.03652318 -0.00293001 0.99932851
0.06763115 -0.01691946 0.99756692
0.00107068 -0.02280209 0.99973943
0.01730969 -0.00983543 0.99980180
-0.01356917 -0.00835166 0.99987306
-0.05680700 -0.02176448 0.99814792
0.00493693 -0.02239625 0.99973698
-0.07710113 -0.01809850 0.99685900
-0.00488925 -0.01052163 0.99993269
-0.02257716 -0.01195839 0.99967358
0.06221429 -0.00564855 0.99804683
0.03744631 0.00561024 0.99928289
-0.01662477 -0.00611139 0.99984312
-0.01801877 0.00188858 0.99983587
-0.03400125 -0.01362885 0.99932886
0.02369370 -0.00463118 0.99970854
-0.01712775 -0.01878848 0.99967676
-0.01931720 -0.02812327 0.99941779
0.01376420 -0.00851282 0.99986903
-0.00066021 0.00679481 0.99997670
0.04244498 0.01931805 0.99891203
0.02531642 -0.01522949 0.99956348
-0.01716273 -0.00703984 0.99982793
-0.00521522 -0.00361602 0.99997986
-0.01697127 -0.01921259 0.99967137
-0.00782666 -0.01659937 0.99983159
0.01740827 -0.02052468 0.99963778
-0.02271422 -0.00644867 0.99972120
0.00544139 -0.01812544 0.99982091
0.00886167 -0.00552853 0.99994545
0.03538750 -0.01149954 0.99930750
-0.01803522 -0.02764304 0.99945515
0.01617055 -0.01045647 0.99981457
0.02586148 -0.00087291 0.99966515
-0.00757457 -0.02090202 0.99975284
-0.00732293 -0.01651652 0.99983678
-0.00807250 -0.01617535 0.99983658
-0.03374481 -0.01905329 0.99924885
0.01449868 -0.01338000 0.99980536
-0.00048036 -0.01749191 0.99984689
-0.02130111 -0.00840788 0.99973775
0.01833894 -0.00424495 0.99982282
0.03652881 -0.02018117 0.99912880
-0.05073522 -0.02233394 0.99846238
0.03305753 0.00033614 0.99945339
0.01361752 -0.02054142 0.99969626
-0.01112946 -0.02565289 0.99960896
-0.00529259 -0.00092672 0.99998556
0.01241872 -0.00653302 0.99990154
0.00428863 -0.01624275 0.99985888
-0.02704872 -0.01472901 0.99952560
-0.00957936 -0.01078678 0.99989594
-0.00427678 -0.01461891 0.99988399
0.00007732 -0.01503498 0.99988697
-0.00204708 -0.00742938 0.99997031
-0.00445013 -0.01339306 0.99990041
-0.01618566 -0.00904894 0.99982806
-0.01422995 -0.00486809 0.99988690
0.03326720 -0.01499349 0.99933402
0.03480556 -0.02422701 0.99910041
0.01084403 -0.02457122 0.99963927
0.02146231 -0.00270441 0.99976600
-0.01671945 -0.00097505 0.99985974
0.01221671 -0.01193439 0.99985415
-0.00950211 -0.01825342 0.99978824
-0.00494353 -0.00026057 0.99998775
0.02492055 0.00687741 0.99966578
0.01934568 0.00220234 0.99981043
0.04640984 -0.02389554 0.99863664
0.03906762 -0.00812965 0.99920350
-0.00918079 -0.01497418 0.99984573
-0.05753399 0.00599724 0.99832553
-0.01580086 0.02088070 0.99965711
-0.00845912 -0.02498372 0.99965207
-0.00283505 -0.01826373 0.99982918
0.02606025 0.00424531 0.99965136
0.04544078 -0.00086582 0.99896666
0.02856200 -0.00274415 0.99958826
-0.00821264 -0.01106962 0.99990500
0.02740724 -0.01018831 0.99957243
0.02635563 -0.01656736 0.99951533
0.01216399 -0.03411186 0.99934399
0.01006035 -0.01393861 0.99985224
0.01609779 0.00206745 0.99986828
-0.02899238 0.00949436 0.99953454
-0.00995382 -0.02902499 0.99952912
0.01072981 -0.00943376 0.99989793
-0.00238957 -0.01348769 0.99990618
0.00467245 -0.01196636 0.99991748
-0.05979938 -0.02155384 0.99797769
0.02411800 -0.01118669 0.99964653
0.01018645 -0.00128217 0.99994729
-0.01456500 -0.01991522 0.99969558
-0.00169623 -0.01700006 0.99985405
0.04477712 -0.01637765 0.99886274
0.06804525 -0.01552104 0.99756150
0.03621180 -0.02285478 0.99908276
0.00224357 -0.01720201 0.99984952
0.02816412 -0.01371930 0.99950916
0.06934949 -0.01123285 0.99752918
0.00773344 -0.01761954 0.99981486
0.00637535 -0.00730156 0.99995302
0.01387882 -0.00443248 0.99989386
0.00235022 -0.01514021 0.99988262
0.07807585 -0.03469348 0.99634358
0.02524993 -0.02656228 0.99932822
-0.00566099 -0.00531305 0.99996986
-0.05948012 -0.02099753 0.99800863
-0.02707583 -0.02779680 0.99924684
-0.01232657 -0.04260433 0.99901598
-0.03023183 -0.00639872 0.99952243
-0.03323952 0.00375157 0.99944037
0.01693112 -0.01486594 0.99974614
0.07420393 -0.00437506 0.99723349
0.02932440 -0.02153756 0.99933789
0.05450413 -0.02838556 0.99810999
0.09166162 -0.02004117 0.99558852
0.01273238 -0.06179820 0.99800745
0.03215187 -0.01986849 0.99928549
-0.03955803 -0.01267426 0.99913689
0.03830045 -0.01498407 0.99915392
0.06470604 -0.01901357 0.99772321
0.03444199 -0.01724910 0.99925783
0.01619057 -0.02303673 0.99960351
0.06840896 -0.01312946 0.99757097
-0.00984474 0.00155293 0.99995033
0.01034520 -0.01706541 0.99980085
0.03896058 -0.01928646 0.99905461
0.05501308 -0.01893205 0.99830613
0.06843090 -0.02432584 0.99735925
0.06791483 -0.01357750 0.99759873
0.01080582 -0.02377130 0.99965902
0.04584889 -0.00588328 0.99893106
0.03834883 -0.00267060 0.99926084
0.05568203 -0.03524568 0.99782626
0.00217439 -0.00627602 0.99997794
-0.05132343 -0.02525492 0.99836271
-0.01923565 -0.00466765 0.99980408
0.02715019 -0.00583855 0.99961431
-0.00454983 -0.00815203 0.99995642
-0.02285287 -0.02277276 0.99947944
-0.00483036 -0.00351517 0.99998216
0.00983918 0.01411924 0.99985191
-0.00798118 0.01886910 0.99979011
0.00683181 0.00036357 0.99997660
0.00358761 -0.00350612 0.99998742
-0.00706359 0.00837392 0.99993999
-0.00481074 -0.01235071 0.99991215
0.00511993 -0.01846993 0.99981631
0.01204522 -0.01844271 0.99975736
-0.01140680 -0.01652004 0.99979847
-0.00123774 -0.00391560 0.99999157
-0.01815230 0.00268579 0.99983163
-0.01543887 -0.00819355 0.99984724
-0.02294099 -0.00504402 0.99972410
-0.00358506 -0.00753553 0.99996518
-0.00522264 -0.01882488 0.99980916
-0.06067087 -0.03132127 0.99766629
-0.01280361 -0.00688072 0.99989436
-0.04550332 -0.00728333 0.99893764
-0.03823548 -0.01871375 0.99909351
0.00098027 -0.00169643 0.99999808
-0.00618028 -0.00725915 0.99995455
-0.00613954 -0.02821957 0.99958289
-0.00039109 -0.01510843 0.99988578
-0.00508188 -0.02194594 0.99974624
-0.01675710 0.00748213 0.99983159
-0.00067496 -0.00947006 0.99995493
0.02849607 -0.01202656 0.99952155
0.01186464 -0.01130132 0.99986575
-0.01005735 -0.00335233 0.99994380
-0.01366142 -0.00303410 0.99990208
0.01410250 -0.00061038 0.99990037
0.00295805 -0.02601706 0.99965712
-0.01908697 -0.01929751 0.99963158
-0.01924792 -0.02314719 0.99954676
0.00553650 -0.00035519 0.99998461
0.02003138 -0.03963675 0.99901335
-0.00056997 -0.01296068 0.99991584
-0.01595628 0.00217233 0.99987033
-0.01531446 -0.01973541 0.99968794
-0.00527722 -0.01861207 0.99981285
-0.00303593 -0.01576097 0.99987118
-0.00269705 -0.00707986 0.99997130
-0.00381588 -0.01044850 0.99993813
0.02251554 -0.02172892 0.99951033
0.00659800 -0.01253944 0.99989961
-0.01660461 0.00228763 0.99985952
0.00498250 -0.00460015 0.99997701
0.00029303 -0.00433478 0.99999056
-0.00518903 -0.02611906 0.99964537
-0.05356830 -0.03341333 0.99800500
-0.05980942 -0.00231154 0.99820714
0.00143799 -0.00223764 0.99999646
-0.00269928 -0.01383069 0.99990071
-0.01734531 -0.02108877 0.99962713
-0.01121244 -0.00694052 0.99991305
-0.00964348 -0.01035564 0.99989988
-0.02794826 -0.01838345 0.99944032
0.01264451 -0.00141636 0.99991905
-0.00285492 -0.01203926 0.99992345
-0.00211939 -0.01284365 0.99991527
-0.00425626 -0.00942632 0.99994651
-0.01531309 -0.00852775 0.99984638
-0.01170591 -0.00290874 0.99992725
-0.01381113 -0.01606666 0.99977553
0.00881540 -0.00487928 0.99994924
0.00336031 0.01115634 0.99993212
0.01171673 0.00078958 0.99993105
0.00230316 -0.00769824 0.99996772
-0.03982770 -0.01465500 0.99909909
0.01003331 -0.00292057 0.99994540
-0.01271719 -0.00786487 0.99988820
-0.01300110 -0.00938428 0.99987145
0.00771928 -0.01286162 0.99988749
-0.01438921 -0.00360030 0.99988999
-0.05907933 -0.01414506 0.99815307
0.01359205 0.02517275 0.99959071
-0.00591226 -0.00804021 0.99995020
-0.02948299 -0.02454847 0.99926379
-0.02600379 -0.00993195 0.99961250
-0.01088271 -0.00332245 0.99993526
-0.00500449 -0.01439631 0.99988384
-0.01845714 -0.01781576 0.99967091
-0.02365586 -0.01511594 0.99960588
0.03049319 -0.00543566 0.99952019
-0.01651002 -0.01411073 0.99976413
-0.00256439 -0.01197770 0.99992498
0.00406652 -0.01454346 0.99988597
-0.00465455 -0.01574575 0.99986519
0.00587416 -0.01704664 0.99983744
0.00862954 -0.00976062 0.99991513
0.01701238 0.00040207 0.99985520
0.00667652 -0.01507567 0.99986406
-0.00621551 -0.01776150 0.99982293
-0.03089815 -0.00825069 0.99948848
-0.04600040 -0.02272672 0.99868286
0.01399097 -0.00971672 0.99985491
0.00733029 0.00358064 0.99996672
-0.01253081 -0.01944992 0.99973230
-0.02189075 -0.01122925 0.99969730
-0.01924093 -0.01976173 0.99961956
-0.02081065 -0.01397286 0.99968579
0.00642264 -0.01154593 0.99991272
0.00622360 0.00843963 0.99994502
0.00551939 -0.01751611 0.99983135
-0.01787784 -0.01835140 0.99967175
-0.00659740 -0.01617483 0.99984741
0.04710995 -0.01876378 0.99871346
-0.02039131 -0.01917084 0.99960826
0.01709534 -0.00789416 0.99982270
-0.01431611 -0.00578418 0.99988079
-0.01123849 -0.00899842 0.99989636
-0.00872183 0.00001103 0.99996196
-0.00015316 -0.01632991 0.99986665
-0.00665418 -0.00986414 0.99992921
0.00044503 -0.00349140 0.99999381
0.00284685 -0.01605337 0.99986708
0.00399268 -0.03266277 0.99945845
0.01199916 -0.01370347 0.99983410
0.02169887 -0.02446996 0.99946505
0.01201265 -0.01444461 0.99982351
0.03520913 -0.00379069 0.99937278
-0.11836913 -0.01308465 0.99288345
0.00482845 -0.02196182 0.99974715
-0.01591548 -0.00814421 0.99984017
-0.01531111 -0.00895740 0.99984266
0.02483722 0.01839526 0.99952225
-0.01037621 -0.01157378 0.99987918
-0.01973507 -0.02458656 0.99950289
0.00736874 -0.00986037 0.99992423
0.01600190 0.00606162 0.99985359
-0.00463661 -0.01514644 0.99987454
0.00811855 -0.01934465 0.99977991
-0.01109526 -0.01163748 0.99987072
0.00270828 -0.01766858 0.99984023
-0.01513913 -0.01769871 0.99972874
0.01983607 -0.00599550 0.99978527
0.00866546 -0.01531751 0.99984513
0.00107969 -0.01479558 0.99988996
-0.01096020 -0.01242629 0.99986272
0.00411780 0.00292024 0.99998726
-0.00718749 -0.00435332 0.99996469
-0.00199813 -0.01495153 0.99988622
-0.00700451 -0.02686853 0.99961444
-0.01212527 -0.01364147 0.99983343
-0.01511459 -0.02212706 0.99964091
-0.02076762 -0.01555019 0.99966339
0.00604231 -0.01873775 0.99980617
-0.04007659 -0.01604984 0.99906770
-0.00493322 -0.00757740 0.99995912
0.01098643 -0.00618312 0.99992053
-0.00605865 -0.01310831 0.99989573
-0.01128265 -0.01821901 0.99977036
-0.00572122 -0.02224066 0.99973628
-0.01177404 -0.02033314 0.99972393
0.00529317 -0.03083448 0.99951049
-0.00230790 -0.01471778 0.99988902
-0.03265402 -0.02777838 0.99908062
-0.02470887 -0.01278758 0.99961290
-0.04209069 -0.01572361 0.99899006
0.00552740 -0.01140656 0.99991967
-0.05789305 -0.04142248 0.99746307
0.09031227 0.01872769 0.99573740
-0.00494935 0.02573562 0.99965653
-0.03651441 -0.01752793 0.99917940
-0.05665211 -0.01494982 0.99828204
-0.00883189 -0.03456937 0.99936328
-0.02903677 -0.00797827 0.99954650
-0.01884826 -0.00408817 0.99981400
0.01606170 -0.05635505 0.99828159
-0.19479726 -0.12985156 0.97221016
-0.06005398 -0.04239061 0.99729462
0.01178461 -0.01132750 0.99986640
0.03940833 -0.00901983 0.99918248
-0.04910122 -0.01781993 0.99863483
0.10252564 0.05224868 0.99335722
-0.08376359 -0.02962323 0.99604524
0.00041127 -0.01193349 0.99992871
-0.01329254 -0.07923790 0.99676711
-0.02390713 -0.06241714 0.99776377
-0.01803581 -0.01494578 0.99972563
-0.11441870 -0.07017495 0.99095098
-0.15003046 -0.08976325 0.98459810
-0.04177038 -0.13292324 0.99024575
-0.20372326 -0.03641975 0.97835088
-0.36061139 -0.01809555 0.93254060
0.03681279 -0.03651383 0.99865487
0.04330236 0.00099943 0.99906151
0.07516492 -0.07095883 0.99464319
0.12504297 0.03119013 0.99166095
0.28366167 0.01502112 0.95880677
-0.08498621 -0.01749251 0.99622857
-0.06136513 0.08961196 0.99408451
-0.44932126 -0.18347774 0.87432621
-0.00559338 0.04431485 0.99900196
0.05668319 0.11185691 0.99210637
0.10406062 -0.08521230 0.99091385
-0.20034163 -0.06447846 0.97760204
-0.08009432 -0.09853633 0.99190498
0.05684417 0.00396315 -0.99837520
0.01392864 -0.08210246 0.99652656
0.02252066 -0.05461516 0.99825348
0.10932328 0.06033510 0.99217342
-0.04269816 0.03997681 0.99828790
0.12428005 0.02184766 0.99200663
-0.04147497 -0.01920622 0.99895493
0.02643719 -0.01814870 0.99948572
-0.01383713 -0.01223376 0.99982942
-0.06894018 0.07429449 0.99485053
0.03712095 0.00037563 0.99931071
-0.00363381 -0.00769090 0.99996382
0.00430701 0.00277634 0.99998687
-0.06954356 -0.04221031 0.99668550
-0.01207850 -0.00008962 0.99992705
0.03578863 -0.00174711 0.99935785
-0.05421535 0.00245898 0.99852624
-0.05893607 0.02558705 0.99793379
0.03301408 -0.01362065 0.99936207
-0.01574577 -0.01693153 0.99973266
-0.05380968 -0.00991117 0.99850202
-0.03567910 -0.04038499 0.99854697
0.02667616 -0.01408367 0.99954491
-0.00676351 0.01743371 0.99982515
-0.01535867 0.02193092 0.99964151
0.02541827 0.02560687 0.99934889
-0.04675674 -0.01377304 0.99881135
-0.00709569 -0.02599726 0.99963683
0.01987024 -0.01164066 0.99973480
0.00437074 -0.00903501 0.99994963
0.02167761 -0.00259844 0.99976164
0.01691747 -0.00129573 0.99985605
0.00534723 -0.00425115 0.99997667
-0.01982643 -0.01200108 0.99973141
-0.00026911 -0.01095387 0.99993997
0.03252150 0.00228760 0.99946842
0.00447127 -0.00092373 0.99998958
0.01861828 -0.00386716 0.99981919
0.01440449 -0.01752320 0.99974269
0.02168393 -0.01173203 0.99969604
-0.02039751 -0.00660652 0.99977012
-0.00732543 -0.00469797 0.99996213
0.01035009 -0.01026407 0.99989376
0.01479835 -0.01329445 0.99980211
0.02712324 -0.01070526 0.99957477
0.00213049 -0.01352337 0.99990629
-0.01513199 -0.00989046 0.99983659
0.00544309 -0.01823109 0.99981898
0.03749361 -0.00683745 0.99927348
0.02241895 0.00072589 0.99974840
-0.00070960 0.01307930 0.99991421
0.02059083 0.00512123 0.99977487
0.03289306 -0.01898603 0.99927853
0.00493462 -0.02009414 0.99978591
0.02345309 -0.01661141 0.99958692
-0.01044635 0.00582415 0.99992847
0.02453382 0.00097291 0.99969853
0.00944096 -0.01294054 0.99987170
0.02121409 -0.00801406 0.99974284
0.00782278 -0.01293377 0.99988575
0.01400659 -0.01667773 0.99976281
0.00224231 -0.01472069 0.99988913
0.01719972 -0.00333031 0.99984653
-0.02400487 -0.01212732 0.99963828
-0.00581927 -0.00461741 0.99997241
-0.01490780 -0.01598693 0.99976106
-0.00037685 -0.00669841 0.99997749
-0.00633635 0.00580649 0.99996307
0.01579125 -0.00840443 0.99983999
0.00060153 -0.00956118 0.99995411
-0.00738227 -0.01593818 0.99984573
-0.00305021 -0.02271681 0.99973729
-0.00980505 -0.01244353 0.99987450
-0.00050226 -0.01855136 0.99982778
0.00629137 -0.01684682 0.99983829
0.02135871 -0.01646750 0.99963625
-0.02341504 0.00315215 0.99972086
-0.00024161 -0.00486721 0.99998813
0.00651302 -0.01031875 0.99992555
-0.00564844 -0.00881069 0.99994523
-0.00426691 0.00439824 0.99998122
0.01130398 -0.01005708 0.99988553
0.00525185 -0.01015791 0.99993462
0.01447656 -0.03266222 0.99936160
-0.00015126 -0.01930015 0.99981372
-0.00359410 -0.01400163 0.99989551
0.00144284 -0.01072505 0.99994144
0.01151005 -0.01318584 0.99984681
-0.00225298 -0.01212782 0.99992392
-0.01135611 -0.01326452 0.99984753
0.00682530 -0.01164390 0.99990891
0.02195276 -0.01882639 0.99958173
-0.01672255 -0.02971950 0.99941838
-0.00546294 -0.01469160 0.99987715
0.00076561 -0.01505585 0.99988636
-0.00832608 -0.02129938 0.99973847
-0.00326544 -0.01187670 0.99992414
-0.00239671 -0.00505856 0.99998433
0.02329904 0.00694974 0.99970438
0.00186228 -0.01814236 0.99983368
0.00489207 -0.00593688 0.99997041
0.00792484 -0.02414006 0.99967718
-0.01074653 -0.01364374 0.99984917
-0.00238807 -0.02430802 0.99970166
-0.02449030 -0.01082944 0.99964141
-0.02109633 -0.01149458 0.99971137
-0.01752994 0.00779603 0.99981594
-0.00269554 -0.02082558 0.99977949
-0.02853673 -0.00274802 0.99958897
0.01618281 -0.00563132 0.99985319
0.00202840 -0.00770192 0.99996828
0.00026109 -0.02177174 0.99976293
-0.00427354 -0.00412499 0.99998236
-0.01622480 -0.01200691 0.99979627
0.00432783 -0.01384317 0.99989481
0.00979383 -0.02104006 0.99973066
0.03549667 -0.01242809 0.99929251
0.00583838 -0.01222358 0.99990824
0.00136314 0.00075143 0.99999879
0.02184334 -0.01008501 0.99971054
0.00969720 -0.02080116 0.99973660
0.03215430 -0.00194055 0.99948103
0.05579964 -0.02061801 0.99822908
-0.01035340 -0.00125802 0.99994561
-0.02165078 -0.00100886 0.99976509
0.00489742 0.00224174 0.99998549
-0.00092825 -0.01261264 0.99992003
0.00855330 0.00527949 0.99994948
-0.02486477 0.00021727 0.99969080
-0.00061343 -0.00200794 0.99999780
0.02721023 -0.01863527 0.99945602
0.01150731 -0.01862030 0.99976040
0.02312598 -0.00681278 0.99970935
0.02379960 -0.00282558 0.99971276
-0.02148436 -0.00118331 0.99976848
0.00231446 -0.01562815 0.99987519
0.00922442 0.01066530 0.99990058
0.01070798 0.00028215 0.99994263
-0.00089511 0.00074706 0.99999932
0.02363435 0.00619736 0.99970146
0.00029387 -0.00787649 0.99996894
0.00073630 -0.01715221 0.99985262
0.00694634 -0.02764487 0.99959367
0.00744874 -0.01497911 0.99986006
-0.01438911 -0.00575472 0.99987991
0.02199615 -0.00780563 0.99972758
-0.02315742 -0.00336008 0.99972618
0.00173277 -0.01652252 0.99986199
0.00871668 -0.00696570 0.99993775
0.01910494 0.00172250 0.99981600
-0.00239027 -0.00408171 0.99998881
0.00273057 -0.03081991 0.99952122
-0.02175834 -0.01546506 0.99964364
-0.02658142 -0.01874614 0.99947087
-0.01105122 0.00730557 0.99991225
-0.00766068 0.00717893 0.99994489
-0.05133746 -0.03367493 0.99811345
-0.03424851 -0.02820141 0.99901538
-0.01487864 -0.00846079 0.99985351
-0.00928780 -0.00766642 0.99992748
-0.00528482 -0.00022993 0.99998601
-0.00681539 -0.00434958 0.99996732
0.00724937 -0.01054314 0.99991814
0.04299286 0.00566325 0.99905933
0.01768296 -0.00446815 0.99983366
-0.00613851 -0.01583732 0.99985574
0.01251142 -0.01076679 0.99986376
0.01492522 -0.01089873 0.99982921
0.01655722 -0.00257024 0.99985962
-0.00280857 -0.02703930 0.99963043
-0.02240693 -0.01901060 0.99956817
-0.00311888 -0.01937845 0.99980736
-0.00484154 -0.01196489 0.99991670
-0.01094326 -0.01569175 0.99981699
-0.01522345 0.00427602 0.99987497
-0.00563294 -0.01392141 0.99988723
-0.02239789 -0.01209214 0.99967600
0.03128519 -0.00700159 0.99948598
-0.01410094 -0.02258542 0.99964547
0.00846266 -0.00280018 0.99996027
-0.00751129 -0.03554382 0.99933989
0.00280908 -0.02128684 0.99976946
0.01911036 -0.02339122 0.99954372
-0.01846102 -0.00306909 0.99982487
0.00450256 -0.02230129 0.99974116
-0.00393848 -0.01224253 0.99991730
-0.02450195 -0.01058697 0.99964372
-0.00275326 -0.01800615 0.99983409
0.00665141 -0.01554761 0.99985701
0.01485916 -0.00513920 0.99987639
0.01524988 -0.01044923 0.99982911
0.00512580 -0.00785717 0.99995599
-0.00972848 -0.00036625 0.99995261
-0.00298064 -0.00033165 0.99999550
0.06472922 -0.02313664 0.99763461
0.02187218 -0.00446144 0.99975082
-0.00698904 0.01438538 0.99987210
-0.02325426 -0.01931351 0.99954301
-0.00443101 -0.00633080 0.99997014
-0.01937353 -0.01764403 0.99965662
-0.02200778 -0.01484815 0.99964753
-0.01407088 -0.02131076 0.99967388
0.01113369 -0.00278779 0.99993413
0.01396501 -0.00564632 0.99988654
0.01153931 -0.01764803 0.99977767
-0.01729232 -0.00681615 0.99982724
0.00800396 -0.01395168 0.99987064
0.01749724 0.00135423 0.99984599
-0.01710946 -0.01999099 0.99965375
-0.01162557 -0.01659719 0.99979467
0.00919045 -0.01750818 0.99980448
0.04456383 -0.01114143 0.99894441
0.01101032 -0.00580290 0.99992255
0.00910494 -0.01067701 0.99990155
-0.01290891 -0.02038585 0.99970885
0.00366696 -0.01699466 0.99984886
0.01284602 -0.01487424 0.99980685
-0.00353267 -0.01157952 0.99992671
-0.00128457 0.00075602 0.99999889
0.01390076 -0.02757952 0.99952296
0.02745064 -0.00813894 0.99959003
0.00129539 -0.01240921 0.99992216
0.03735063 -0.00191771 0.99930038
0.00403306 0.00306263 0.99998718
-0.00945212 -0.01138680 0.99989049
0.01769268 -0.03351858 0.99928148
0.01534822 -0.01472220 0.99977382
0.03000655 -0.00172139 0.99954822
0.01612693 0.01522307 0.99975406
-0.00452766 -0.01283844 0.99990733
-0.00492972 -0.02284413 0.99972688
-0.00693819 -0.01973657 0.99978114
-0.03726378 -0.02793810 0.99891485
-0.02488009 0.00325004 0.99968516
0.01223092 -0.00356839 0.99991883
-0.02261290 0.00930801 0.99970096
-0.00953801 -0.01552169 0.99983404
-0.03579729 -0.02675855 0.99900077
-0.02567893 -0.01731504 0.99952028
-0.01831492 -0.01426522 0.99973050
0.03679547 -0.01935726 0.99913532
0.02487926 -0.00659967 0.99966868
0.03334069 0.01269774 0.99936338
0.03292620 0.01187465 0.99938724
0.02150076 -0.04246125 0.99886674
-0.00360109 -0.02048553 0.99978366
0.00040327 -0.01910328 0.99981743
0.01213345 0.00150597 0.99992525
-0.04393338 -0.01226061 0.99895923
0.00553927 -0.02919031 0.99955852
-0.00298175 -0.02190742 0.99975556
0.01301872 -0.01067528 0.99985827
0.02764756 0.00427820 0.99960858
-0.01054867 0.00000872 0.99994436
0.01826597 -0.00699113 0.99980872
-0.06907352 -0.02093596 0.99739187
-0.01195853 -0.02165974 0.99969388
-0.01309745 -0.01001761 0.99986404
-0.07259172 0.01778065 0.99720323
0.01289294 -0.00565237 0.99990091
0.00206526 -0.01356287 0.99990589
0.03298837 -0.02915591 0.99903038
-0.01520072 -0.02448448 0.99958464
-0.01108969 0.01011543 0.99988734
0.04521764 -0.00701808 0.99895251
0.02916314 0.00858712 0.99953778
-0.04320327 -0.00412783 0.99905778
-0.04855873 -0.00296484 0.99881593
0.09840908 -0.00499797 0.99513350
0.07290046 -0.01101335 0.99727841
0.03217908 -0.00746610 0.99945423
0.05640522 -0.00511410 0.99839486
0.01488506 -0.02384487 0.99960485
0.03284316 -0.01304442 0.99937539
-0.02203108 -0.02511055 0.99944189
0.00737948 -0.00883945 0.99993370
0.03354784 -0.02278511 0.99917735
0.03549681 -0.00243367 0.99936683
-0.01878187 -0.01594555 0.99969644
-0.03951843 -0.04573451 0.99817165
-0.01587376 -0.03071838 0.99940202
-0.00443161 -0.01333281 0.99990129
0.00139895 -0.03744221 0.99929782
-0.00004060 0.00008031 1.00000000
0.00454678 -0.00197023 0.99998772
-0.03273451 0.02691793 0.99910153
-0.00008230 -0.01289375 0.99991687
0.01468782 0.01123702 0.99982898
0.01432398 -0.00629739 0.99987758
0.00850172 -0.00790442 0.99993262
0.00048142 0.00365313 0.99999321
0.03207401 -0.01868159 0.99931089
0.03586056 -0.00953929 0.99931127
0.00380534 -0.01922312 0.99980798
-0.06189737 -0.01186647 0.99801198
0.00492383 -0.01320475 0.99990069
0.00585572 -0.02683795 0.99962265
0.02514340 -0.01167147 0.99961572
0.01387908 -0.00837931 0.99986857
0.02262478 -0.02684482 0.99938355
0.01811380 -0.02243169 0.99958427
0.02866407 -0.01287294 0.99950621
0.04937882 -0.01007843 0.99872927
-0.00289412 -0.02040571 0.99978759
0.01729220 -0.01825426 0.99968383
0.00695921 0.00029480 0.99997574
-0.00735349 -0.02055770 0.99976163
-0.00776803 -0.00857087 0.99993310
0.01656755 -0.01761017 0.99970766
-0.02103127 -0.00869509 0.99974101
0.00823916 -0.01581882 0.99984093
0.01629452 0.00684130 0.99984383
-0.02375265 0.00445942 0.99970792
-0.03084783 -0.01080914 0.99946564
0.01668993 -0.00416671 0.99985203
0.01088960 -0.00588350 0.99992340
0.03745166 -0.03283722 0.99875877
0.04060466 -0.01475819 0.99906629
-0.04408196 -0.01363859 0.99893482
-0.01181457 -0.01526564 0.99981367
-0.00465677 0.00265794 0.99998562
-0.00640471 0.00960863 0.99993332
0.02586933 -0.02358496 0.99938708
0.02907462 -0.01155402 0.99951047
0.03988819 -0.00428669 0.99919495
-0.01006385 -0.01881375 0.99977235
-0.03041339 -0.00163303 0.99953607
0.00531557 -0.01130820 0.99992193
-0.01051344 0.00507708 0.99993184
0.03149009 -0.02021333 0.99929965
-0.01147249 -0.01579065 0.99980950
-0.04508651 -0.02665876 0.99862732
-0.00002691 -0.01235391 0.99992369
-0.00211138 0.00178518 0.99999618
0.06769731 -0.01071672 0.99764835
0.04673948 -0.02861945 0.99849704
-0.04914363 -0.02429556 0.99849618
-0.02133665 -0.01327486 0.99968421
0.02200786 -0.02591384 0.99942190
0.00224250 -0.02142050 0.99976804
-0.00770663 -0.03142675 0.99947635
-0.00367284 -0.02570834 0.99966274
-0.04007026 0.01562857 0.99907463
-0.03357965 0.01335316 0.99934684
-0.03331960 0.00676351 0.99942186
-0.00810558 -0.01147030 0.99990136
0.00995531 -0.01537022 0.99983231
-0.00604904 -0.01172914 0.99991291
-0.04277270 0.00202804 0.99908277
0.01650958 -0.00380329 0.99985647
0.02840652 -0.00196073 0.99959453
-0.03625993 -0.02505571 0.99902824
0.01811897 0.00557132 0.99982032
0.01241408 -0.00703101 0.99989822
-0.01761885 0.00601489 0.99982668
-0.00679720 -0.00205177 0.99997479
-0.02423059 -0.00133799 0.99970550
0.00983712 -0.00378063 0.99994447
-0.01565755 -0.00360734 0.99987091
-0.00456217 -0.00041515 0.99998951
0.02702868 -0.01128171 0.99957099
0.02170367 -0.01236588 0.99968797
0.02284590 -0.00294107 0.99973467
0.06294997 -0.00342817 0.99801080
0.00918307 -0.01843536 0.99978788
-0.00309830 -0.02221400 0.99974844
0.00787889 -0.00942496 0.99992454
0.01485335 -0.01473992 0.99978103
0.01743455 -0.01864352 0.99967417
0.02676065 -0.00789791 0.99961067
0.02604618 -0.00776423 0.99963059
-0.01402175 -0.02569160 0.99957157
0.00931327 -0.01247690 0.99987879
0.01619657 -0.00750239 0.99984068
-0.00459355 -0.02088145 0.99977141
-0.05846044 -0.00118450 0.99828902
-0.03363823 -0.00512097 0.99942095
-0.04439461 -0.02356336 0.99873614
0.01919002 -0.00537150 0.99980143
-0.00425940 -0.01469800 0.99988291
0.04397374 -0.01452236 0.99892713
0.00486512 -0.01352267 0.99989673
-0.05823663 0.03017101 0.99784678
0.01460618 -0.01227944 0.99981792
-0.00471621 -0.02413428 0.99969760
-0.00604092 -0.01578878 0.99985710
0.01331688 -0.01428174 0.99980933
0.01305702 -0.00648312 0.99989374
0.01635164 -0.01540547 0.99974762
0.04686448 -0.01777518 0.99874309
0.01568464 -0.02099478 0.99965655
-0.00689094 -0.00583660 0.99995922
0.01166932 -0.01710953 0.99978552
0.00368925 -0.00871574 0.99995521
-0.01645978 -0.00958416 0.99981859
0.00668576 -0.00981280 0.99992950
-0.00833476 -0.02617139 0.99962272
0.01106284 -0.00816257 0.99990549
0.02267748 -0.00651424 0.99972161
-0.02044799 -0.01954527 0.99959985
-0.01929055 -0.00841627 0.99977850
0.00782311 -0.00653717 0.99994803
-0.00412528 -0.01255103 0.99991272
0.00088679 -0.00839257 0.99996439
-0.02190392 -0.02159897 0.99952674
-0.03602226 -0.00878139 0.99931241
-0.01363705 -0.01180690 0.99983730
0.02641598 -0.01795648 0.99948975
-0.01727153 -0.01048561 0.99979585
-0.01777877 -0.01482376 0.99973205
-0.06085883 -0.00906225 0.99810524
-0.02032184 0.01791471 0.99963298
-0.01261514 -0.00991816 0.99987124
-0.02566951 -0.00585860 0.99965332
-0.01599490 -0.00538593 0.99985757
-0.04530836 -0.02376482 0.99869034
0.00603277 -0.01058533 0.99992578
-0.02311447 -0.00172575 0.99973134
-0.01793126 -0.02086155 0.99962156
-0.00791907 -0.02203023 0.99972594
-0.02246437 0.00229192 0.99974502
-0.02893910 -0.01434853 0.99947819
-0.03039018 -0.00817848 0.99950465
-0.07133762 -0.07681510 0.99449001
-0.01047431 -0.01833125 0.99977710
-0.02300869 -0.02648027 0.99938451
0.01487044 -0.01790153 0.99972917
-0.02864923 -0.00030902 0.99958948
0.03457420 -0.00979472 0.99935414
0.02721124 -0.00998774 0.99957981
-0.00144916 -0.01144346 0.99993347
0.01975125 -0.02302916 0.99953967
0.03544796 -0.02998737 0.99892152
-0.02113716 -0.02487958 0.99946697
0.06219870 -0.02849615 0.99765690
0.02661368 -0.01940231 0.99945748
-0.03661586 -0.00222879 0.99932693
0.01994400 -0.01987916 0.99960345
0.00839536 -0.00563044 0.99994891
-0.00212419 -0.00318948 0.99999266
0.00995012 -0.01208768 0.99987743
0.02983420 -0.01062912 0.99949835
0.01604526 0.00476466 0.99985991
0.03306150 -0.00113083 0.99945268
-0.00374226 -0.05839654 0.99828645
0.00795399 -0.00675616 0.99994554
0.01656168 0.00066425 0.99986263
0.02013471 -0.00003687 0.99979728
-0.00278255 -0.00193158 0.99999426
0.01468778 -0.02526028 0.99957300
0.03144853 -0.00042170 0.99950528
0.02854298 -0.02072493 0.99937769
0.01694405 0.00006286 0.99985644
0.02162854 -0.02082270 0.99954921
0.01265970 -0.01313602 0.99983357
-0.03267421 0.00189004 0.99946427
0.01388214 -0.01267982 0.99982324
0.02527375 -0.03491124 0.99907079
-0.01284669 -0.01800718 0.99975532
-0.00985347 -0.00842497 0.99991596
0.01201905 -0.02035515 0.99972057
0.03102720 -0.00122418 0.99951779
0.03793706 -0.01299584 0.99919562
0.01175867 -0.01395851 0.99983343
0.01324499 -0.02201717 0.99966985
0.02353809 -0.01862972 0.99954934
0.03865977 -0.00361165 0.99924590
0.02105495 -0.01347544 0.99968750
0.01749062 -0.01678180 0.99970618
0.02100439 -0.01475522 0.99967050
0.04441405 -0.02750164 0.99863459
0.01016317 -0.00584606 0.99993126
0.01949787 -0.01480744 0.99970024
-0.02523517 -0.00748354 0.99965353
-0.00417102 0.02002026 0.99979087
0.01265813 -0.02288997 0.99965785
0.00176865 -0.02479117 0.99969109
0.01934856 -0.01985846 0.99961556
-0.00890650 -0.01784398 0.99980111
0.01748411 -0.04507514 0.99883058
-0.00514779 -0.01231005 0.99991098
-0.00905827 -0.02126871 0.99973276
0.03285160 -0.00903563 0.99941940
-0.01634779 0.00190473 0.99986455
0.01001482 -0.03407142 0.99936922
0.00988061 -0.01666739 0.99981227
-0.00350076 -0.00193069 0.99999201
0.00026182 -0.03121212 0.99951275
0.00331717 -0.01254304 0.99991583
0.00557282 -0.00934784 0.99994078
-0.01900661 -0.01642604 0.99968442
-0.01855383 -0.02663815 0.99947294
0.02837102 0.01029510 0.99954444
-0.03033452 0.00449593 0.99952969
0.01263059 -0.02409059 0.99962999
-0.00718516 -0.02617880 0.99963145
-0.00382604 -0.01026449 0.99994000
-0.00251859 0.00056075 0.99999667
0.01259339 -0.01402619 0.99982232
0.00562997 -0.02031031 0.99977787
0.00889999 -0.01325032 0.99987260
0.01294483 -0.01542435 0.99979724
-0.00717485 -0.00456610 0.99996384
0.01803327 0.00537137 0.99982296
-0.01166113 -0.01202369 0.99985971
-0.02906722 0.00063395 0.99957726
-0.01255468 0.00144220 0.99992015
0.02827562 -0.01965457 0.99940692
0.00973281 -0.02395470 0.99966567
0.00973661 -0.02684918 0.99959208
-0.00414500 -0.00702482 0.99996673
-0.00126757 -0.00298065 0.99999475
-0.00371276 -0.00951162 0.99994787
-0.00167204 -0.01524290 0.99988242
0.04776916 -0.00288238 0.99885424
-0.00636118 -0.01548704 0.99985983
-0.00464242 -0.04582693 0.99893861
0.00794482 -0.01319979 0.99988132
0.01583254 -0.00876321 0.99983625
-0.00028514 -0.02909687 0.99957656
0.01600682 -0.00527806 0.99985795
0.00314298 -0.01254285 0.99991640
-0.01993623 -0.03680858 0.99912345
-0.00797918 -0.00655043 0.99994671
0.00438669 -0.01289003 0.99990730
0.00452096 -0.02172806 0.99975370
-0.01073909 -0.01310741 0.99985642
-0.01270824 -0.01328593 0.99983098
-0.02165744 -0.02177205 0.99952836
-0.02328569 -0.00173951 0.99972734
0.01597595 -0.01048331 0.99981742
-0.00557781 -0.00111604 0.99998382
-0.04373933 -0.00374628 0.99903595
-0.02780086 -0.00181794 0.99961183
-0.01498017 -0.02041285 0.99967940
0.00764346 -0.01160946 0.99990339
-0.02158702 -0.00956797 0.99972119
-0.01534282 -0.01953466 0.99969145
-0.02304937 -0.02755479 0.99935452
-0.01699754 0.01769597 0.99969892
-0.01005874 -0.00708317 0.99992432
0.00933005 -0.01991002 0.99975824
-0.00636917 -0.00060133 0.99997954
-0.01170611 0.00059597 0.99993130
0.01211838 -0.00632296 0.99990658
-0.00077870 -0.01995748 0.99980053
-0.02267948 -0.00144423 0.99974174
-0.01571857 -0.01056217 0.99982067
0.01556124 -0.01664212 0.99974041
0.03010673 -0.01204614 0.99947410
-0.01034331 -0.02350495 0.99967021
-0.00757118 -0.00800437 0.99993930
-0.00972015 -0.00458242 0.99994226
-0.00213359 0.00426015 0.99998865
-0.00952621 -0.01844419 0.99978451
-0.00799358 -0.00913688 0.99992631
-0.01188314 -0.00531330 0.99991528
-0.01009314 -0.01581246 0.99982403
-0.02719446 -0.02646706 0.99927972
0.02388284 -0.04385058 0.99875259
-0.02586970 -0.03816947 0.99893636
-0.02571805 -0.00315880 0.99966425
-0.00636761 0.00748544 0.99995171
-0.00421319 -0.01161984 0.99992361
-0.00717912 0.00154570 0.99997304
-0.01371576 -0.01896738 0.99972602
-0.00601941 -0.02078174 0.99976592
0.01413484 0.01045576 0.99984543
0.00282914 -0.01033976 0.99994254
0.00109900 -0.01813746 0.99983490
0.00008439 -0.01805062 0.99983707
-0.00456189 -0.02317444 0.99972103
-0.00977867 -0.00773020 0.99992231
0.02746891 -0.02788551 0.99923363
0.00763526 -0.00282895 0.99996685
0.00906933 -0.00196099 0.99995695
0.00489425 -0.00928788 0.99994489
0.00940097 -0.01038338 0.99990190
-0.01255946 -0.02243389 0.99966944
-0.01723994 -0.02523731 0.99953282
-0.03312393 -0.03929686 0.99867841
-0.01161334 -0.02937165 0.99950109
0.00960899 -0.02795311 0.99956305
0.00984759 -0.02150640 0.99972021
-0.01873478 -0.01304465 0.99973939
-0.01648612 -0.00050304 0.99986397
0.01631874 -0.01966972 0.99967335
0.02458235 -0.01375320 0.99960320
0.03019435 -0.02346912 0.99926848
0.02094044 -0.01584317 0.99965519
0.01626207 -0.01105287 0.99980667
0.01266279 -0.05290767 0.99851912
0.05915774 -0.01901527 0.99806752
0.05273432 -0.04357757 0.99765730
0.05150229 0.00058283 0.99867271
0.06899553 -0.00794568 0.99758533
0.07698250 -0.00805684 0.99699989
0.00465318 0.00057974 0.99998901
-0.00421610 -0.00689509 0.99996734
0.04929931 -0.04322932 0.99784809
-0.01664636 -0.00818346 0.99982795
0.00170711 -0.03248986 0.99947061
0.05057116 -0.03037209 0.99825853
0.06642690 -0.01181827 0.99772130
-0.02857219 -0.04057818 0.99876776
-0.01225940 -0.02694237 0.99956181
-0.00437482 -0.06087698 0.99813569
-0.07660527 -0.02088587 0.99684272
0.04172769 -0.00475575 0.99911770
-0.01337699 0.00548830 0.99989546
-0.02581076 -0.07488090 0.99685839
-0.03579241 -0.05434481 0.99788053
-0.03197466 0.03478607 0.99888315
0.08241525 -0.04314586 0.99566368
-0.03082710 -0.01531222 0.99940744
-0.02145318 -0.01309650 0.99968407
-0.02918873 -0.01594896 0.99944667
-0.10212153 -0.02304869 0.99450488
0.00145042 -0.02385488 0.99971438
-0.00292177 -0.02090327 0.99977723
-0.02039664 -0.02975856 0.99934899
-0.02658762 0.00623115 0.99962707
-0.06189226 0.00599307 0.99806484
-0.05827096 -0.01293282 0.99821703
0.00165810 -0.03314520 0.99944917
-0.01358812 -0.04166887 0.99903907
-0.05970227 -0.01950471 0.99802565
-0.01702295 -0.03618059 0.99920027
0.03250211 -0.00974375 0.99942417
0.00839591 -0.00726540 0.99993836
-0.04301924 0.01756406 0.99891984
-0.04649301 0.02140201 0.99868932
-0.01007924 -0.00614794 0.99993030
-0.02764753 0.01060145 0.99956152
0.04842061 -0.00309289 0.99882225
-0.00745167 0.01181308 0.99990246
0.03607630 0.00371834 0.99934212
0.01500042 0.01426178 0.99978577
-0.00865870 -0.00469296 0.99995150
-0.00677910 0.00439420 0.99996737
0.02032716 0.00245497 0.99979037
0.00140293 -0.00583780 0.99998198
0.02511619 -0.00551078 0.99966935
0.01298040 -0.01622921 0.99978404
0.01822947 -0.01466818 0.99972623
0.07277985 0.02583875 0.99701327
-0.00613828 0.00098207 0.99998068
-0.00592866 -0.00484944 0.99997067
0.00484426 0.01151690 0.99992194
0.02487209 -0.00979407 0.99964266
-0.03250772 0.00242172 0.99946855
0.00026710 -0.01310012 0.99991415
-0.01387464 -0.01225099 0.99982869
-0.02769782 0.00749969 0.99958821
0.01638741 -0.00622534 0.99984634
0.00697388 -0.00008152 0.99997568
0.03033631 -0.01284375 0.99945723
-0.03545884 -0.00653597 0.99934976
0.00993393 -0.01444775 0.99984628
0.01064210 -0.03048054 0.99947871
0.04373459 -0.00254718 0.99903994
-0.02432393 -0.01245893 0.99962649
0.01653470 0.00577475 0.99984662
-0.01546160 -0.02254860 0.99962618
0.00237695 0.00837131 0.99996213
0.00661056 -0.02381851 0.99969444
-0.00066547 -0.01234899 0.99992353
0.02016877 -0.00645531 0.99977575
-0.00685857 -0.00356279 0.99997013
0.00842993 -0.00794511 0.99993290
0.01566088 -0.00029856 0.99987732
-0.00425522 -0.00934881 0.99994725
-0.00312175 -0.01930149 0.99980884
-0.01798775 0.02137432 0.99960971
-0.02672346 -0.00594735 0.99962517
0.01478541 -0.03467826 0.99928915
0.04042123 -0.03670683 0.99850825
0.00881548 -0.01096913 0.99990098
0.01608460 -0.02451191 0.99957013
0.01316795 -0.02563681 0.99958459
0.08018335 -0.00508054 0.99676718
0.03920727 -0.01652056 0.99909452
0.00753074 0.00534278 0.99995737
0.04155508 -0.01704419 0.99899083
-0.00492906 -0.01463713 0.99988072
-0.01198221 0.00471610 0.99991709
0.01280454 -0.01074053 0.99986033
0.01822070 0.00364966 0.99982733
-0.02290362 -0.01311410 0.99965166
0.00297423 -0.01533018 0.99987806
-0.01456832 -0.01131964 0.99982980
-0.02763394 -0.00225236 0.99961557
-0.00313197 -0.00380730 0.99998785
-0.01055146 -0.02241475 0.99969308
-0.01030720 -0.01199788 0.99987490
-0.02046175 -0.00619061 0.99977147
-0.01492467 -0.00626590 0.99986899
-0.03205362 -0.00509776 0.99947315
0.00876784 0.00324474 0.99995630
0.00481516 -0.00803709 0.99995611
-0.00514858 -0.01017183 0.99993501
-0.00936814 -0.01437788 0.99985275
-0.01280092 -0.00597923 0.99990019
0.00647641 -0.01362251 0.99988624
0.00999375 -0.00967509 0.99990325
-0.01083047 -0.01842332 0.99977162
-0.01188739 -0.00838483 0.99989419
-0.02032244 -0.01892276 0.99961439
0.01326514 -0.01210982 0.99983868
0.01424700 -0.01606933 0.99976937
-0.01222195 -0.02074841 0.99971002
-0.00354899 -0.01736821 0.99984286
0.00576787 -0.00994397 0.99993392
-0.02526010 -0.00470880 0.99966982
-0.03208539 0.00471906 0.99947399
0.01296552 -0.01661144 0.99977795
-0.00131743 -0.00557761 0.99998358
-0.00376220 -0.02355487 0.99971547
0.00776888 -0.02500795 0.99965706
0.01993404 -0.00894400 0.99976129
0.00285981 -0.00733612 0.99996900
-0.01698988 -0.00095174 0.99985521
-0.01620598 -0.02106581 0.99964674
0.01204792 -0.01956724 0.99973595
0.01354989 -0.01957940 0.99971648
-0.00942981 -0.00523581 0.99994183
-0.00863786 -0.01239257 0.99988590
-0.00664965 -0.00970274 0.99993082
-0.01214862 -0.00755743 0.99989764
-0.00377702 -0.00378683 0.99998570
-0.00542873 -0.01735657 0.99983463
-0.00879094 -0.00358668 0.99995493
-0.02799002 -0.00792192 0.99957681
-0.03989091 -0.01393966 0.99910680
0.00283467 -0.01428847 0.99989390
-0.00828097 -0.00984064 0.99991729
-0.01580105 -0.01620310 0.99974386
-0.02623719 -0.00130882 0.99965489
-0.00074175 -0.01609414 0.99987021
0.00338371 0.00089012 0.99999388
-0.00065772 -0.01154048 0.99993319
-0.00115842 -0.01259678 0.99991999
-0.00277374 -0.01571655 0.99987264
0.01244964 -0.01832470 0.99975458
0.00446455 0.00413354 0.99998149
0.01748221 -0.00858694 0.99981030
-0.00174167 -0.00973226 0.99995112
-0.00493681 -0.02344369 0.99971297
-0.02025846 -0.02371900 0.99951338
-0.02282625 0.00723937 0.99971324
-0.01741354 0.01035919 0.99979471
-0.02731404 -0.01875958 0.99945086
0.02310334 -0.00794162 0.99970154
0.01457082 -0.01120628 0.99983104
-0.03861750 -0.01811848 0.99908979
0.00160878 -0.01743948 0.99984663
-0.01240123 -0.01484081 0.99981296
-0.01318457 -0.01870803 0.99973805
-0.01629380 -0.01794800 0.99970615
0.03779177 -0.00886038 0.99924635
-0.01977968 -0.01165629 0.99973641
-0.02725315 0.00043589 0.99962847
0.00113000 0.01319204 0.99991234
0.00342954 -0.02024128 0.99978924
-0.00593836 -0.01228968 0.99990685
0.03318976 -0.00786507 0.99941812
-0.00260846 -0.01445592 0.99989211
-0.00715918 -0.01235604 0.99989803
-0.01108802 -0.01243645 0.99986119
0.00201180 -0.01495018 0.99988622
-0.00634685 0.00060412 0.99997968
-0.02478469 -0.01342179 0.99960271
-0.01998317 -0.01327142 0.99971223
0.00492063 -0.01071941 0.99993044
0.00327194 -0.01318895 0.99990767
0.02448893 -0.01355695 0.99960817
0.01645609 -0.01786527 0.99970497
0.00153522 -0.01590849 0.99987227
-0.00332468 -0.00448065 0.99998443
0.00157087 -0.00348169 0.99999271
0.00974586 -0.00356226 0.99994616
-0.02556974 -0.01492309 0.99956165
-0.01135017 -0.00472642 0.99992441
-0.00794838 -0.00582035 0.99995147
0.01559008 -0.00735264 0.99985143
-0.01671411 -0.00250747 0.99985717
-0.00352797 -0.01449242 0.99988876
-0.03987393 -0.01458868 0.99909821
-0.00737268 -0.02856503 0.99956475
0.04276731 -0.01454947 0.99897911
0.00578903 -0.00676928 0.99996033
-0.00328429 -0.00696315 0.99997036
-0.02596182 -0.02481878 0.99935480
0.01472622 -0.01250157 0.99981341
-0.00532186 -0.01020391 0.99993378
-0.03134315 -0.00910130 0.99946724
-0.01657723 -0.01306786 0.99977719
0.01136217 -0.00755886 0.99990688
-0.01087786 -0.01563139 0.99981865
-0.01055768 -0.01946461 0.99975480
0.00134869 -0.02220189 0.99975260
-0.01223336 -0.02098503 0.99970494
0.01100639 -0.00908798 0.99989813
-0.00004566 -0.01369198 0.99990626
-0.00090004 -0.00945758 0.99995487
0.00260816 -0.00763040 0.99996749
0.01385475 -0.00270613 0.99990036
-0.00620885 -0.02351333 0.99970424
-0.01087497 -0.03292112 0.99939879
0.01289971 -0.01698862 0.99977247
-0.01840280 -0.01913173 0.99964759
-0.01433050 -0.01220324 0.99982284
-0.03677248 0.00439361 0.99931401
-0.00593714 -0.00880320 0.99994363
-0.03737838 -0.03450343 0.99870535
-0.00116161 -0.02475359 0.99969291
0.01091259 -0.01691690 0.99979735
0.02438511 -0.00693694 0.99967857
0.00053327 -0.02165527 0.99976535
0.02799509 -0.00816346 0.99957473
-0.00493748 -0.00287713 0.99998367
0.00308451 -0.01488183 0.99988450
0.00107006 -0.02277567 0.99974003
-0.00258319 -0.02122944 0.99977129
-0.02007117 -0.00257393 0.99979524
0.01419608 -0.02342893 0.99962471
-0.01335467 -0.02180067 0.99967314
0.02022476 -0.03993869 0.99899743
-0.04945799 -0.03168707 0.99827343
0.01527259 0.00898733 0.99984298
0.01672892 -0.00520904 0.99984649
0.02283685 -0.01934113 0.99955210
