0.00000000 0.00000000 0.00000000
-0.00616871 -0.00801855 0.81987042
0.00726774 -0.01004342 0.81229767
0.00945686 -0.00785554 0.81523142
0.01152687 -0.01102833 0.82084147
0.00640835 -0.01030542 0.82596272
0.01202695 -0.00988046 0.83248634
0.01449536 -0.00993817 0.82089250
0.00908398 -0.01315949 0.83108494
-0.00018608 -0.01186014 0.83113406
0.00724478 -0.00930643 0.82805962
-0.00564345 -0.00852123 0.83528313
0.00238994 -0.00581706 0.83037547
0.00245988 -0.01037103 0.83893974
-0.00394615 -0.01463081 0.83008744
-0.00615728 -0.01197415 0.83013963
-0.00455980 -0.01336079 0.83859477
0.00301436 -0.01084245 0.82774196
0.00381758 -0.01135799 0.85037093
-0.00111154 -0.01042701 0.83801709
0.00196069 -0.01226904 0.83938193
0.00131947 -0.01070874 0.84025434
-0.01241785 -0.00874340 0.83023906
-0.00384183 -0.01155572 0.84611612
-0.00858609 -0.00605547 0.84565035
-0.00650621 -0.01262347 0.84483512
-0.00224602 -0.01043163 0.84546288
-0.00457174 -0.00934260 0.83879758
0.00025727 -0.00929367 0.84513413
-0.00108009 -0.01073842 0.84462634
-0.00936764 -0.01147510 0.84085910
-0.00657296 -0.00956678 0.85002596
0.00280931 -0.00705173 0.86271023
-0.00269086 -0.01062299 0.84693088
-0.01029665 -0.01009199 0.84105824
-0.01112887 -0.00814605 0.84009765
-0.01436960 -0.00837550 0.84851357
-0.01002195 -0.01108174 0.84830889
-0.00551213 -0.00402585 0.84210321
0.00635518 -0.00979166 0.84477474
-0.00357849 -0.01014227 0.83518906
0.00160797 -0.01370281 0.82696857
0.00641038 -0.01282269 0.84456905
-0.00000638 -0.00648126 0.84378270
-0.00728713 -0.00965248 0.84793064
-0.00686752 -0.01173607 0.85070804
-0.00498524 -0.01094348 0.84948823
-0.00468543 -0.00722109 0.84307319
0.00063757 -0.00162986 0.84367110
-0.00298438 -0.00449407 0.85257474
-0.00156810 -0.00934203 0.85090690
0.00143593 -0.01030663 0.84175062
-0.00151401 -0.00545648 0.83805493
-0.00024887 -0.00262840 0.84350965
-0.00428413 -0.00225578 0.85693523
0.00328913 0.00127812 0.86517922
0.00504575 0.00481801 0.86587092
-0.01193746 -0.00351613 0.85142001
-0.00656963 -0.00204498 0.85455607
0.00755385 0.01177508 0.87182762
-0.01098312 0.00130403 0.84920202
0.00277162 -0.00150318 0.87293282
-0.01523098 -0.00507168 0.84890175
-0.01476170 -0.00658294 0.84954430
-0.02194860 -0.00386745 0.83735962
-0.01550190 -0.00564591 0.82656395
-0.00011308 -0.00303672 0.85940065
-0.01782225 -0.00937089 0.83701545
-0.01023817 -0.00576311 0.84683684
-0.01275116 -0.00614079 0.84408520
-0.01382760 -0.00414457 0.85007490
-0.03092168 -0.00825677 0.83443416
-0.01529302 -0.00389938 0.84112887
-0.00913360 -0.00430467 0.85422109
-0.03361947 -0.01127778 0.80656397
-0.04149577 -0.00915561 0.79938904
-0.00717590 -0.01220705 0.84337918
0.00453729 -0.01119029 0.85122956
-0.00998660 -0.01065957 0.84302153
-0.01459756 -0.00950926 0.82838291
-0.01545955 -0.00966123 0.83925444
-0.00135890 -0.00726759 0.84659889
0.00228627 -0.00817566 0.84620492
-0.00445608 -0.00935351 0.83433007
-0.01401533 -0.00972400 0.83690887
-0.00938232 -0.00536931 0.82838414
-0.00523547 -0.01457889 0.82737031
-0.00561649 -0.01070984 0.82388278
-0.00539571 -0.00378298 0.83512143
-0.01000584 -0.00510755 0.82629305
-0.01172069 -0.01136944 0.83482365
0.00066687 -0.01764069 0.82118617
0.00576262 -0.00688839 0.81977074
-0.01141588 -0.01255373 0.81631716
-0.00603336 -0.00635189 0.82683320
-0.02088043 -0.00870422 0.82497965
-0.02862273 -0.00946054 0.82640273
-0.00258882 -0.00967803 0.82584914
0.00693370 -0.01079751 0.83614971
-0.01318058 -0.00887278 0.81435753
-0.00626648 -0.00394527 0.81882988
-0.01010908 -0.00667771 0.81957173
-0.01887989 -0.00898663 0.82125001
0.00124884 -0.00583161 0.82121339
-0.00522229 -0.00753615 0.80746992
-0.00933797 -0.01061795 0.80016678
-0.00298541 -0.00924256 0.80459936
0.01000122 -0.00946099 0.81045149
0.01059302 -0.00661615 0.81082417
-0.00863437 -0.00940526 0.80724781
-0.01334936 -0.00900000 0.80434740
-0.01019924 -0.01057649 0.81068651
-0.00612649 -0.01102511 0.80018360
-0.00249581 -0.00777862 0.78725751
-0.00226160 -0.00657065 0.79029457
-0.00121171 -0.00226908 0.79187109
-0.00228683 -0.00462828 0.78975168
-0.00651488 -0.00860158 0.78751739
-0.01197971 -0.01217393 0.79169882
-0.00689095 -0.01433614 0.78058789
0.00367119 -0.01005254 0.77606822
-0.00288491 -0.00658243 0.76928436
-0.00663097 -0.00356911 0.77110406
-0.00269188 -0.00301008 0.78128912
0.00888245 -0.00507236 0.78879146
0.00859562 -0.00622282 0.77948235
-0.00617238 -0.00807948 0.76480350
-0.00245587 -0.00944410 0.77204993
-0.00109989 -0.00886810 0.76288734
-0.00567386 -0.00778956 0.76300645
-0.00138358 -0.00508624 0.76584208
0.00270594 -0.00804197 0.76167955
-0.00186131 -0.00770873 0.75156933
0.00081036 -0.00711150 0.75641658
-0.00125974 -0.00625743 0.75646225
0.00186857 -0.00870377 0.75389583
0.00509996 -0.00182268 0.74752393
-0.00519211 -0.00607934 0.74122171
-0.00264662 -0.00648639 0.73861973
-0.00401569 -0.00157379 0.73481793
-0.00055329 -0.00947321 0.73393325
-0.00164642 -0.00329244 0.73882971
-0.00330354 -0.00291553 0.73933940
-0.00665961 -0.00440557 0.72774334
-0.00574617 -0.00747420 0.73239174
-0.00259123 -0.01008872 0.73926085
0.00051029 -0.00195773 0.74975662
-0.01121797 -0.00647236 0.74766136
-0.01474180 -0.00279707 0.74116222
0.00851164 -0.00789809 0.75726106
-0.01148425 -0.00178848 0.75344115
-0.01359447 -0.00469069 0.76283081
-0.01515187 0.00400536 0.74980436
-0.01765165 -0.00292858 0.74591525
-0.02150386 -0.00075781 0.74342089
-0.00719656 -0.00388195 0.72856956
-0.00952018 -0.00699536 0.72840339
-0.01035720 -0.00707966 0.73371450
-0.00755415 -0.00634037 0.74010045
-0.01120938 -0.00030691 0.71970251
-0.00612602 0.00193764 0.72733019
-0.00789694 -0.00201298 0.73073922
-0.01062933 -0.00857437 0.72320343
0.00605054 -0.00451664 0.71329402
0.00184590 -0.00333158 0.71124715
-0.00446195 -0.00631221 0.71139872
-0.00804704 0.00059124 0.71538487
0.00063180 0.00522935 0.71400669
0.00279130 -0.00159580 0.72099322
0.00506902 -0.00687395 0.71797262
0.00287225 -0.00365117 0.71877238
0.00944069 0.00054299 0.71665484
-0.00112046 -0.00697894 0.72399686
-0.00067497 -0.00738278 0.72185664
0.00345693 -0.00675342 0.72574833
0.00496190 -0.00470747 0.72785718
-0.00556787 -0.00302848 0.73585780
-0.00508525 -0.00377973 0.73844810
-0.00254634 -0.00993931 0.74279588
0.00067167 -0.01288454 0.74394523
-0.00216241 -0.00538312 0.74236889
-0.00565645 -0.00272944 0.75026157
0.00030335 -0.00699135 0.75345110
-0.00207044 -0.00996922 0.76005357
0.00074379 -0.00957572 0.76109880
-0.00054564 -0.00728420 0.76272635
-0.00252180 -0.00800576 0.77683903
-0.00398637 -0.01157622 0.77877142
-0.00242807 -0.00871302 0.78167640
-0.00610445 -0.00809337 0.79260088
-0.00543222 -0.00831525 0.79436338
-0.00209013 -0.00841995 0.79824133
-0.00907814 -0.00654104 0.81050432
-0.00025154 -0.00852942 0.81176181
-0.00862281 -0.00598938 0.80444239
-0.00061106 -0.00941533 0.81601382
-0.00837046 -0.00800475 0.82348668
-0.00595213 -0.00965989 0.81909803
-0.00800227 -0.00795324 0.82727139
-0.00895001 -0.00977259 0.82316505
-0.00917614 -0.01235748 0.82305790
-0.00441523 -0.01049970 0.81617667
-0.00745041 -0.01054769 0.80954831
-0.00637684 -0.01246755 0.81167547
-0.00809243 -0.01376232 0.81122272
-0.00902510 -0.01131901 0.81765801
-0.01336807 -0.01128705 0.80382857
-0.00648094 -0.01120201 0.80731678
-0.01297808 -0.00773736 0.81388665
-0.01252650 -0.00891025 0.81629064
-0.01393933 -0.01217867 0.80946325
-0.01331870 -0.00459033 0.81116628
-0.01304667 -0.00722919 0.81444768
-0.00982567 -0.00732048 0.80983577
-0.01559460 -0.00348638 0.80951643
-0.01398150 -0.00245557 0.82008512
-0.01048808 -0.01185328 0.82238297
-0.01520070 -0.00940836 0.83251720
-0.01518324 -0.00599031 0.83546600
-0.01701539 -0.00698035 0.82494972
-0.01669265 -0.00784147 0.82505252
-0.02094770 -0.00916553 0.82233283
-0.02065243 -0.00610137 0.83876993
-0.01492205 -0.00368110 0.83815912
-0.01702569 -0.00535883 0.84004307
-0.01864631 -0.00936035 0.84076520
-0.01341345 -0.00843087 0.84214282
-0.01701096 -0.01088725 0.83818838
-0.01067905 -0.00728229 0.84195132
-0.01263423 -0.00913670 0.84178811
-0.01668716 -0.01037867 0.84390464
-0.01323743 -0.01107231 0.84725929
-0.01307581 -0.00856805 0.85161112
-0.01286629 -0.01013520 0.84899387
-0.01561509 -0.00747556 0.85275055
-0.01707239 -0.00511593 0.85502759
-0.02179917 -0.00620955 0.85138665
-0.01711937 -0.00885228 0.86311795
-0.01290812 -0.00944744 0.85435254
-0.01223065 -0.01020230 0.85539918
-0.01064664 -0.00979048 0.85307699
-0.00949904 -0.01084866 0.84405758
-0.01172865 -0.00842544 0.84956758
-0.00975020 -0.01070587 0.84495009
-0.00692188 -0.01249022 0.82834483
-0.01042946 -0.00869810 0.83758118
-0.00460283 -0.01080034 0.83242084
-0.00445971 -0.01170641 0.82924496
-0.00150878 -0.01167353 0.82768925
-0.00550870 -0.01093832 0.82319981
-0.00138174 -0.01042938 0.80802425
-0.00348161 -0.00442141 0.81107500
-0.00806618 -0.00842531 0.81253160
-0.00656411 -0.00900657 0.80795895
-0.00325357 -0.01031991 0.79325173
-0.00655389 -0.01310674 0.78303191
0.00032548 -0.00936115 0.76826892
-0.00829509 -0.01012588 0.76301663
0.00377749 -0.01302742 0.76602425
0.00038323 -0.00736200 0.75501966
-0.00333641 -0.01227766 0.75845659
0.00295855 -0.01026781 0.74804420
0.00100960 -0.01027588 0.73855896
-0.00245757 -0.01120116 0.73017590
0.00011597 -0.00786106 0.72361844
-0.00257774 -0.00837636 0.70419940
-0.00013008 -0.01034168 0.69115701
0.00318841 -0.01130621 0.67602412
0.00425886 -0.01198011 0.65339551
0.00556316 -0.00953681 0.63482649
0.00578710 -0.01015356 0.60613003
-0.00145925 -0.00503101 0.59476872
0.00025592 -0.00968209 0.55298669
0.00069546 -0.00651461 0.53094486
0.00266215 -0.00727682 0.49930328
0.00082069 -0.00708837 0.47947168
0.00021519 -0.00736603 0.46162002
-0.00266947 -0.00736037 0.45703273
0.00322340 -0.00708960 0.45354355
0.00505211 -0.00548873 0.44838189
0.00345200 -0.00488221 0.44861819
-0.00029755 -0.00778202 0.43987295
-0.00161212 -0.00412468 0.43856285
-0.00321322 -0.00684259 0.42977651
-0.00679833 -0.00508263 0.42141079
-0.01054070 -0.00280179 0.42159985
-0.01811630 -0.00318405 0.41226570
-0.02507583 -0.00524722 0.40441387
-0.03287560 -0.00516231 0.39464207
-0.04398085 -0.00320091 0.39956139
-0.04041218 -0.00176525 0.39651824
-0.03645428 0.00148344 0.38365256
-0.04243400 0.00153731 0.37841655
-0.05149742 -0.00503435 0.36684334
-0.04950260 -0.00968967 0.35975644
-0.04299335 -0.00979155 0.35630970
-0.03700612 0.00038783 0.35275774
-0.04354392 0.00542137 0.35271315
-0.05337863 0.00629774 0.35796499
-0.05274493 0.00430590 0.35410249
-0.05049024 0.00136425 0.35820023
-0.04669041 -0.00112585 0.36493130
-0.04369832 -0.00135997 0.36590952
-0.04203581 -0.00152193 0.36537716
-0.04641640 0.00825185 0.37027867
-0.05774079 0.00417423 0.37741342
-0.05743808 0.00582251 0.38230146
-0.05199161 -0.00203038 0.38844206
-0.05053594 0.00441980 0.39363066
-0.06043092 0.00557915 0.38801724
-0.05998917 0.00186377 0.39020780
-0.04023919 -0.01207198 0.36988829
-0.04936582 -0.00776967 0.38458858
-0.05462878 -0.01035473 0.39644204
-0.04857487 -0.01182572 0.41308050
-0.04460967 -0.00500814 0.42376064
-0.04631137 -0.00079447 0.43344061
-0.04009780 0.00000011 0.44161492
-0.03282634 -0.00032052 0.46047401
-0.02834798 0.00131257 0.47905281
-0.02771420 -0.00823056 0.49281006
-0.00957548 -0.00242398 0.50552670
-0.00846931 -0.00152523 0.51272408
-0.01461884 -0.00424565 0.52698049
-0.00944385 -0.00371348 0.53177899
-0.01297562 -0.00429002 0.54039233
-0.00272827 -0.00707419 0.55971832
0.00486088 -0.00492577 0.56942481
0.00176633 -0.00358441 0.57910281
0.00086511 0.00119737 0.59819433
-0.00681692 0.00269915 0.61350474
-0.00426382 -0.00434520 0.62395947
-0.00342983 -0.01394589 0.62357356
-0.00020858 -0.01132376 0.63375972
-0.00225773 -0.00796028 0.63740966
-0.00330630 -0.00363470 0.63152295
-0.00107257 -0.00370779 0.64335108
-0.00170577 -0.00856889 0.64865501
0.00425561 -0.00920205 0.65402179
-0.00223677 -0.01018830 0.65824619
-0.00587691 -0.01388397 0.66742595
0.00102984 -0.01197315 0.66908948
0.00834929 -0.01078271 0.67280279
0.00218721 -0.00269409 0.68781138
-0.00883106 -0.00898738 0.69199459
0.00112898 -0.00674739 0.69130123
0.00290890 -0.01268313 0.69943492
0.00123132 -0.00558457 0.70752396
0.00689267 -0.00857026 0.69745732
0.00503915 -0.00722898 0.71171908
-0.00050246 -0.01046204 0.72242132
0.00039230 -0.01251210 0.71771338
0.00170210 -0.01005521 0.71353686
-0.00153371 -0.00915515 0.71368103
-0.00368030 -0.00711715 0.72976540
0.00403908 -0.00440279 0.72910830
0.01020906 -0.00710153 0.72819051
-0.00234329 -0.01159169 0.73832728
-0.00961286 -0.00904346 0.74341934
0.00253063 -0.00451984 0.74720217
0.00773796 -0.00509072 0.74221319
0.00645432 -0.00678669 0.74602565
0.00132769 -0.01475954 0.74683762
-0.00361044 -0.00634623 0.74996655
0.00476056 -0.00579621 0.75107935
-0.00818459 0.00069110 0.77854023
0.00498493 -0.00971937 0.76328417
0.00407641 -0.01060939 0.76746942
-0.00223913 -0.00864601 0.76997000
0.00107745 -0.00274439 0.77834286
0.00206398 -0.00520520 0.77638304
0.00655196 -0.00625593 0.79251172
-0.00609940 -0.00597259 0.79882956
-0.00069998 -0.00470943 0.79601894
-0.00036733 -0.00594867 0.79400567
-0.00531708 -0.00858639 0.80154742
-0.00234547 -0.00731659 0.80446302
-0.00635518 -0.00918773 0.80948100
-0.00598377 -0.00519727 0.80565167
-0.00644152 -0.00649822 0.80965534
-0.00402152 -0.00609585 0.81201281
-0.00606572 -0.00992520 0.81045643
-0.00493817 -0.01210012 0.80957962
-0.00923406 -0.01061209 0.80276337
-0.00534488 -0.00720725 0.80224192
-0.00735115 -0.00968512 0.79287631
-0.00970798 -0.00718646 0.79021731
-0.00545263 -0.00411524 0.79662600
-0.00292605 -0.00695718 0.79326424
-0.00624115 -0.00872483 0.79979244
0.00005540 -0.01152294 0.78776142
0.00146553 -0.00364571 0.78644117
-0.00626140 -0.00302658 0.79354095
-0.00665078 -0.01046325 0.79886705
-0.00598429 -0.02234813 0.78121294
-0.00583234 -0.01795782 0.78228356
0.00122987 -0.01482989 0.76507747
-0.00639525 -0.01065174 0.77900301
-0.00640752 -0.01090941 0.77972120
0.00131822 -0.01027541 0.78380594
0.00203947 -0.01629296 0.78261996
-0.00255179 -0.01275325 0.78139128
-0.00611657 -0.00797386 0.77900394
-0.01308387 -0.00794412 0.77032386
-0.00261224 -0.00598775 0.79735333
0.00138238 -0.01163019 0.79991364
-0.00815158 -0.01013597 0.79241567
-0.01887918 -0.00319684 0.79768432
-0.00696532 -0.00977610 0.80064144
0.00155371 -0.01020440 0.80634919
0.00384985 -0.00520181 0.81396930
-0.00245593 -0.00484441 0.81543486
0.00632290 -0.01098659 0.82205271
0.00117785 -0.00728203 0.81949018
-0.00559619 -0.00463441 0.81720039
0.00010997 -0.00504445 0.81885895
-0.00229730 -0.00804327 0.82250972
0.00197756 -0.01260245 0.82927322
-0.00034612 -0.00496152 0.85780614
-0.00537863 -0.00235084 0.85179558
0.00726422 -0.00623344 0.84806358
0.00917073 -0.01031942 0.84385912
0.00137055 -0.00739845 0.85467334
-0.00032038 -0.00576050 0.85665577
-0.00433657 -0.01235646 0.86173698
-0.00461270 0.00407275 0.86533562
-0.00909698 -0.00614139 0.86752664
-0.00035633 -0.00785944 0.86075230
0.00112491 -0.01382005 0.84657552
-0.00146581 -0.00958836 0.85692106
0.00173630 -0.00992474 0.85306392
0.00089810 -0.00896573 0.86429690
-0.00285561 -0.01099345 0.86143034
0.00183775 -0.01184598 0.87607111
0.00327269 -0.01157142 0.85954108
-0.00368507 -0.01315274 0.85419498
-0.00764864 -0.01171061 0.86284018
-0.00245879 -0.00666952 0.84860277
0.00198553 -0.00493855 0.87260738
0.00166970 -0.00731175 0.85695223
-0.00743019 -0.00416065 0.85196258
-0.00460156 -0.00275359 0.84845308
-0.00534143 -0.00450841 0.85156896
-0.00165123 0.00248715 0.84718133
-0.00650713 -0.01560783 0.85289376
-0.00265113 -0.01317779 0.84707990
-0.00666100 -0.00492391 0.85256886
-0.00132961 -0.00734003 0.84192052
0.00140311 -0.01241129 0.85550186
-0.01680611 -0.01452444 0.82388741
-0.01719183 -0.01118718 0.84480191
-0.00568352 -0.00848936 0.83789459
0.00438068 -0.00815255 0.84248245
-0.00513579 -0.00971420 0.85658625
-0.00711018 -0.00796243 0.85781246
0.00251368 -0.00442894 0.85141719
0.00653564 -0.01064995 0.84558242
0.01080608 -0.00167836 0.85036411
0.00275224 -0.00365224 0.85965511
0.00736716 -0.00529112 0.84945944
0.00436953 -0.00822740 0.85081778
-0.00295171 -0.00237957 0.85172888
-0.00791122 -0.00753260 0.83877738
-0.02074072 -0.01189410 0.83917783
-0.01562558 -0.01137507 0.84227179
-0.01450964 -0.01063466 0.84378569
-0.01698800 -0.01201242 0.85780767
-0.01314393 -0.01266390 0.84551775
-0.00034380 -0.01298396 0.85886308
-0.01114352 -0.00959920 0.84899751
-0.00539898 -0.01366589 0.85021353
0.01045679 -0.01292779 0.84830371
0.00466902 -0.01634861 0.85877219
0.00250725 -0.01447498 0.86509829
-0.00474443 -0.01686571 0.85937880
0.00325820 -0.01314870 0.85581750
-0.00801484 -0.01260537 0.85254859
-0.00547810 -0.01196956 0.87084665
-0.00693097 -0.01111425 0.86081620
-0.00743787 -0.01664149 0.86384137
-0.00648369 -0.01106241 0.86637680
-0.01290171 -0.00948863 0.84990691
-0.00230520 -0.01397810 0.86996260
-0.00076092 -0.01391722 0.86440003
-0.00554588 -0.00595287 0.85701093
0.00621903 -0.00623199 0.86503391
-0.00452519 -0.00594045 0.85740141
-0.00386623 -0.01187959 0.86694790
-0.00110707 -0.00944206 0.86716018
0.00399013 -0.01347678 0.87104350
0.00541050 -0.01047219 0.85776765
-0.01139058 -0.00987361 0.85680017
0.00545855 -0.00608965 0.87452944
0.00831157 -0.00374359 0.86572638
0.00584174 -0.00482267 0.87659764
-0.00356309 -0.01249616 0.89250465
-0.00241695 -0.00664091 0.86172002
-0.00056067 -0.00880362 0.86120090
-0.01120914 -0.00998860 0.87112744
-0.00486170 -0.00787020 0.87735824
-0.00529652 0.00146236 0.87256548
-0.00012379 -0.00571814 0.88286564
0.00151922 -0.00809278 0.88358745
0.00294886 -0.00236729 0.86730885
0.00072962 0.00259880 0.86087451
-0.00578926 -0.00228138 0.87929320
0.00822471 -0.01137557 0.88612799
0.00923347 0.00076916 0.86224113
-0.00893298 -0.00632414 0.86400436
0.00193214 -0.00111098 0.87242839
0.00174909 -0.00839111 0.85704288
-0.00932968 -0.00548839 0.84692338
0.00510461 -0.00097277 0.87470950
-0.01149693 -0.01411124 0.85411503
-0.00107717 -0.00795509 0.85080442
-0.00439872 -0.01281005 0.84683293
0.00830431 -0.00479133 0.85350321
0.00207712 -0.01271554 0.84504613
-0.00905602 -0.02514536 0.82953193
0.00371709 -0.01606766 0.81212865
0.00668156 0.00747930 0.81726309
-0.00434933 -0.00009888 0.83881351
-0.00353598 -0.01384930 0.83761950
-0.00417338 -0.01277288 0.82269640
-0.00698967 -0.01635124 0.81903459
0.00997719 -0.01248867 0.78829133
0.00914059 -0.01688502 0.77465700
0.01227473 -0.01012575 0.76965858
0.00966462 -0.00856433 0.75458389
0.01092863 -0.00855467 0.74362010
0.02274256 -0.00705301 0.73980421
0.01837340 -0.00715983 0.72612298
0.02893423 -0.00614288 0.72460061
0.02601564 -0.00910703 0.70717165
0.03222227 -0.00781451 0.69496328
0.01968447 -0.00176524 0.68991035
0.02685053 0.00046773 0.70495176
0.03111701 -0.01194285 0.69736624
0.02698981 -0.01143465 0.68827953
0.01620522 -0.00210527 0.67958643
0.01330000 -0.00007736 0.68866813
0.02387805 -0.00586307 0.69387332
0.03664533 -0.00941951 0.67711710
0.02657446 -0.01000591 0.66866833
0.01939719 -0.00811465 0.65911550
0.02236387 -0.00952126 0.66113656
0.02733896 -0.00853971 0.65434698
0.03319498 -0.00813452 0.65999556
0.02530804 -0.00915900 0.66352512
0.02900588 -0.01081225 0.64487809
0.02887038 -0.00787055 0.64065405
0.02868420 -0.00834480 0.64352798
0.02244036 -0.00594864 0.64388235
0.02793476 -0.00129836 0.62023402
0.03163217 -0.00219332 0.63050489
0.03942558 -0.00371012 0.63432069
0.02906011 -0.00695323 0.63353622
0.01652061 -0.00913987 0.63191753
0.02199094 -0.00884810 0.62735308
0.03304153 -0.00942998 0.62835229
0.03161993 -0.00753630 0.61789306
0.02244674 -0.00479603 0.61827178
0.02203804 -0.00259353 0.62568564
0.02780284 -0.00468668 0.63279029
0.03341460 -0.00916898 0.62282217
0.02436267 -0.01599991 0.62736476
0.01635724 -0.01325080 0.62501828
0.01395037 -0.01277213 0.61596238
0.02230421 -0.00135093 0.62046098
0.02369637 -0.00000933 0.62622031
0.02705281 -0.00072104 0.62721470
0.01904483 -0.00707253 0.63087169
0.01373674 -0.01083606 0.63277597
0.01314582 -0.00576568 0.64027063
0.02017932 -0.00439516 0.64242557
0.02360751 -0.00297158 0.65139821
0.02026547 -0.00630051 0.65262057
0.02328909 -0.00646809 0.65475121
0.01200311 -0.00437349 0.66154592
0.00608203 -0.00605983 0.66509201
0.01141806 -0.00440985 0.66195353
0.00969058 -0.00738792 0.67111062
0.00701570 -0.00587032 0.67469549
0.01230118 -0.00619859 0.67735529
0.00930467 -0.00168086 0.69165219
0.00019609 -0.00444851 0.69600739
-0.00343311 -0.00890689 0.70827994
0.01126237 -0.00636231 0.70561552
0.00603886 -0.00846004 0.69501076
-0.00012546 -0.01154168 0.71397185
0.00152739 -0.00904638 0.71320736
-0.00047295 -0.00844270 0.70644066
-0.00141544 -0.00903803 0.70702873
0.00138713 -0.00864401 0.71375419
0.00646553 -0.00349913 0.70333217
0.00008532 -0.01133085 0.69692388
-0.00443686 -0.01465260 0.68980543
-0.00360256 -0.00935924 0.70175328
0.00304800 -0.00325243 0.70486749
-0.00023406 -0.01115655 0.71909495
0.00517040 -0.01841768 0.71284776
-0.00398356 -0.00623661 0.71330244
0.00561543 0.00193693 0.72448455
0.00616476 -0.00495171 0.72408789
-0.01138193 -0.00940979 0.72304524
-0.00231104 -0.00998306 0.74379851
0.00633647 -0.00626114 0.73791027
0.00434731 -0.00644466 0.73897740
0.00045925 -0.00556627 0.74908762
-0.00272558 -0.01064015 0.74412810
-0.00099454 -0.00608288 0.75815454
0.00376393 -0.00854707 0.76456800
0.00085822 -0.01035924 0.75931826
-0.00204128 -0.00487152 0.76285710
-0.00448387 -0.00849449 0.77297347
0.00198422 -0.00976050 0.77646307
-0.00407798 -0.00713370 0.77636482
-0.00859823 -0.00945818 0.77704596
-0.00537957 -0.00941068 0.78047211
-0.00141811 -0.01409599 0.77390186
0.00058668 -0.00886377 0.78256459
-0.00404149 -0.01193484 0.78031862
-0.00330268 -0.01145663 0.77939793
0.00235562 -0.00865576 0.77641097
0.00581441 -0.00765039 0.78290484
0.00879910 -0.00614892 0.79064926
0.00266063 -0.00965718 0.77615711
-0.00051038 -0.01046354 0.77141484
-0.00120362 -0.00561739 0.77560786
-0.00367723 -0.00759639 0.76705720
-0.00462609 -0.00817186 0.76789988
-0.00492832 -0.00966394 0.78107184
-0.00580907 -0.00796784 0.78217127
-0.00459172 -0.00642389 0.78274809
-0.01198560 -0.00630378 0.77097403
-0.01307201 -0.00992398 0.77510844
-0.00831488 -0.00682967 0.77543492
-0.00647913 -0.00723752 0.76920299
-0.00661097 -0.00414966 0.77385261
0.00082579 -0.00386585 0.77643010
-0.00069141 -0.00399103 0.78249137
-0.00201180 -0.01074745 0.78185395
-0.00833657 -0.00489117 0.77853145
-0.01589581 -0.00924258 0.77550945
-0.01383327 -0.01747249 0.78289522
-0.01359171 -0.01702268 0.78636743
-0.01845950 -0.00812984 0.78443264
-0.02077780 0.00192996 0.77955934
-0.00241312 -0.00056470 0.79246077
0.00898341 -0.00948543 0.81423847
-0.00085855 -0.01300976 0.80239525
-0.01094940 -0.01057164 0.79980826
-0.01076300 -0.01368431 0.79685100
-0.00289796 -0.01183566 0.79950145
-0.00614255 -0.01147883 0.79568120
-0.00852998 -0.00705188 0.80520372
-0.00732917 -0.00607635 0.80814089
0.00328885 -0.01199195 0.81719198
0.00351962 -0.01177266 0.81440293
0.00221158 -0.00622404 0.81190922
0.00435244 -0.00476705 0.81804830
0.00787151 -0.00512304 0.83326581
0.00782596 -0.00910812 0.83621401
-0.00133955 -0.01428862 0.82850262
-0.00320088 -0.00840155 0.83617732
-0.00872470 -0.00601895 0.84027493
-0.01483757 -0.01362619 0.85297489
-0.01848881 -0.01305370 0.86330001
-0.00382569 -0.00217812 0.85359526
-0.00675468 -0.00859929 0.86870083
-0.01021853 -0.01638952 0.87511894
-0.00995420 -0.01580153 0.86984419
-0.00382395 -0.00987582 0.86796187
0.00313842 -0.00996441 0.86567908
-0.00715387 -0.00756639 0.87539883
-0.00219997 -0.00255800 0.87009034
-0.00664154 -0.00555622 0.86991217
-0.01077123 -0.00944118 0.86306381
-0.00617117 -0.00498071 0.87340070
-0.00083467 -0.00305194 0.86673596
0.00012886 -0.00477874 0.87768691
-0.00132127 -0.00896838 0.86338295
-0.00061603 -0.00846082 0.85860447
0.00395193 -0.00531431 0.86625643
-0.00553163 -0.01007761 0.87674065
-0.00089798 -0.00698201 0.85465765
0.00510568 -0.01367239 0.85222154
-0.00064341 -0.01460885 0.86527145
-0.01038038 -0.01355325 0.85249611
-0.00531118 -0.01114605 0.84961121
-0.00887263 -0.00689400 0.84653078
-0.00792597 -0.00641388 0.84886750
-0.00938544 -0.01187954 0.86417234
-0.00149205 -0.01279095 0.85079945
0.00322739 -0.00686585 0.84789102
0.00355556 -0.01048520 0.84059611
0.00787823 -0.00915017 0.83036293
0.01109666 -0.00661441 0.84435996
0.00443330 -0.00757200 0.83853575
-0.00393468 -0.00858793 0.84127663
-0.00355576 -0.00608902 0.84097161
0.00117525 -0.00799962 0.83568824
0.01111422 -0.00566272 0.82529818
0.01117691 -0.00307093 0.83549228
0.01269563 -0.00406257 0.83781857
0.01539501 -0.00807761 0.83806978
0.01214005 -0.01010598 0.82927962
0.00895782 -0.00305829 0.83105771
0.00714058 -0.00029424 0.81487149
-0.01132089 -0.01775022 0.84117276
0.00803699 -0.00326049 0.82589542
0.00671687 -0.00455506 0.82334552
0.00203762 -0.00611510 0.84636347
0.00201122 -0.01134384 0.82813332
0.00571691 -0.01147415 0.82455416
0.01026977 -0.01106850 0.81798064
0.01019586 -0.01207213 0.81206113
0.00797308 -0.01496076 0.81476086
0.01009931 -0.01030619 0.81266560
0.01391916 -0.00910844 0.81392545
0.01256129 -0.01191291 0.81290673
0.01869263 -0.00953506 0.81251409
0.01059617 -0.00412673 0.81704234
0.01417827 -0.00793816 0.82459255
0.01918638 -0.01590682 0.80883884
0.01371901 -0.01378773 0.79598218
0.01446403 -0.01509782 0.79384841
0.01223983 -0.00260308 0.79227902
0.00627062 -0.00491235 0.79390345
0.00687836 -0.00188079 0.79275635
0.00337515 -0.00826938 0.79181381
0.01451892 -0.01235394 0.78722399
0.01799019 -0.01730545 0.77335253
0.01189709 -0.01182785 0.76120024
0.00590700 0.00550860 0.75356257
0.01528482 -0.00022036 0.76907181
0.01055514 -0.00656335 0.75132267
0.01724193 -0.00278044 0.75298568
0.00700747 -0.00381115 0.75674657
0.00948059 0.00003750 0.75962939
0.01308496 -0.00809047 0.74631849
0.01832958 -0.00688814 0.76837173
0.01935920 -0.00954600 0.73678151
0.01794907 -0.00103357 0.73934989
0.02401791 -0.00710756 0.76316413
0.03867837 -0.00117859 0.71620531
0.02676844 -0.00087825 0.75003002
0.03322387 -0.00649329 0.73939745
0.03993307 -0.01108663 0.72931363
0.03993250 -0.01166984 0.72376702
0.03307834 -0.01401874 0.71633268
0.02165009 -0.00368731 0.70836289
0.02646693 -0.00807689 0.69775227
0.03215697 -0.00818171 0.70197231
0.03077600 -0.00806725 0.70129437
0.02282636 -0.00315513 0.68862835
0.03318974 -0.00983743 0.68139301
0.03445293 -0.01280645 0.69554362
0.02706187 -0.01206850 0.68365199
0.01837241 -0.01260651 0.68379474
0.02172196 -0.00543451 0.67822195
0.02190162 -0.00354857 0.67997351
0.01800918 -0.00356372 0.67659024
0.00288199 -0.00013723 0.68598145
0.00356274 -0.00096159 0.70578422
0.01188220 -0.00455105 0.69623327
-0.01279872 -0.01686934 0.67712486
-0.00651474 -0.01100078 0.68973305
-0.00943122 -0.00233776 0.68720824
-0.00374929 -0.00354492 0.69838458
-0.00648881 -0.00632985 0.69921448
-0.00402776 0.00007189 0.70498892
-0.00649868 -0.00331827 0.70935928
-0.02157372 -0.00562995 0.72471046
-0.02673371 -0.00466792 0.72451219
-0.02973649 -0.00535608 0.72243654
-0.01632165 -0.00654929 0.73579836
-0.00957865 -0.00817346 0.73369380
-0.02360444 -0.00326919 0.73572032
-0.01426949 -0.00091761 0.74922010
-0.00685709 -0.00293326 0.76434967
-0.00193741 -0.00461261 0.78368164
-0.01535092 -0.00189023 0.76635654
-0.00408814 -0.00080379 0.78885021
-0.00417166 -0.00582111 0.79279073
-0.00926952 -0.00738467 0.78343146
-0.00272366 -0.00572279 0.78836758
0.00075447 -0.01094964 0.79295172
-0.00562850 -0.00419253 0.77589080
-0.00645997 -0.00447115 0.77772678
-0.00181035 -0.00243512 0.78843901
-0.00767537 -0.01160330 0.77554156
0.00519859 -0.00904313 0.77603154
-0.00203858 -0.01645931 0.76572169
-0.00575292 -0.00327144 0.78066397
0.00277038 -0.00520608 0.78150462
0.01238067 -0.00533052 0.77863007
-0.00310088 -0.00827712 0.77913053
-0.00636178 -0.00025940 0.76511239
-0.00797133 -0.00520050 0.76983562
0.00101418 -0.00919395 0.76938937
0.00419239 -0.01289153 0.76814608
-0.00437437 -0.01012862 0.75557622
-0.00976025 -0.01111250 0.75042780
0.00292621 -0.01149923 0.76144091
0.00471587 -0.00580989 0.77639730
-0.00065794 -0.00195252 0.76987399
-0.00454380 -0.00908122 0.77130056
-0.00957773 -0.01130627 0.77516004
-0.00477307 -0.00911084 0.77964789
-0.00953257 -0.00979126 0.77546406
-0.00534218 -0.00860075 0.77001033
-0.00651702 -0.00753313 0.78544616
-0.00260566 -0.00905440 0.78443958
0.00094519 -0.01187051 0.77670603
-0.00452554 -0.00687396 0.78634486
-0.00349721 -0.00391717 0.80674791
-0.00295003 -0.00751094 0.80716021
-0.01152884 -0.01145750 0.79029763
-0.00875112 -0.00633809 0.80878047
-0.01199736 -0.00197348 0.80230481
-0.00019797 -0.00470414 0.81703744
0.00410712 -0.00818550 0.82320060
0.00316105 -0.00726100 0.81667689
-0.00339247 -0.01044677 0.81570594
-0.00643653 -0.01117297 0.81790449
-0.00286698 -0.01005148 0.81536899
-0.00719250 -0.00671948 0.81335597
-0.01027056 -0.00493914 0.82592533
-0.01537904 -0.00534368 0.84663304
-0.01620520 -0.01161257 0.83786559
-0.01596638 -0.00589741 0.85443919
-0.01205436 0.00129826 0.84502840
-0.01521567 -0.00770710 0.84371823
-0.00833178 -0.00554345 0.83903999
-0.00421881 -0.00327792 0.84650676
-0.00553514 -0.00765527 0.85205686
-0.00120653 -0.01350992 0.85498794
-0.00703644 -0.00083436 0.85450146
-0.01504218 0.00116135 0.85549495
-0.00945103 -0.00264281 0.86283624
-0.00187048 -0.00485878 0.87251398
-0.00468278 -0.00683668 0.87374426
-0.00043408 -0.00701401 0.87028758
-0.00320435 -0.01279740 0.86507252
-0.00758133 -0.00292184 0.87402217
-0.01200464 -0.00452085 0.87017572
-0.00676779 -0.00897002 0.87875689
-0.01195394 -0.01122983 0.87192763
-0.01049423 -0.00186932 0.87884771
-0.01440256 -0.00566807 0.87758541
-0.01595865 -0.00340975 0.87205803
-0.01871469 -0.00385530 0.86842451
-0.01332061 -0.00480148 0.87903620
-0.01597668 -0.00621740 0.88076097
-0.00500216 -0.01002033 0.89638336
0.00368005 -0.01154647 0.89374793
-0.00228737 -0.01448449 0.87860259
0.00032875 -0.01277085 0.88324060
-0.00290873 -0.01080323 0.87127570
-0.00205535 -0.00776916 0.88938196
0.00682084 -0.00256044 0.89956561
-0.02038790 -0.00621372 0.87328067
-0.00643373 -0.01074277 0.88023273
0.00115034 -0.01399893 0.87968745
0.00409035 -0.01307622 0.87840347
-0.00287466 -0.00965784 0.88694243
-0.00571325 -0.00946586 0.87438154
-0.00128354 -0.00716031 0.88678800
0.00371791 -0.00778249 0.88956670
-0.00558058 -0.01175138 0.87711519
-0.00699131 -0.00825364 0.88516372
-0.00898397 -0.01250560 0.88185872
-0.00539540 -0.01199904 0.88656553
-0.00873936 -0.01121126 0.87181154
-0.01179502 -0.01073401 0.87257376
-0.01210460 -0.01287071 0.86946297
-0.00056048 -0.01273714 0.86546882
-0.00138687 -0.01094219 0.86436386
-0.00943578 -0.00909971 0.86630035
-0.01728613 -0.00956650 0.86567522
-0.00765057 -0.01348507 0.87073320
-0.00321227 -0.00865474 0.86786243
-0.00216240 -0.00555488 0.85951584
0.00003022 -0.00372644 0.86412383
0.00378087 -0.01692823 0.88278381
-0.00011447 -0.01548684 0.87002183
0.00573779 -0.01755796 0.87138799
0.00455944 -0.01489781 0.86021421
0.00383584 -0.01303953 0.85552573
0.00553556 -0.01268485 0.84934575
0.00895808 -0.00963863 0.87736593
0.00378891 -0.01055781 0.87260479
-0.01354822 -0.01242651 0.85838292
-0.00559884 -0.01286568 0.86374683
0.00827339 -0.00848767 0.88570614
0.00145131 -0.00721021 0.86916677
0.00371768 -0.00452893 0.87843948
-0.00076605 -0.00162100 0.87071790
-0.00135183 -0.00691480 0.86486497
0.00111119 -0.01402137 0.86914171
-0.01422097 -0.01261537 0.84111751
-0.00404647 -0.00762750 0.85520885
-0.00224971 -0.01457397 0.85821796
-0.00536262 -0.01490483 0.85370327
0.00269822 -0.00805411 0.85816563
-0.00269163 -0.01339213 0.83480776
0.00022423 -0.00549355 0.83962570
-0.00312931 -0.01003625 0.83118898
-0.00538672 -0.00695337 0.82850997
0.00033144 -0.00735189 0.82822137
-0.00169870 -0.00925415 0.81929518
-0.00543852 -0.00657001 0.81562877
-0.00778237 -0.00787193 0.81016983
-0.00257694 -0.01138446 0.80920816
-0.00466309 -0.01072513 0.79674150
-0.01284043 -0.01268663 0.79846154
-0.00152205 -0.01093510 0.79348761
0.00177505 -0.00595422 0.77242916
0.00732713 -0.00447661 0.76030792
0.00325295 -0.00817430 0.74969305
0.00886698 -0.00721847 0.72636442
-0.00244593 -0.01325979 0.71610154
-0.00510727 -0.00463176 0.71051616
-0.00715248 -0.00697671 0.69954489
-0.00175795 -0.01112066 0.67535898
-0.01410160 -0.00665670 0.67176126
-0.00283335 -0.00447422 0.65940930
0.00478462 -0.00212482 0.64544303
0.00102366 -0.00906737 0.62223129
-0.00451682 -0.00867625 0.61652759
0.00168823 -0.01374753 0.60777711
0.01076652 -0.00932363 0.58593701
0.01426002 -0.00122199 0.57148823
-0.01042151 -0.00498127 0.54914297
-0.00630075 -0.00005647 0.54730099
0.01167199 0.00308793 0.54031661
0.01496231 -0.00740704 0.51659175
0.01529631 -0.00240325 0.49494560
0.00212343 -0.00309022 0.46241171
0.00207460 -0.00192798 0.43946461
-0.00727825 -0.00311680 0.40937640
0.01097572 -0.00218282 0.40123409
0.01198023 -0.00160765 0.38127403
0.00875715 -0.00231411 0.36169190
0.00068932 0.00091084 0.33839154
-0.00203213 0.00069060 0.31800269
0.00209973 0.00150571 0.30335433
0.00910373 0.00102948 0.27782406
0.00645798 0.00352044 0.25317741
0.00405972 0.00416146 0.23448598
0.00443598 0.00380442 0.21322135
0.00421379 0.00326844 0.19594510
0.00027403 0.00189434 0.18037065
-0.00073793 0.00039548 0.16431063
0.00138681 -0.00670832 0.14764023
0.00050220 0.00297089 0.13157104
-0.00160880 0.00458483 0.11342373
0.00038585 0.00790317 0.10772933
0.00122701 0.00618651 0.10727085
-0.00403499 0.00625014 0.10681945
-0.00057337 0.00760960 0.11145694
-0.00341743 0.00851689 0.11421908
-0.00063111 0.00641865 0.11227198
0.00282361 0.00702147 0.11242786
0.00456226 0.00662768 0.11361567
-0.00613037 0.00613547 0.10721017
-0.01174033 0.00793055 0.10596915
-0.00767956 0.00521745 0.11279658
-0.00703409 0.00297263 0.12253485
-0.00477961 0.00067648 0.12962411
-0.00618080 0.00432074 0.15918916
-0.00487845 0.00680414 0.18308909
0.00158750 0.00841174 0.21055226
-0.00002932 0.00643265 0.23344442
0.00097360 0.00652295 0.25643622
-0.00473532 0.00801326 0.28016095
-0.01167645 -0.00405022 0.28856783
-0.00211654 -0.00231733 0.31151532
-0.00191078 0.00450539 0.33072682
-0.00526047 0.00241021 0.35784654
-0.01532331 -0.00145109 0.37798602
-0.00586030 -0.00145665 0.39428731
0.00194794 0.00762598 0.40715575
0.00618710 0.01525356 0.42737514
-0.00576889 0.00461738 0.43336837
-0.00447277 -0.00206990 0.45283874
-0.00204024 0.00226706 0.46449298
-0.00887242 -0.00524219 0.48066240
-0.00271477 -0.00493906 0.49321407
0.00669469 -0.00140192 0.49738822
0.00717247 0.01191776 0.51740970
0.00879021 0.01302990 0.54211244
0.00703221 0.01390667 0.55916882
-0.00495481 0.00352774 0.57443051
0.00119360 -0.00382815 0.59866196
0.00511718 -0.00385318 0.60238410
0.00820684 -0.00284029 0.61118713
0.00775737 -0.00025284 0.62500896
0.00233538 -0.00064702 0.63528264
0.00335598 -0.00286201 0.64586494
0.00306110 -0.00448043 0.65378501
0.00614216 -0.00322264 0.66578498
0.00116852 0.00049708 0.67328839
0.00213896 -0.00283754 0.68018928
0.01048786 -0.00948210 0.68999497
0.00653305 -0.01313629 0.69531704
-0.00061792 -0.01043418 0.69306544
-0.00028486 -0.00232248 0.69451786
0.00823604 0.00360653 0.71240862
0.00813986 -0.00503942 0.70843039
0.00898512 -0.00207950 0.73417255
0.01300976 -0.00314931 0.73167717
0.00773311 -0.00891844 0.73546484
0.00141099 -0.01346136 0.73851737
0.01066272 -0.01515064 0.74242140
0.01669257 -0.00707384 0.74214333
0.01429816 0.00259136 0.75461309
0.01677727 0.00036469 0.76468488
0.01534980 -0.00240516 0.77166774
0.01611488 -0.00725471 0.78942184
0.01293340 -0.00924224 0.78670017
0.00906932 0.00008610 0.80377051
0.00244508 -0.00376177 0.79012227
0.00885741 -0.00198208 0.80661116
0.01202500 -0.00475744 0.81216960
0.01170021 -0.00367904 0.82940727
0.00520486 -0.00679566 0.81219572
0.00131507 -0.00860294 0.81771941
0.00090947 -0.00596252 0.83980826
0.00969314 0.00335164 0.82130317
-0.01193271 -0.00070142 0.81235838
-0.00639421 -0.00657640 0.83484132
-0.00203454 -0.00915076 0.82809566
0.00257822 -0.00172080 0.83091441
-0.00921278 -0.00426325 0.83080168
0.00222530 -0.00413850 0.83627613
0.00888124 -0.00541719 0.84927753
-0.00157218 -0.00264610 0.84138436
-0.00171581 -0.00443869 0.83602073
0.00988839 -0.00649417 0.83656024
0.00065848 -0.01292286 0.82213953
-0.00293276 -0.00782306 0.83781795
-0.00578432 -0.00708968 0.82538991
-0.00310679 -0.00630208 0.82911860
-0.00443043 -0.00360599 0.83154246
-0.00551713 -0.00536813 0.85053412
-0.00866100 -0.01268650 0.83368330
0.00197549 -0.00880657 0.83145700
0.00320522 -0.00581536 0.82175208
-0.00240646 -0.00879045 0.82337893
-0.00271221 -0.01013189 0.82382748
0.00170495 -0.01053236 0.81021738
0.00442498 -0.00862573 0.80629699
-0.00361890 -0.01018251 0.80114164
0.00287021 -0.00850713 0.81551084
-0.00230539 -0.01078893 0.80566703
0.00259269 -0.01101584 0.78731323
0.00762985 -0.00902222 0.80550695
-0.00135581 -0.01020423 0.79480488
-0.00843391 -0.01566920 0.77826744
-0.00260984 -0.01233265 0.78172430
0.00354399 -0.00994612 0.77077072
-0.00308976 -0.01215344 0.77246864
-0.00750421 -0.00930535 0.76073559
0.00017596 -0.00928654 0.76657925
-0.00277998 -0.01044127 0.78011565
0.00096559 -0.00962792 0.77001623
-0.01204435 -0.01038029 0.76350600
-0.00988702 -0.01019470 0.76251548
-0.00706677 -0.01077957 0.75496943
-0.00602639 -0.01002544 0.76228574
-0.01126432 -0.00791754 0.77419932
-0.00438247 -0.01048656 0.75875238
-0.00229425 -0.01084509 0.77030754
-0.00135793 -0.01015898 0.75905862
-0.00228647 -0.00433430 0.76849748
-0.00024820 -0.00774646 0.77976340
-0.00025792 -0.00691079 0.78195719
0.00893023 -0.00902921 0.76760805
0.00578583 -0.00609803 0.78042395
0.00368376 -0.00864129 0.78989033
0.00011604 -0.00689395 0.79410016
0.00534526 -0.01071365 0.78156241
0.00540544 -0.01033251 0.79662950
0.00671649 -0.00825681 0.77539520
0.00517556 -0.00782409 0.77841968
0.00531474 -0.01000285 0.77626892
0.00367064 -0.00677913 0.77724185
0.00104371 -0.00767668 0.78028186
0.00231223 -0.00963545 0.78573482
-0.01279095 -0.00849314 0.78471653
-0.00352398 -0.00547676 0.78063758
-0.00493346 -0.00802428 0.79403106
0.00151385 -0.00805012 0.79111569
-0.00309366 -0.00683002 0.78530015
-0.00753546 -0.00799790 0.80231887
-0.00192543 -0.00989202 0.80003854
0.00506003 -0.01448458 0.80233078
0.00620774 -0.01126948 0.80076600
0.00686577 -0.01002247 0.80672170
0.01437009 -0.00802029 0.80557068
0.00274838 -0.01253198 0.80493687
0.00151027 -0.01274817 0.81069980
0.01090561 -0.00728120 0.81108857
0.00584293 -0.00295257 0.81685300
-0.00675346 -0.00634731 0.83191576
0.00888156 -0.00693118 0.83512986
0.00383486 -0.00644217 0.82997343
-0.00172311 -0.01133719 0.83289301
0.00466274 -0.01266141 0.83617284
0.00704023 -0.01716121 0.83999642
0.00344637 -0.01055089 0.82672769
0.00063140 -0.00788002 0.84325203
0.00131920 -0.01126835 0.84217489
0.00220427 -0.01122396 0.83751323
0.00912679 -0.00785205 0.83866672
-0.00040713 -0.00533140 0.85367930
-0.00054120 -0.00818379 0.83284565
-0.00904355 -0.00806570 0.85817315
-0.00968036 -0.00633322 0.85280318
-0.00183598 -0.00843986 0.84499052
-0.00335774 -0.00542148 0.83666512
-0.00657933 -0.01358130 0.83401743
-0.01874845 -0.01826328 0.83995458
-0.00840429 -0.00879613 0.82290228
-0.01830206 -0.00329595 0.84329380
-0.01269116 -0.00479173 0.83964387
-0.01412476 -0.01318843 0.83408061
-0.00852502 -0.01395707 0.82889152
0.00333352 -0.00761941 0.82455487
0.00388075 -0.00959911 0.83030969
0.00405059 -0.00953301 0.83065278
0.00639501 -0.01315583 0.81741591
0.00822459 -0.00976948 0.82459435
-0.00133221 -0.00938013 0.81255522
-0.00333135 -0.00932227 0.82075069
-0.00903162 -0.00816477 0.81789701
-0.01472356 -0.01220266 0.81859619
-0.01054984 -0.01966346 0.80740195
-0.00388319 -0.01112583 0.80133255
-0.00517318 -0.00999837 0.79084921
-0.00504454 -0.00525986 0.80232241
-0.00396399 -0.00912683 0.81188868
0.00338097 -0.00651180 0.80725846
0.00673542 -0.00945345 0.81005734
-0.00034578 -0.01097034 0.81609002
0.00433961 -0.01631308 0.80184595
-0.00328258 -0.00944212 0.81372984
-0.00634222 -0.01248195 0.81880887
-0.00974442 -0.01496488 0.81564000
-0.01133416 -0.00900644 0.81738113
-0.00454392 -0.00885401 0.79670993
-0.01156399 -0.01027874 0.82294238
-0.00144806 -0.01058165 0.81567811
-0.00368286 -0.01207097 0.81248213
-0.00825809 -0.01102340 0.80712502
0.00342672 -0.01204546 0.79717366
0.00239027 -0.01083456 0.80298566
0.00900132 -0.01632240 0.78935967
-0.00340650 -0.00882795 0.80720698
-0.00834702 -0.01225010 0.81438717
-0.00946011 -0.01173288 0.81714899
0.00879416 -0.01346029 0.78127543
-0.00551364 -0.00624360 0.81331431
-0.01168715 -0.01139595 0.80696595
-0.01476203 -0.01417674 0.82268341
-0.00744961 -0.01683907 0.80495058
-0.00508865 -0.01474517 0.80017458
-0.00151771 -0.00977397 0.77580566
-0.01041825 -0.00415943 0.80925401
0.00234653 -0.00348073 0.78446139
-0.00764801 -0.00784658 0.79512093
-0.00867884 -0.01195948 0.79464016
0.00295320 -0.01195791 0.78442079
-0.00159460 -0.00705697 0.79240672
-0.00012811 -0.01286643 0.78564282
0.00219602 -0.01153856 0.77961811
0.01419401 -0.01125259 0.77260360
0.01169337 -0.00196018 0.76183388
0.00420222 -0.00882866 0.78125746
0.00909024 -0.00763301 0.78849398
0.01331161 -0.01481943 0.76567686
-0.00083073 -0.01240991 0.77376650
0.00983780 -0.00961910 0.77855584
0.00604675 -0.00324768 0.77812798
0.00704697 -0.00598377 0.79471549
0.00727570 -0.01547950 0.78422001
0.01646667 -0.01519887 0.77320114
0.01516546 -0.00924069 0.76225126
0.01247170 -0.00488214 0.78075714
0.01555727 -0.00217801 0.78956930
0.00931578 -0.01073769 0.79405090
0.00252586 -0.01264551 0.78880745
0.01076800 -0.00978714 0.78475085
0.01546098 -0.00264747 0.79569278
0.00943710 -0.00652957 0.80614082
-0.00339966 -0.01196900 0.80906781
0.00086090 -0.01796594 0.79590933
0.00703291 -0.01667967 0.78730733
0.00085682 -0.01141200 0.78320744
-0.00251986 -0.00312646 0.80752722
-0.00647087 -0.00085587 0.80748561
-0.00381070 -0.00421899 0.82119933
-0.00135349 -0.00913402 0.83501401
0.00394868 -0.01027455 0.81589618
0.00165134 -0.01303632 0.81729846
0.00272537 -0.00889872 0.81641436
0.00579808 -0.00993197 0.82733380
0.01524293 -0.00788182 0.81151027
0.01958489 -0.00636837 0.80440290
0.01072600 -0.00934607 0.82031789
0.00147898 -0.01346218 0.83444667
0.00522634 -0.01773884 0.81597052
0.01127900 -0.00899437 0.80841704
0.00990537 -0.00683811 0.80493467
0.01320852 -0.00989478 0.81390438
0.01152127 -0.01075171 0.80871369
0.01524850 -0.00680115 0.81138912
0.00599300 -0.00807763 0.79995571
0.00159723 -0.01337459 0.80450196
0.01009315 -0.01226411 0.78297692
0.00458550 -0.01226231 0.79218174
-0.00018408 -0.00735777 0.78387893
-0.00774466 -0.01174895 0.77914931
0.01789354 -0.01322237 0.76072270
0.01622848 -0.00983634 0.77559996
0.01155191 -0.00332944 0.78221074
0.00920028 -0.01967356 0.78244007
0.00923190 -0.01133840 0.78469433
0.00337172 -0.00753317 0.77772186
0.00430234 -0.01211353 0.77306563
0.00467198 -0.01002239 0.76904981
0.00711722 -0.01078725 0.77113031
0.00158921 -0.01216677 0.76692149
0.00394368 -0.01538226 0.76884795
0.00621349 -0.01191195 0.75902228
0.00726532 -0.01020611 0.77528043
0.00207039 -0.00086387 0.75477263
0.00133214 -0.00074645 0.75453605
0.02401037 -0.00949233 0.74670402
0.03193211 -0.00901350 0.72277870
0.00657022 -0.01155774 0.73149832
-0.00146971 -0.00576398 0.72066880
0.00332285 -0.00418187 0.73965457
0.01512915 -0.00514608 0.74891117
0.01401191 -0.01034604 0.74684658
-0.00219666 -0.01112525 0.74885309
-0.00693713 -0.01730659 0.73815053
-0.00727503 -0.00695387 0.73436448
0.01768050 -0.01333569 0.72867063
0.01591730 -0.00695864 0.74206650
0.00231413 -0.00242778 0.74292591
-0.00182119 -0.00524366 0.73675572
0.01673691 -0.00960082 0.73678270
0.01668093 -0.01218448 0.75386773
0.01777111 -0.01141656 0.73436423
0.00912106 -0.01179389 0.72779074
0.00070362 -0.01036941 0.74128902
0.00505393 -0.00464338 0.74432005
0.00517302 -0.00069913 0.75766157
0.00654148 -0.00739331 0.76079460
0.00442651 -0.01221064 0.76189161
0.00487371 -0.01052121 0.75655597
0.01223010 -0.01070928 0.75248247
0.01422199 -0.00610808 0.76351989
0.01085380 -0.00793144 0.76506321
0.00968966 -0.00648484 0.77618431
0.01647513 -0.01147199 0.77304752
0.00965190 -0.00833638 0.77263208
0.01140035 -0.00549273 0.78095617
0.00624146 -0.00335584 0.78809053
0.00897868 -0.00294899 0.79212197
0.00449860 -0.00692272 0.80491773
0.01137405 -0.01339018 0.77872726
0.00518056 -0.01430261 0.79508957
0.00739248 -0.01572758 0.78018587
0.00729718 -0.01159213 0.78147118
0.01030582 -0.01181725 0.78115767
0.00931868 -0.01202059 0.79355447
0.01205354 -0.00884790 0.79493430
0.01077355 -0.00489855 0.78500219
0.00969290 -0.00636679 0.78666551
0.00923683 -0.00607879 0.79325779
0.01155391 -0.00856073 0.79019959
0.01573614 -0.01136050 0.77928974
0.01164274 -0.01241760 0.77981272
0.00322523 -0.01283329 0.76534674
0.00213356 -0.00657287 0.75754023
0.00377816 -0.00374484 0.76454602
0.01114136 -0.00758014 0.75087350
0.01145265 -0.00758302 0.73203461
0.01162955 -0.00754583 0.72533299
0.01344527 -0.00940143 0.71159966
0.01226448 -0.01118839 0.70109138
0.01673666 -0.01243529 0.68946027
0.01599822 -0.00446145 0.69275738
0.00923955 -0.00878963 0.69563548
0.00826655 -0.01392158 0.68475719
0.00118694 -0.01619922 0.67215551
0.00673151 -0.01310825 0.67122750
0.00370346 -0.00718502 0.67202343
0.00693738 -0.00716180 0.67166618
-0.00392277 -0.01387496 0.66390146
0.00214763 -0.00935545 0.67222527
-0.00750036 -0.01296975 0.66377196
-0.01077029 -0.00858744 0.65792798
0.00051981 -0.00931411 0.65514429
-0.00231485 -0.01196781 0.64777453
-0.00898640 -0.00351950 0.65361906
-0.01617417 0.00094252 0.65990360
-0.01470535 -0.00238309 0.66023575
-0.00662342 -0.00874535 0.66711543
-0.00997156 -0.01424770 0.67416744
-0.00804376 -0.01124337 0.67029343
-0.00422578 -0.00127477 0.67245725
-0.00698446 -0.00240233 0.68071762
-0.00698450 -0.00653185 0.68698372
-0.00765065 -0.00747372 0.69341845
-0.00434222 -0.00807239 0.69315909
-0.00535211 -0.00314891 0.69340777
-0.00956082 -0.00551125 0.71479920
-0.00969751 -0.00035366 0.72249958
-0.00306971 -0.00252227 0.73772265
-0.00435764 -0.00532568 0.74979713
-0.00648440 -0.00520594 0.75397218
-0.00206820 -0.00259720 0.76509086
0.00369627 -0.00675363 0.77618305
-0.00057592 -0.01115454 0.78164977
-0.00228665 -0.00530288 0.79386317
0.00128960 -0.00125452 0.80416259
0.00854465 -0.00638318 0.80825072
0.00130231 -0.01262454 0.80638438
-0.00167460 -0.01264952 0.80600840
0.01259004 -0.00544376 0.81126538
0.00774564 -0.00355548 0.81177940
0.00098345 -0.00849293 0.83021579
0.00494640 -0.00482246 0.83298360
0.00896735 -0.00405111 0.83889759
0.00551290 -0.00809436 0.85050755
-0.00204624 -0.01092352 0.83943838
-0.00360591 -0.01214877 0.84201325
0.00074887 -0.00907134 0.84330686
0.00302382 -0.00770069 0.85327033
-0.00051822 -0.00457493 0.85864053
0.00381539 -0.00601363 0.87685834
0.00193827 -0.00790018 0.87545367
0.00584496 -0.00508468 0.87606560
0.00851208 -0.00776554 0.87700766
0.00335563 -0.00664326 0.88751037
0.00935480 -0.00876710 0.89789742
0.00954990 -0.00920311 0.91546053
0.00618594 -0.01085991 0.90603008
0.00794975 -0.01257563 0.91355683
0.01007741 -0.01421177 0.91057849
0.01468349 -0.01103536 0.93291783
0.00713294 -0.01806567 0.92827474
0.00407296 -0.01114515 0.94186138
0.00772262 -0.01100469 0.94087496
0.00819075 -0.00545144 0.94126505
0.01005419 -0.00469598 0.95070390
0.00256235 -0.01054748 0.93376015
0.00767384 -0.01539655 0.96194453
0.01012732 -0.00851610 0.95677514
0.00146060 -0.01947445 0.91781819
-0.00008777 -0.01346709 0.94421742
0.00910918 -0.00516969 0.93600576
0.00766428 -0.01438778 0.93427244
0.00118391 -0.01711642 0.95351982
0.00666714 -0.01294697 0.94019707
0.00327615 -0.00946898 0.94035006
0.00644052 -0.00902402 0.92666824
-0.00028782 -0.01030330 0.93806347
-0.00109267 -0.00919960 0.93026393
0.00048008 -0.01643268 0.91990232
0.00283232 -0.00873987 0.94853344
0.00453663 -0.00134469 0.94631821
-0.00018260 -0.01025083 0.93544278
0.00187970 -0.01600847 0.92482747
-0.00422604 -0.01446601 0.91138743
-0.01261273 -0.00739414 0.91833367
-0.00471254 -0.01076534 0.93036592
-0.01108002 -0.01389901 0.91927630
-0.00624090 -0.00982398 0.91152077
0.00013206 -0.01022592 0.91812967
-0.00254383 -0.00901168 0.91494167
-0.00540571 -0.01184853 0.90484770
-0.00759611 -0.01596816 0.90782897
-0.00447953 -0.01496126 0.88972484
-0.00743250 -0.00106239 0.89726174
-0.01447586 -0.00460570 0.90536392
-0.00328712 -0.00816485 0.88333521
-0.00425991 -0.01259588 0.89209544
-0.01028649 -0.01330917 0.88913501
-0.00588239 -0.00811581 0.87894789
-0.00844083 -0.00639526 0.87791138
-0.00623740 -0.01468762 0.88319740
0.00295107 -0.01594518 0.86299246
-0.00444002 -0.00993652 0.89120778
-0.00406305 -0.01278395 0.86439089
-0.00742075 -0.00886611 0.86653493
-0.00369504 -0.01786016 0.85766084
0.00131645 -0.01418428 0.85118844
0.00165347 -0.01484438 0.83873909
-0.00401639 -0.01302735 0.84733213
-0.00815417 -0.01140001 0.84350961
0.00095354 -0.01198082 0.84330976
-0.00072220 -0.01368147 0.83328308
0.00002854 -0.01255771 0.82115065
0.00364111 -0.00693762 0.82312720
0.01582097 -0.00742105 0.81152733
0.01328879 -0.00369399 0.81964742
0.00894111 -0.01330994 0.81213887
0.01632492 -0.01429586 0.80596944
0.02030560 -0.01016377 0.78866951
0.01278938 -0.00788443 0.79497512
0.01152033 -0.00913760 0.79224170
0.01197862 -0.01208041 0.79025279
0.00545337 -0.01214533 0.79265597
0.01287921 -0.01089235 0.76850931
0.01906814 -0.00933372 0.76410620
0.01757171 -0.00461309 0.77668539
0.01324605 -0.00538155 0.77387320
0.01850348 -0.00287589 0.76914715
0.02268622 -0.00561766 0.76629652
0.02016510 -0.00753898 0.75625499
0.01043373 -0.00876161 0.75267747
0.00696934 -0.01190493 0.74757483
0.01333547 -0.01065560 0.74664342
0.02605075 -0.00858896 0.74962683
0.01894903 -0.00727109 0.74352012
0.01445856 -0.00506997 0.74872182
0.01155609 -0.00640376 0.75088893
0.02137386 -0.00683140 0.76049262
0.02658252 -0.01046420 0.75729754
0.02552451 -0.00510231 0.75784260
0.01941883 -0.00629623 0.75427670
0.01657020 -0.00772730 0.75316822
0.02345888 -0.00985348 0.76040167
0.01332652 -0.00173152 0.76523097
-0.00056185 -0.00604979 0.77478520
-0.00571707 -0.01017722 0.77212639
0.00323536 -0.01203349 0.77385768
0.00693559 -0.01229565 0.76702114
0.00165822 -0.00780288 0.77738277
0.00425608 -0.00529437 0.78324415
0.00294899 -0.00675496 0.78626353
0.00492188 -0.01012660 0.79015081
0.00319020 -0.00783048 0.78459310
0.00147629 -0.00800742 0.78271799
-0.00846210 -0.00345204 0.80700034
0.00134977 -0.00868455 0.80650536
0.00171197 -0.01044529 0.81055932
-0.00488989 -0.01303855 0.81366995
0.00084991 -0.00995196 0.80387383
-0.00744477 -0.00854235 0.81900270
0.00283296 -0.00383426 0.82349831
0.00829580 -0.01548769 0.80711902
-0.00365044 -0.01586289 0.81176413
-0.00507158 -0.01498502 0.81573397
0.00712167 -0.00635431 0.80768215
-0.00403148 -0.00640715 0.81427027
-0.01115128 -0.01321482 0.81464387
-0.00419732 -0.01635856 0.80255338
-0.00457890 -0.00838436 0.80077108
-0.01002807 -0.00707981 0.79698521
-0.00688262 -0.00662998 0.79942571
-0.00007481 -0.00808410 0.79501010
-0.00313674 -0.01100503 0.80572188
-0.00672206 -0.00726704 0.79458102
-0.00934449 -0.01521207 0.79014764
-0.00564797 -0.01046427 0.78662569
-0.01025957 -0.00807170 0.79631022
-0.00834822 -0.00638231 0.79186624
-0.00857029 -0.00552209 0.79144032
-0.00627311 -0.00860981 0.80574203
-0.00724982 -0.01015009 0.80500498
-0.00933422 -0.01435709 0.79758865
0.00087836 -0.01676018 0.79265343
0.00194532 -0.01153796 0.79089306
0.00921163 -0.00734010 0.78990477
-0.00008037 -0.00950678 0.80388012
-0.00567448 -0.01361862 0.80740409
0.00635977 -0.01410944 0.79521411
-0.00342054 -0.01308307 0.80986731
0.01242360 -0.01547722 0.78566036
0.01129578 -0.01281252 0.79368592
0.00793594 -0.01198622 0.80249846
0.00729311 -0.01114085 0.80231073
0.01493280 -0.01335256 0.79868613
0.00733305 -0.00966682 0.80032853
0.00470502 -0.01383486 0.80542784
-0.00218754 -0.00992870 0.81105273
0.00197568 -0.01267772 0.80618252
-0.00297456 -0.01441340 0.79378207
-0.01389745 -0.01053362 0.80610054
-0.01441547 -0.01235774 0.80619781
-0.01116308 -0.01211786 0.80581344
-0.00517049 -0.01134591 0.80125843
-0.00825375 -0.00390795 0.80419416
-0.01207227 -0.00655919 0.81365440
-0.01402160 -0.01346142 0.82171430
-0.01924122 -0.01120298 0.83212664
-0.01447518 -0.01274855 0.82315837
-0.00870815 -0.01336120 0.81827233
-0.01081655 -0.00839048 0.81827870
-0.01332159 -0.01236073 0.82769211
-0.00778040 -0.01013263 0.83467020
-0.00518004 -0.01152318 0.83200841
-0.00793019 -0.01173585 0.83974732
-0.00520525 -0.00847186 0.84475039
-0.00982348 -0.00917818 0.83972991
-0.00419901 -0.01134207 0.84301379
0.00169762 -0.01534251 0.83183147
0.00394087 -0.01129867 0.83038839
-0.00004410 -0.00771131 0.84098592
-0.00306780 -0.01140101 0.83945339
-0.00620982 -0.01918550 0.83116647
-0.00633439 -0.01440660 0.83269890
-0.00803969 -0.01049117 0.82989344
-0.00605076 -0.00878940 0.81699701
-0.00256881 -0.01152560 0.82047374
-0.00102729 -0.01545656 0.82221607
-0.00355311 -0.01182837 0.80636338
-0.00679126 -0.01112756 0.81609830
-0.01050207 -0.01272832 0.80234972
-0.00296674 -0.01595486 0.79852438
-0.00627679 -0.01531324 0.79817778
-0.00494910 -0.01127364 0.79303442
-0.01102889 -0.00838609 0.79173279
0.00243931 -0.00916843 0.78815308
0.00614718 -0.01427620 0.78914396
-0.00415752 -0.00950384 0.77681894
-0.01068526 -0.01454662 0.77405594
-0.00726829 -0.01143902 0.76394202
-0.00519964 -0.01422368 0.75455548
-0.01002078 -0.00835455 0.74224211
-0.00654078 -0.00934049 0.73048335
-0.00348785 -0.01281626 0.72307412
-0.00394146 -0.01597574 0.70157671
-0.00316506 -0.00820108 0.68885263
-0.00010657 -0.01130246 0.68021046
-0.00275163 -0.01023779 0.67199984
-0.00266969 -0.00942877 0.65436835
-0.00038659 -0.01125813 0.63731545
-0.00017296 -0.01217180 0.62876645
-0.00239952 -0.01065507 0.61508611
-0.00498325 -0.00814356 0.59622642
-0.00519849 -0.00994063 0.58033348
-0.00133365 -0.01081885 0.56872120
0.00416122 -0.01416146 0.55088763
0.00553560 -0.00989486 0.53774363
-0.00149103 -0.00564345 0.52489612
-0.00097494 -0.00302946 0.51706347
0.00335799 -0.00698380 0.50514895
0.01222323 -0.00910086 0.49426161
0.01353007 -0.00854641 0.48479793
0.00662469 -0.00666538 0.47225775
0.00695791 -0.00327001 0.45822968
0.01565442 -0.00673289 0.44547633
0.01737198 -0.00991326 0.43443590
0.01683555 -0.00990706 0.41699472
0.02038646 -0.00692006 0.41026223
0.01887319 -0.00448653 0.40020408
0.01961580 -0.00483936 0.38763969
0.01851765 -0.00910462 0.37046308
0.01493011 -0.00548145 0.35335170
0.01307672 -0.00961770 0.32923721
0.01030394 -0.00880978 0.30567739
0.01469086 -0.00871777 0.28219284
0.01677942 -0.00861204 0.25873963
0.01303688 -0.00326568 0.24162649
0.00220399 -0.00607866 0.22622443
-0.00213752 -0.00728648 0.21548166
-0.00263131 -0.00591364 0.21362371
-0.00004487 -0.00667363 0.21513583
0.00028032 -0.00041402 0.21827447
-0.00409945 -0.00040590 0.22045998
-0.00605895 -0.00481753 0.22263781
-0.00592202 -0.00553731 0.22488766
-0.00629088 -0.00536434 0.22480491
-0.00340196 -0.00224481 0.22659335
-0.00447397 -0.00490906 0.22725584
0.00050208 -0.00347647 0.22861032
-0.00667081 -0.00189867 0.22904341
-0.00705175 -0.00496050 0.23094786
-0.00565194 -0.00384687 0.24160097
-0.00161681 -0.00190693 0.25326500
0.00102790 0.00253284 0.27304309
-0.00352506 0.00617936 0.29115863
-0.00743643 0.00139879 0.30388016
-0.00489895 -0.00481252 0.31065770
-0.00245022 -0.00959101 0.31382796
-0.00293356 -0.00756956 0.31944897
-0.00863841 -0.00599247 0.32641377
-0.00237466 -0.00399307 0.33792118
-0.00166872 -0.00682503 0.34429510
0.00324345 -0.00097520 0.34475372
-0.00710204 0.00055403 0.34419338
-0.00357791 0.00316706 0.36010953
-0.00331863 0.00241065 0.37887403
-0.00558605 0.00718465 0.39125132
-0.00237440 0.00838901 0.40007209
0.00178810 0.00781500 0.40854388
0.00730052 -0.00455790 0.41966660
0.00752087 -0.01225376 0.42895393
0.00357671 -0.01042129 0.43288131
0.00056830 -0.00352461 0.43846656
0.00096894 0.00003883 0.45139560
0.00029688 -0.00197392 0.46169702
0.00034678 -0.00478819 0.47634421
0.00308424 -0.00313812 0.49212038
0.00246533 -0.00671783 0.49976451
0.00377701 -0.00397452 0.51441252
0.00164509 0.00089833 0.53199026
-0.00298007 -0.00336574 0.54728037
0.00235498 -0.00784008 0.55517085
0.00836375 -0.00569616 0.56975714
0.00570863 -0.01093372 0.58540914
0.00272009 -0.00997264 0.58579315
-0.00174585 -0.00542492 0.59933503
0.00584985 -0.00329933 0.61572210
0.01085275 -0.00410529 0.62185301
0.00741493 -0.00376589 0.63983185
0.00756464 0.00013431 0.65915648
0.00664051 0.00775794 0.67150837
0.00831196 -0.00998151 0.67613667
0.00545129 -0.01506828 0.67194699
0.00849700 -0.01281545 0.66781365
0.00646432 -0.00816366 0.66520680
0.00305152 -0.00409741 0.66884367
0.00352683 -0.00647773 0.67823230
0.00992082 -0.00984117 0.67370126
-0.00256706 -0.01082081 0.68515612
-0.00045228 -0.01653659 0.67948296
0.00543267 -0.01499194 0.67613626
0.01039392 -0.02071952 0.67389663
0.00118084 -0.00372611 0.69885457
0.00398338 -0.01181701 0.68682071
0.00422123 -0.01090104 0.69024967
0.00385558 -0.01532102 0.68722359
-0.00201655 -0.00956751 0.68969249
0.00100219 -0.01251530 0.69237307
0.00130202 -0.01192070 0.69616375
0.00402319 -0.01344674 0.69862962
-0.00563259 -0.00956761 0.71059130
-0.00208707 -0.01019852 0.70813412
-0.00721123 -0.01149747 0.69885047
-0.00456780 -0.01205747 0.69992407
0.00637287 -0.00879828 0.68115362
0.01010928 -0.00804063 0.69963593
0.00684925 -0.01413000 0.69106912
-0.00936949 -0.01043617 0.69520525
-0.00687299 -0.00613338 0.70441581
0.00343153 -0.00845525 0.70348308
-0.00152477 -0.00684190 0.70788793
-0.00110007 -0.01045094 0.70077370
-0.00497078 -0.01423244 0.69679807
-0.00708412 -0.00706243 0.70877365
-0.00419714 -0.00652155 0.70892699
0.00616437 -0.00725473 0.71407290
-0.00045165 -0.00969761 0.71722502
-0.00511384 -0.01298316 0.72299539
-0.01407898 -0.00853633 0.72498018
-0.00020337 -0.00567657 0.71260924
-0.00161468 -0.00098735 0.71802307
0.00755636 -0.00356183 0.72398641
0.00291062 -0.00498913 0.72483066
0.00172155 -0.00515895 0.72429693
-0.01226856 -0.00749152 0.72706589
-0.00205596 -0.00247164 0.72472067
0.00460226 -0.00449557 0.72253927
0.00283952 -0.01131190 0.72168560
-0.01173954 -0.01033424 0.71982158
-0.01208142 -0.00662911 0.72107176
-0.00144411 -0.00522126 0.73134776
-0.00026960 -0.00641595 0.74370874
0.00111828 -0.01288131 0.73386784
-0.00258060 -0.01455894 0.73495771
-0.00497723 -0.01104960 0.73407811
-0.00322019 -0.00650466 0.73104947
-0.00583277 -0.00589505 0.73085852
-0.00902234 -0.00717954 0.72457354
-0.00592751 -0.00450347 0.72808752
-0.00361696 -0.00531066 0.72395578
-0.00312620 -0.00998101 0.72591573
-0.00493896 -0.01360028 0.73032538
0.00472647 -0.01042900 0.72107290
0.00223385 -0.00519817 0.71934704
-0.00568357 -0.00358460 0.73687664
-0.01100927 -0.00829641 0.73739909
-0.00758627 -0.01422096 0.73801157
-0.00318257 -0.01583583 0.72524267
-0.00662959 -0.00708803 0.72554591
-0.00619285 -0.01329496 0.73592675
-0.00886637 -0.01178870 0.74641897
-0.00445961 -0.00920143 0.74853760
-0.00143109 -0.00816125 0.76024461
-0.00050570 -0.00748242 0.75854169
-0.00342881 -0.01145937 0.75759358
-0.01185035 -0.01027510 0.76400644
-0.00703248 -0.00819391 0.75976603
-0.00024736 -0.00726679 0.77804137
0.00001488 -0.00869874 0.76757325
-0.01156380 -0.00946953 0.79592735
-0.00909045 -0.00752387 0.80406966
0.00090515 -0.00860746 0.80300516
0.00503460 -0.01390664 0.79180223
0.00104089 -0.00691435 0.81435432
0.00021647 -0.00653011 0.81054745
0.00505443 -0.01105936 0.80643358
-0.00078817 -0.01278375 0.81127130
-0.00767532 -0.00329479 0.82593266
0.00010254 -0.00414550 0.82809006
-0.00425846 -0.01107208 0.80764582
0.00316892 -0.00435235 0.80985573
-0.00549327 -0.00738807 0.81103382
-0.00158895 -0.00475486 0.80940096
0.00112593 -0.01130823 0.80897602
0.00035248 -0.00652674 0.80333783
0.00097067 -0.00823198 0.80710654
0.00747056 -0.00244882 0.80686868
0.00062819 -0.00617793 0.80751535
-0.00691307 -0.00698545 0.80270567
-0.00206747 -0.00452506 0.79857479
-0.00195922 -0.00726760 0.81134702
-0.00095915 -0.01296443 0.79177052
0.00381490 -0.01480643 0.78963810
-0.00429402 -0.01122293 0.78410773
-0.00087895 -0.00563268 0.81644032
0.00267060 -0.00716107 0.79447233
-0.00270592 -0.00958341 0.79708251
-0.00074666 -0.01480739 0.79213584
0.00113892 -0.01506932 0.79196953
-0.00195731 -0.00898520 0.78496520
-0.00514786 -0.00885119 0.79281398
-0.00285752 -0.01093263 0.79576838
0.00612845 -0.00795134 0.77682985
-0.00921761 -0.00578900 0.78545532
-0.00798922 -0.00713859 0.78308304
-0.01009038 -0.00487873 0.77957162
0.00469984 0.00172527 0.78516238
-0.00419179 -0.00278569 0.79299633
-0.00222890 -0.01121201 0.80325804
-0.00265862 -0.01172563 0.78472609
-0.00046996 -0.00742411 0.77559629
-0.00089956 -0.00185363 0.77864531
-0.00321629 -0.00515171 0.79031799
-0.00260403 -0.01397148 0.79937932
-0.00716664 -0.01226045 0.79169665
-0.01660098 -0.01183824 0.78276368
-0.01064721 -0.00997236 0.78511458
0.00426247 -0.01008335 0.78774932
-0.00147774 -0.00830205 0.78615006
-0.00138399 -0.01105527 0.78765366
-0.00480629 -0.00851058 0.78713551
0.00137062 -0.00265860 0.78721436
0.01003960 -0.00611366 0.79359356
0.00806053 0.00145251 0.79922881
-0.00515534 -0.00868400 0.78851975
0.00965022 -0.00406733 0.79103247
0.00883890 -0.00460144 0.79007547
-0.00563077 -0.00657652 0.78616408
-0.01053757 -0.00308967 0.79399240
-0.01064580 -0.01148612 0.77950628
-0.00817013 -0.01794688 0.79686053
-0.00440495 -0.01270390 0.78095710
-0.01151737 -0.00577151 0.78143385
-0.01289401 -0.01399028 0.79703196
-0.01190473 -0.01349664 0.78591707
0.00399973 -0.01303746 0.79380743
-0.00536566 -0.01159646 0.77451479
-0.00261284 -0.01197343 0.77730981
-0.00198578 -0.00626839 0.79219082
0.00673986 -0.01179835 0.77731334
0.00429898 -0.01341650 0.77712713
-0.00258164 -0.01991220 0.76513261
0.00180506 -0.01770655 0.76680715
-0.00795970 -0.01135637 0.75925595
-0.01105402 -0.01070336 0.76462778
-0.00755440 -0.01292160 0.76546107
-0.00443925 -0.01313684 0.77684494
-0.00871270 -0.01857897 0.76304988
-0.00758173 -0.01741503 0.75908649
-0.00814651 -0.01132146 0.76123756
-0.00145922 -0.01116459 0.74675054
-0.00701381 -0.01286999 0.74304699
0.00057425 -0.01306258 0.73189719
-0.00564094 -0.00832511 0.72207944
0.00143002 -0.01015090 0.71528263
-0.00349276 -0.00805226 0.69355474
0.00218900 -0.00591487 0.68152933
-0.00952911 -0.00986843 0.64419771
0.00626669 -0.00709076 0.65786805
0.00429025 -0.01187194 0.64077547
0.00236324 -0.01696203 0.62168310
-0.01695673 -0.00818893 0.60485444
-0.00556939 0.00040274 0.60159034
0.01379992 -0.00146035 0.60385270
0.02181955 -0.00882418 0.59342054
