-0.05033493 -0.05258132 0.99734728
0.08488265 0.00798028 0.99635900
0.01015265 0.00841910 0.99991302
0.09762206 0.07195581 0.99261891
-0.03932170 -0.03263924 0.99869339
-0.30831881 -0.04361300 -0.95028281
-0.08708153 0.02629429 0.99585411
0.02508529 -0.02559092 0.99935771
0.00111162 -0.03245276 0.99947265
-0.21939677 0.02397343 0.97534114
-0.13382892 0.00954980 0.99095844
-0.07160414 0.01834970 0.99726433
-0.22250416 -0.04432771 0.97392348
-0.25938611 0.02339298 0.96549035
-0.23269848 -0.03444934 0.97193861
0.79075880 -0.00216053 -0.61212404
-0.15705667 0.03927685 0.98680825
-0.15864543 0.01735632 0.98718306
0.11990067 0.07646016 0.98983719
-0.23459180 -0.07377461 0.96929046
-0.98044761 -0.07740417 0.18091733
-0.10343210 -0.03114443 0.99414879
0.06868055 0.02366404 0.99735801
-0.13609791 -0.00048609 0.99069527
0.01952701 -0.00839935 0.99977405
0.13953466 0.01061668 0.99016027
-0.09622958 0.04162859 0.99448828
-0.01944607 0.00680415 0.99978775
-0.11317897 -0.00673961 0.99355176
-0.27699363 0.03160508 0.96035184
0.26187463 -0.11835047 0.95781775
-0.99014782 0.05533859 0.12862713
-0.09076902 0.00389868 0.99586434
-0.08018693 -0.03673644 0.99610265
-0.06931399 0.00197716 0.99759293
-0.01019678 -0.00819392 0.99991444
-0.00479703 -0.01874962 0.99981270
-0.06328882 -0.04698739 0.99688851
-0.07163942 -0.00919944 0.99738817
0.09638760 0.04510748 0.99432125
0.06938977 0.03380421 0.99701672
-0.96766781 -0.08711053 0.23670819
-0.13552590 -0.05900672 0.98901513
0.10235076 -0.10310345 0.98939072
-0.02912522 -0.02203043 0.99933297
-0.03293209 -0.00506904 0.99944474
-0.06251743 -0.04986432 0.99679743
-0.14679868 0.05571160 0.98759626
-0.05844320 0.03153907 0.99779240
0.16439855 -0.02494224 0.98607860
-0.05989317 0.05885625 0.99646814
-0.03921662 0.00252665 0.99922754
-0.04617938 0.02879354 0.99851810
0.10611641 0.00815815 0.99432025
-0.01024538 0.00674741 0.99992475
-0.07009138 -0.00040894 0.99754049
0.11275976 -0.00684860 0.99359868
0.14137006 -0.03834311 0.98921399
-0.11406836 0.01966510 0.99327826
-0.02616153 0.00493681 0.99964554
0.27081299 -0.12257587 0.95479604
0.02992337 -0.04456794 0.99855811
-0.01135227 -0.00747714 0.99990760
-0.10303888 0.02245413 0.99442385
0.18222590 -0.02321288 0.98298265
-0.02544073 -0.01107159 0.99961502
-0.10230872 -0.01012921 0.99470112
0.01335011 -0.00326652 0.99990555
-0.01961107 -0.02116874 0.99958356
-0.07845845 0.03803402 0.99619159
-0.03069000 -0.02889277 0.99911127
0.10803614 -0.04353287 0.99319338
-0.16359840 -0.03016747 0.98606566
-0.04231086 -0.00453396 0.99909421
0.03607794 -0.01704207 0.99920366
-0.01494682 -0.01265055 0.99980826
0.01589210 -0.00166112 0.99987233
0.03532731 -0.04150758 0.99851345
-0.02768201 -0.01765155 0.99946092
-0.10407619 0.01006411 0.99451841
-0.06754810 -0.02995772 0.99726616
0.05231135 -0.00860593 0.99859374
-0.04093450 0.01222627 0.99908703
-0.09083746 -0.00452345 0.99585546
-0.06444716 -0.01673029 0.99778087
-0.08419965 -0.00268312 0.99644529
-0.08380152 -0.00276193 0.99647864
-0.04160806 -0.01024236 0.99908151
0.06131098 -0.01498501 0.99800622
-0.06931480 -0.01681370 0.99745314
-0.01504375 -0.01490047 0.99977581
-0.00402561 -0.01133987 0.99992760
0.02970838 -0.06853584 0.99720622
-0.00747906 -0.00902613 0.99993129
-0.01802338 -0.01374488 0.99974308
-0.02151816 0.00111885 0.99976783
-0.02327385 0.01493908 0.99961750
-0.08591557 0.00185827 0.99630069
-0.10529352 -0.02651013 0.99408777
-0.02845103 0.00214993 0.99959288
-0.02553300 -0.02035737 0.99946668
-0.03968547 -0.00104008 0.99921168
-0.11904891 0.01892196 0.99270807
-0.13125465 -0.00374681 0.99134161
-0.08174645 0.01265836 0.99657277
0.00982334 -0.01195557 0.99988028
-0.04207945 -0.01339026 0.99902453
-0.03533546 -0.01650610 0.99923919
-0.05319501 -0.02735493 0.99820940
-0.09523171 -0.00607295 0.99543661
-0.02837659 0.00824465 0.99956330
-0.03688023 -0.02157626 0.99908674
-0.05421755 -0.00526651 0.99851526
-0.13704632 0.01665471 0.99042462
-0.07982894 -0.02453168 0.99650667
-0.12424970 0.03204277 0.99173347
0.00505014 -0.02004232 0.99978638
-0.09018678 0.01016395 0.99587300
-0.10838987 -0.01454938 0.99400199
-0.05117530 0.03143170 0.99819494
-0.00186747 -0.01536714 0.99988017
-0.04747386 -0.00423076 0.99886352
0.02072924 0.00396915 0.99977725
-0.04436864 -0.02688314 0.99865345
-0.13855501 -0.03748908 0.98964493
0.05230761 -0.03057006 0.99816301
-0.10934600 -0.04541181 0.99296587
-0.15609249 0.04729035 0.98660973
0.57858337 -0.05364478 0.81385719
0.00338904 -0.04213874 0.99910602
-0.01102672 0.01606871 0.99981009
-0.04289761 -0.00136796 0.99907854
-0.00313091 0.02045482 0.99978588
-0.03356234 -0.00241506 0.99943371
0.02213627 -0.03535441 0.99912965
-0.05725702 -0.04003133 0.99755658
-0.02002794 -0.02690446 0.99943736
-0.19932166 -0.02574715 0.97959581
-0.03629132 -0.01480188 0.99923163
-0.00764510 0.01158712 0.99990364
0.00456448 -0.03951117 0.99920870
-0.14806353 0.03101189 0.98849150
-0.15593271 -0.00397019 0.98775970
-0.03659574 -0.06881556 0.99695796
-0.03665501 -0.04246453 0.99842535
0.00439211 -0.04792944 0.99884107
-0.02525331 -0.03719654 0.99898883
-0.03282322 -0.02560449 0.99913315
-0.25261072 -0.01720347 0.96741504
-0.16893856 -0.00618530 0.98560718
-0.83881126 -0.14250213 0.52544155
-0.01598840 -0.04012397 0.99906678
-0.04935800 0.01651828 0.99864455
-0.00415525 0.03796545 0.99927041
-0.03021231 -0.01100906 0.99948287
-0.07089353 -0.03972565 0.99669252
0.09726070 0.01934116 0.99507099
-0.04857820 -0.00396523 0.99881151
-0.02429534 0.01001623 0.99965465
-0.02322899 -0.01129780 0.99966633
-0.18513694 -0.03596954 0.98205423
-0.02098643 -0.01793514 0.99961888
-0.00985304 0.00174532 0.99994993
-0.03062523 -0.01684528 0.99938898
-0.09140997 -0.01316084 0.99572637
0.00371896 0.00594058 0.99997544
0.03899452 -0.01795598 0.99907808
0.00079091 0.02667258 0.99964391
-0.08021085 -0.01334796 0.99668854
-0.13647440 0.03043577 0.99017594
0.03318250 -0.00199841 0.99944731
-0.03447877 0.01329867 0.99931695
-0.03046217 0.02092662 0.99931683
-0.04678961 0.00243982 0.99890179
0.00217278 0.00830300 0.99996317
-0.05753749 -0.00708097 0.99831823
-0.05483884 0.01645314 0.99835965
-0.05933129 0.01605983 0.99810915
-0.01875933 0.00220185 0.99982160
-0.03264228 -0.00812830 0.99943405
-0.01591589 -0.00160211 0.99987205
-0.07488875 -0.00239968 0.99718901
-0.05611280 -0.00215610 0.99842211
-0.08219268 -0.00294034 0.99661212
0.02375805 -0.01555110 0.99959678
-0.07255822 -0.00045890 0.99736407
-0.09585477 0.01562365 0.99527271
-0.01807026 0.01999626 0.99963674
-0.03110481 -0.00210173 0.99951392
-0.00668123 0.00272612 0.99997396
0.03130311 -0.00171924 0.99950846
-0.02053782 0.00327130 0.99978372
-0.04928538 -0.00485852 0.99877292
-0.12135491 -0.01422206 0.99250729
-0.01538236 -0.01709275 0.99973558
-0.05575954 -0.01159402 0.99837691
-0.01254112 -0.02465992 0.99961723
-0.01081847 -0.01485696 0.99983110
-0.00248603 -0.02152414 0.99976524
-0.02136312 -0.04475432 0.99876958
-0.00806807 -0.01698003 0.99982328
0.00994297 -0.01643578 0.99981548
-0.09416687 -0.03399399 0.99497588
-0.01372033 0.01163635 0.99983816
0.00177588 -0.00209852 0.99999622
0.03012235 0.00543699 0.99953143
0.00466537 -0.01899205 0.99980875
-0.04242737 -0.02016888 0.99889596
-0.02006930 -0.00842591 0.99976309
0.06473777 -0.03099466 0.99742085
-0.07482212 -0.01723548 0.99704794
-0.19891597 -0.02505114 0.97969632
-0.05062596 -0.01837642 0.99854861
-0.07018252 -0.01678710 0.99739291
-0.05758966 0.00314280 0.99833539
-0.04953412 -0.01885627 0.99859442
0.12118581 -0.03146943 0.99213088
-0.00778382 -0.00842944 0.99993418
0.04319338 -0.00780373 0.99903625
-0.07208833 0.00008065 0.99739825
0.05737388 -0.01325446 0.99826477
-0.01806460 -0.01691549 0.99969372
0.00058671 -0.00979523 0.99995185
-0.02814993 -0.01114787 0.99954155
-0.01369267 -0.00239407 0.99990338
-0.07390087 0.03310806 0.99671587
0.02615692 -0.01679246 0.99951680
0.00365085 -0.00668227 0.99997101
-0.15759664 0.02760361 0.98711769
0.02732939 0.00148739 0.99962538
-0.04218274 -0.00483029 0.99909824
0.00069513 -0.01836909 0.99983103
-0.03315939 -0.00204800 0.99944798
0.08600664 -0.01430521 0.99619186
-0.06829159 0.02365765 0.99738487
-0.04180754 -0.00455466 0.99911530
-0.09363791 0.00253056 0.99560310
0.00363533 -0.00675249 0.99997059
-0.01481793 -0.00700004 0.99986571
0.02032196 -0.00575020 0.99977695
-0.03066443 -0.00578889 0.99951297
-0.02125645 -0.00931124 0.99973070
-0.03668996 -0.02276671 0.99906733
-0.05939586 -0.01871846 0.99805899
-0.01103955 -0.00736925 0.99991191
-0.01153718 -0.01349808 0.99984234
-0.01640262 -0.02683106 0.99950540
-0.00854002 -0.00715281 0.99993795
0.00600204 -0.01642796 0.99984704
-0.02443518 -0.00114536 0.99970076
-0.00954969 -0.00577919 0.99993770
-0.00070914 -0.01564921 0.99987729
0.04735288 0.00427545 0.99886907
-0.01111520 -0.00764837 0.99990897
-0.00310758 -0.01530672 0.99987802
-0.05467978 -0.01629313 0.99837100
-0.03415710 -0.00577246 0.99939981
0.01816285 -0.00086871 0.99983466
-0.00017979 -0.00832264 0.99996535
-0.01873263 -0.02615798 0.99948229
-0.01744943 -0.01468040 0.99973997
0.00301202 -0.00936270 0.99995163
0.00560893 -0.00910501 0.99994282
0.05181261 -0.01056814 0.99860091
0.00539357 -0.00519040 0.99997198
0.01064903 -0.01295104 0.99985942
-0.00997847 -0.00427821 0.99994106
-0.00539317 -0.00096389 0.99998499
-0.01282043 -0.01415483 0.99981762
-0.06179770 -0.03121342 0.99760050
-0.05855751 -0.01416898 0.99818348
0.01792266 -0.00902057 0.99979868
-0.06118035 -0.00017409 0.99812671
-0.00015830 -0.01184910 0.99992978
-0.01613882 -0.01379213 0.99977463
-0.03956564 -0.03857441 0.99847212
0.01464133 -0.00697161 0.99986851
0.00008943 -0.01525529 0.99988363
-0.01311357 -0.01352663 0.99982252
-0.00473923 -0.01557160 0.99986752
-0.01626039 -0.00824975 0.99983376
-0.00794469 -0.01258586 0.99988923
-0.03896370 -0.01676833 0.99909992
-0.00699894 -0.01740412 0.99982404
0.00271877 -0.02095374 0.99977675
-0.04353852 -0.01487864 0.99894095
-0.01378970 -0.00643947 0.99988418
-0.00327015 -0.00811361 0.99996174
-0.01866031 -0.02377261 0.99954322
0.02843088 -0.03759402 0.99888857
-0.00606358 -0.01289177 0.99989851
-0.02839700 -0.01044196 0.99954218
0.01243053 -0.01949844 0.99973261
-0.01932679 -0.01803424 0.99965056
-0.02502027 -0.00346485 0.99968094
-0.03821580 -0.00798671 0.99923759
-0.00538701 -0.01629648 0.99985269
-0.02636675 -0.01482490 0.99954240
-0.01040877 -0.02125059 0.99972000
0.07419721 0.00544340 0.99722873
-0.00142634 -0.01185174 0.99992875
-0.02946962 -0.01581764 0.99944052
-0.00138211 -0.01900711 0.99981839
-0.00333767 -0.02145584 0.99976423
-0.01655206 -0.02466092 0.99955884
-0.01139694 -0.02431784 0.99963931
-0.01089413 -0.01191894 0.99986962
-0.01949392 -0.00147566 0.99980889
0.01629135 -0.03275374 0.99933067
-0.01968475 -0.02151529 0.99957471
-0.00511458 -0.02110008 0.99976429
-0.03115383 -0.02338347 0.99924104
-0.01525285 -0.01367413 0.99979016
0.01474588 -0.01332156 0.99980253
-0.00518405 -0.00429695 0.99997733
-0.00433340 -0.00891578 0.99995086
-0.00635385 -0.01504377 0.99986665
0.02312741 -0.01099309 0.99967208
-0.00163580 -0.00220883 0.99999622
-0.00082186 -0.01303609 0.99991469
0.00275284 -0.00291602 0.99999196
-0.03129212 -0.02517140 0.99919328
-0.03701652 -0.02105588 0.99909280
0.03087613 0.00514394 0.99950998
-0.00340518 -0.01760423 0.99983923
-0.00055264 -0.00001608 0.99999985
0.00692545 -0.01393133 0.99987897
-0.00054311 -0.00103980 0.99999931
-0.00988566 -0.00520862 0.99993757
-0.01061085 -0.01428284 0.99984169
-0.02990325 -0.02531027 0.99923230
-0.02211018 -0.02085135 0.99953807
0.00231888 -0.00167893 0.99999590
0.00393221 -0.01167988 0.99992406
-0.00647786 -0.01463102 0.99987198
0.00059253 -0.00954762 0.99995424
-0.01083905 -0.00616128 0.99992227
0.00167772 -0.01329003 0.99991028
0.00814539 -0.01318907 0.99987984
-0.00456892 -0.01142523 0.99992429
-0.00427414 -0.02045188 0.99978170
-0.02754116 -0.00878134 0.99958210
-0.01733898 -0.00755692 0.99982111
-0.03258026 -0.02829777 0.99906845
-0.08233906 0.01290133 0.99652087
-0.04368495 -0.01786279 0.99888565
-0.06231966 -0.01005795 0.99800556
-0.15209602 -0.02034372 0.98815633
-0.02664821 -0.01076284 0.99958693
-0.05265110 -0.03436920 0.99802135
0.62067945 -0.18334431 0.76232662
0.01289952 -0.00576654 0.99990017
0.01138123 -0.00778716 0.99990491
-0.65043313 0.25060753 -0.71703041
0.00032504 -0.00244208 0.99999697
-0.01154370 0.02287623 0.99967166
-0.00761335 -0.01026772 0.99991830
0.04297070 0.00506399 0.99906350
-0.05475112 0.00369513 0.99849320
-0.04304254 -0.00703853 0.99904845
-0.10505957 0.00724459 0.99443954
-0.02196112 -0.01297735 0.99967460
0.00745501 -0.02584261 0.99963823
0.04570032 -0.02027529 0.99874941
-0.06795721 0.02699001 0.99732310
-0.05798336 0.00991411 0.99826832
-0.04320523 0.00803049 0.99903394
-0.08686642 0.01245813 0.99614207
0.16965292 -0.03532887 0.98487043
-0.00284629 -0.00756287 0.99996735
-0.04719293 -0.00183813 0.99888410
0.03065799 -0.03733986 0.99883223
-0.14775774 0.02915503 0.98859377
-0.03591625 -0.00797521 0.99932298
-0.06685009 0.00409565 0.99775462
-0.05736787 -0.02071031 0.99813827
-0.98806383 0.11742431 0.09970653
-0.07265077 -0.04412527 0.99638086
-0.06856693 -0.00674045 0.99762375
-0.04709681 0.01081346 0.99883180
-0.03535606 -0.00672117 0.99935218
-0.07990238 -0.01824934 0.99663563
0.52209911 -0.12483836 0.84369894
-0.10780536 0.00636237 0.99415166
0.03816535 -0.03299052 0.99872671
-0.02049069 -0.00211000 0.99978782
-0.07936134 0.01047594 0.99679087
-0.02678493 -0.00999936 0.99959121
0.00836077 0.00459332 0.99995450
0.07419728 -0.00724269 0.99721728
0.15521452 -0.08961507 0.98380770
-0.06182092 -0.01344689 0.99799667
-0.06549396 0.00169458 0.99785153
-0.01782563 0.01549767 0.99972100
-0.00611851 0.00016187 0.99998127
0.80357498 -0.06172761 0.59199405
0.05722088 0.00605346 0.99834319
-0.04070133 -0.00094807 0.99917091
0.07325789 0.04374065 0.99635337
0.04948691 -0.01439442 0.99867104
-0.09985383 0.01645869 0.99486598
-0.03235029 -0.00247833 0.99947352
-0.00277656 -0.01415658 0.99989594
0.18504929 -0.06147155 0.98080478
0.01016298 -0.02186543 0.99970927
-0.01837071 -0.02376925 0.99954867
-0.04706784 -0.00696097 0.99886744
0.04339977 -0.01700334 0.99891308
-0.08122073 -0.00067934 0.99669591
0.60233586 -0.11768003 0.78952069
0.27509191 -0.06776387 0.95902685
0.03551679 -0.02153508 0.99913703
0.00134083 -0.01911531 0.99981639
-0.03879800 -0.00882265 0.99920812
-0.01005528 -0.00266898 0.99994588
0.01195174 0.00203209 0.99992651
-0.02251620 -0.02556766 0.99941949
0.01467520 -0.02451601 0.99959172
0.02017833 -0.00416835 0.99978771
-0.03064326 -0.01828653 0.99936309
-0.02073383 -0.02265670 0.99952828
0.02080751 -0.01477640 0.99967430
-0.03494224 0.00336355 0.99938367
-0.00544647 -0.01115687 0.99992293
0.00501752 -0.00501314 0.99997485
0.01307953 -0.00532721 0.99990027
-0.00216705 0.00547401 0.99998267
0.00056645 -0.00329652 0.99999441
-0.04888586 -0.01009492 0.99875336
-0.00830123 -0.00739458 0.99993820
-0.00648921 0.00111996 0.99997832
0.03885289 -0.00067757 0.99924471
-0.01209664 -0.00790119 0.99989562
-0.02938096 -0.01221778 0.99949361
-0.08396284 -0.01305903 0.99638331
0.01854415 0.00276540 0.99982422
-0.03445655 -0.00724455 0.99937994
-0.10927105 -0.00249116 0.99400887
-0.04481914 -0.01572821 0.99887130
0.00680887 -0.01248005 0.99989894
0.01700607 -0.01855045 0.99968329
0.09223464 -0.01849813 0.99556546
0.03306282 -0.02272207 0.99919495
-0.03567109 0.00093702 0.99936314
-0.03561042 -0.00518847 0.99935228
-0.03472805 -0.00793946 0.99936526
-0.02573428 -0.00912822 0.99962714
-0.01546492 -0.01306514 0.99979505
0.00229559 -0.00041597 0.99999728
-0.01372793 -0.01368970 0.99981205
0.02369137 -0.01046118 0.99966459
-0.00517670 -0.02051684 0.99977611
0.02237279 -0.00553946 0.99973435
0.08224629 -0.01200847 0.99653968
0.02983395 -0.00943478 0.99951034
-0.00355098 -0.00906283 0.99995263
-0.02045526 -0.00876023 0.99975239
0.00324437 -0.00546476 0.99997981
0.00768035 0.00115096 0.99996984
0.00519432 -0.00342549 0.99998064
-0.00860727 -0.00807360 0.99993036
0.00149155 -0.01304115 0.99991385
-0.02974550 -0.00409427 0.99954912
-0.01935367 -0.00819094 0.99977915
-0.05010230 0.00374460 0.99873707
-0.01521529 0.00239599 0.99988137
0.04248232 -0.02075142 0.99888169
-0.02815633 0.00041750 0.99960344
0.02554604 -0.02640698 0.99932481
0.05980770 -0.04299743 0.99728344
0.05933929 -0.03099948 0.99775642
0.01279766 -0.01903198 0.99973697
-0.02519594 -0.01057402 0.99962661
0.00553467 -0.02451071 0.99968425
-0.02054434 0.00319319 0.99978384
-0.01734415 -0.00983960 0.99980116
0.00909610 -0.01467356 0.99985096
-0.01166937 -0.02888161 0.99951472
-0.00483589 -0.01467408 0.99988064
-0.05786134 0.02439264 0.99802659
0.04419172 -0.02341714 0.99874858
0.11276295 -0.01003652 0.99357123
-0.02373093 -0.01097366 0.99965815
0.00520738 -0.01567943 0.99986351
-0.09237526 -0.01781394 0.99556490
0.03784540 -0.02653217 0.99893131
0.01477828 -0.00815083 0.99985757
0.05537556 -0.02671468 0.99810815
-0.06166007 -0.00401756 0.99808912
-0.03558451 -0.01053503 0.99931114
-0.02934867 -0.02147368 0.99933855
0.01174024 -0.01325163 0.99984327
0.02517168 -0.01401376 0.99958491
0.00438247 -0.01254243 0.99991174
-0.00976201 -0.01663105 0.99981404
-0.02882029 -0.01339180 0.99949490
-0.01392511 -0.01391350 0.99980623
-0.03172069 -0.01097591 0.99943650
-0.00856509 -0.01881232 0.99978635
-0.00916046 -0.01988097 0.99976039
0.00744098 -0.01617549 0.99984148
-0.02851359 -0.00695848 0.99956918
-0.02617464 -0.00991919 0.99960817
-0.04884893 0.00567047 0.99879008
-0.08943840 -0.00236061 0.99598956
-0.00597149 -0.01921039 0.99979763
-0.01318694 -0.00535052 0.99989873
0.01771832 -0.01819474 0.99967745
0.00465587 -0.01786997 0.99982948
-0.01282179 -0.01445622 0.99981329
-0.01809206 -0.00865275 0.99979888
0.00650669 -0.01163167 0.99991118
-0.01068663 -0.02081335 0.99972626
-0.00920183 -0.01516115 0.99984272
0.00738984 -0.02253724 0.99971869
-0.00673812 -0.01474396 0.99986860
-0.02103683 -0.01983408 0.99958194
-0.00271906 -0.01618748 0.99986528
0.02453803 -0.02316914 0.99943038
-0.00629048 -0.01556712 0.99985904
0.00440576 -0.00894727 0.99995027
0.00613710 -0.01711047 0.99983477
-0.00073238 -0.01550133 0.99987958
-0.01389098 -0.01953488 0.99971267
0.00060061 -0.01795535 0.99983861
-0.01743973 -0.02239014 0.99959719
-0.02974510 -0.01277481 0.99947588
-0.00795049 -0.01949269 0.99977839
0.01333918 -0.01760550 0.99975603
-0.01637750 -0.04164524 0.99899822
0.00638706 -0.01986930 0.99978218
-0.00794731 -0.01689858 0.99982562
-0.02867394 -0.01299270 0.99950437
-0.02812489 -0.03022331 0.99914741
0.01427606 -0.01037237 0.99984429
-0.00627632 -0.01777672 0.99982228
0.01947309 -0.01838467 0.99964134
0.00620249 -0.01794543 0.99981973
-0.01924786 0.00060915 0.99981456
0.01868253 -0.03033527 0.99936517
0.01635853 -0.03039137 0.99940420
-0.02142399 -0.00645466 0.99974964
-0.03089795 -0.00143078 0.99952152
0.01452852 -0.01648788 0.99975851
0.06808530 -0.03315693 0.99712838
0.00273346 -0.01798719 0.99983448
0.02336019 -0.03267116 0.99919312
0.11468403 -0.04155064 0.99253268
0.01424108 -0.03387281 0.99932468
-0.05190040 -0.00901341 0.99861159
-0.06158484 -0.00311058 0.99809701
-0.00360142 0.01254982 0.99991476
-0.00272115 -0.03141122 0.99950284
-0.00933015 -0.01297120 0.99987234
-0.06478846 0.01151718 0.99783256
0.02366567 -0.02916006 0.99929456
-0.00085942 -0.01449578 0.99989456
0.01791912 -0.02081456 0.99962276
-0.03587108 -0.00401697 0.99934835
0.08112980 -0.03925740 0.99593012
-0.03062694 -0.01412599 0.99943106
-0.05103684 -0.01875060 0.99852073
-0.01901375 -0.00367828 0.99981246
-0.04994680 -0.01528330 0.99863494
0.14459044 -0.03948041 0.98870365
-0.07439688 -0.03033492 0.99676722
0.05505052 -0.03153198 0.99798556
0.01151666 -0.01957707 0.99974202
-0.00142938 -0.01397921 0.99990126
-0.01067397 -0.01840189 0.99977369
-0.06636899 -0.01247416 0.99771717
0.01758537 -0.01280516 0.99976336
-0.04436247 0.00479242 0.99900401
-0.11100737 0.00076226 0.99381929
0.01653144 -0.02024302 0.99965841
-0.00846054 -0.00917183 0.99992215
-0.01354627 -0.01044954 0.99985364
0.00233197 -0.00447308 0.99998728
-0.04945882 -0.01480957 0.99866636
-0.00874951 -0.00999312 0.99991179
0.04562406 -0.01684463 0.99881665
0.02065225 -0.00547435 0.99977173
-0.02009635 -0.02710339 0.99943061
0.01291733 -0.02011892 0.99971414
-0.00679668 0.00414597 0.99996831
-0.01548786 -0.01739863 0.99972867
-0.02758658 -0.00302986 0.99961483
-0.01466839 -0.01705128 0.99974701
0.00725459 -0.00991050 0.99992457
-0.05477071 -0.01475759 0.99838990
0.01070143 -0.01013367 0.99989139
-0.01096364 -0.01768464 0.99978350
0.01069610 -0.01678881 0.99980184
0.04193568 0.03293746 0.99857725
-0.00565791 -0.00441150 0.99997426
0.00497024 -0.00059911 0.99998747
0.02467677 -0.01264317 0.99961553
0.00774134 0.00117219 0.99996935
0.03751600 -0.00557911 0.99928045
-0.02756747 0.02355151 0.99934246
-0.02695743 0.01674125 0.99949639
-0.01377571 -0.01812058 0.99974090
0.08090851 -0.02731089 0.99634729
0.01619351 0.00191839 0.99986704
-0.00092318 -0.01259430 0.99992026
0.02036584 -0.00752004 0.99976431
-0.04840756 -0.01266946 0.99874731
0.03243980 -0.00404292 0.99946551
-0.00644050 0.00071680 0.99997900
-0.03118560 0.01238965 0.99943682
0.09529990 -0.00036417 0.99544854
-0.02782912 -0.00257411 0.99960938
0.00649666 -0.01943546 0.99979001
0.01701755 -0.01566629 0.99973245
0.03914768 -0.01017216 0.99918166
0.03035691 -0.00427541 0.99952998
-0.05094214 -0.00064194 0.99870140
0.04388748 -0.02429032 0.99874114
0.02466141 0.00735102 0.99966883
-0.04476524 0.00926929 0.99895453
0.02010573 -0.01063209 0.99974133
0.02539220 -0.01278508 0.99959581
-0.00741227 -0.00476411 0.99996118
0.01894905 -0.00683708 0.99979707
0.02071244 -0.01264194 0.99970554
0.08710956 -0.03967029 0.99540856
-0.03595502 0.02545795 0.99902909
-0.00828054 -0.00695828 0.99994151
0.01838067 -0.01611700 0.99970115
0.00906175 -0.00073378 0.99995867
-0.00362531 -0.01644952 0.99985813
0.02292378 -0.00143805 0.99973618
0.00584994 -0.01298770 0.99989854
0.01103847 -0.00778462 0.99990877
0.00249976 -0.00011505 0.99999687
-0.00390647 0.00043218 0.99999228
-0.03026398 0.01873916 0.99936627
0.00980635 -0.01528164 0.99983514
0.01457267 -0.02281819 0.99963342
0.01441995 -0.00886959 0.99985669
0.00124828 -0.01793978 0.99983829
-0.00644396 -0.01047157 0.99992441
0.00401758 -0.00049776 0.99999181
-0.04463880 0.03009254 0.99854986
0.02847445 -0.02938993 0.99916237
0.01020307 -0.01073631 0.99989031
0.01048838 -0.01642971 0.99981001
0.03845617 -0.03670245 0.99858603
0.00658673 0.00004387 0.99997831
0.02269025 -0.02485145 0.99943362
0.00840490 -0.01491546 0.99985343
0.00333018 -0.01013510 0.99994309
0.02855473 -0.01069917 0.99953497
0.00762532 0.02037083 0.99976341
0.01542198 -0.00881944 0.99984218
0.00309698 -0.00513325 0.99998203
0.00362825 -0.00612402 0.99997467
0.00852995 -0.01557717 0.99984228
0.01990985 -0.01712826 0.99965505
-0.04469389 0.01489623 0.99888966
-0.04131941 0.01847109 0.99897524
0.03526194 -0.05458179 0.99788648
-0.00072378 -0.01286415 0.99991699
-0.00846388 -0.01925263 0.99977883
-0.00249102 -0.02567853 0.99966715
-0.01327408 0.00872384 0.99987384
0.00116325 -0.00641256 0.99997876
-0.02508974 -0.01424789 0.99958366
0.00378017 -0.01425691 0.99989122
-0.01521367 -0.00612860 0.99986548
0.00169053 -0.01492266 0.99988722
-0.00469354 -0.00387125 0.99998149
0.00169958 -0.01926818 0.99981291
0.00249875 -0.01515169 0.99988208
-0.00338754 -0.01594582 0.99986712
0.01653045 -0.00996426 0.99981371
0.01279490 -0.01009277 0.99986720
-0.00327863 -0.00625118 0.99997509
0.00074467 -0.00997842 0.99994994
-0.02950264 0.01775135 0.99940707
-0.02625766 -0.03423956 0.99906866
-0.01576738 -0.02045860 0.99966636
-0.02509590 -0.02384026 0.99940074
-0.02535330 -0.02802179 0.99928574
0.00535561 -0.03257223 0.99945504
0.02606483 -0.02669928 0.99930364
0.00345950 -0.02112371 0.99977088
-0.00447463 -0.00353385 0.99998374
0.00166455 -0.01390364 0.99990195
-0.02174954 -0.00615794 0.99974449
0.01711475 0.00914485 0.99981171
-0.00215328 -0.02176113 0.99976088
-0.01914039 -0.01572091 0.99969320
-0.01742958 -0.01964456 0.99965509
-0.01259940 -0.01746470 0.99976809
-0.01136630 -0.01545832 0.99981591
-0.01229090 -0.01013252 0.99987312
-0.01337987 -0.01354694 0.99981871
-0.02825440 -0.01601346 0.99947249
-0.02266736 -0.01101357 0.99968240
-0.00668069 -0.01593465 0.99985072
-0.01430227 -0.01307929 0.99981217
-0.01016541 -0.01420114 0.99984748
-0.01616638 -0.01396286 0.99977182
-0.01698083 -0.01675647 0.99971540
-0.00749470 -0.02634681 0.99962477
-0.02638699 -0.01270751 0.99957103
0.00449827 -0.00858355 0.99995304
-0.04071499 -0.01174603 0.99910176
-0.01623855 -0.02126410 0.99964201
0.00188235 -0.01129187 0.99993447
-0.04050581 -0.01163490 0.99911156
-0.01281125 -0.01742203 0.99976614
-0.01286890 -0.01719603 0.99976932
-0.01346188 -0.01905030 0.99972789
-0.02317922 -0.01759695 0.99957645
-0.02282756 -0.01127925 0.99967579
-0.03898203 0.00069234 0.99923967
-0.03153068 -0.02746736 0.99912530
-0.00109895 -0.02484256 0.99969077
-0.03238873 -0.00252388 0.99947216
-0.02253956 -0.02767493 0.99936283
-0.01517965 -0.02416468 0.99959274
-0.01920179 -0.01996830 0.99961621
-0.01048756 -0.01990992 0.99974677
-0.01302354 -0.02645238 0.99956524
-0.01142900 -0.01465700 0.99982726
-0.02234280 -0.01987324 0.99955283
-0.02899224 -0.02647685 0.99922892
-0.01099934 -0.01822243 0.99977345
-0.01340329 -0.02245920 0.99965791
-0.02238044 -0.01319599 0.99966243
-0.01232928 -0.02199269 0.99968210
-0.02708735 -0.02511315 0.99931757
0.00295810 -0.02468172 0.99969098
-0.03222425 -0.01416091 0.99938034
-0.02201348 -0.01872298 0.99958234
-0.03844107 -0.00268469 0.99925726
-0.01541841 -0.01943987 0.99969213
-0.01175201 -0.01859396 0.99975805
0.00172868 -0.02635331 0.99965120
-0.00046640 -0.02244482 0.99974797
0.01504040 -0.02224408 0.99963943
-0.00172315 -0.01359230 0.99990614
-0.00450716 -0.02029681 0.99978384
-0.00472375 -0.01886188 0.99981094
0.00407782 -0.02831206 0.99959082
-0.01111100 -0.02178175 0.99970101
0.00016056 -0.01749232 0.99984698
-0.01189428 -0.01577221 0.99980486
-0.02156622 -0.01597311 0.99963981
0.00434684 -0.02205174 0.99974738
-0.00400393 -0.00910648 0.99995052
-0.00830108 -0.02028929 0.99975969
-0.00044867 -0.02268808 0.99974249
-0.00841674 -0.01553976 0.99984382
-0.00957420 -0.01426895 0.99985236
0.00894014 -0.02146708 0.99972958
0.01906172 -0.02637451 0.99947038
-0.00137192 -0.01361527 0.99990637
-0.00549625 -0.01611996 0.99985496
-0.02790986 -0.01091314 0.99955087
-0.00091792 -0.01502855 0.99988664
0.06914552 -0.04977599 0.99636401
-0.02211206 -0.00660516 0.99973368
0.00500292 -0.01595073 0.99986026
-0.01304495 -0.01449492 0.99980985
-0.01610852 -0.01374776 0.99977573
0.00284172 -0.02340435 0.99972204
-0.00402744 -0.02745636 0.99961489
0.01142929 -0.03001299 0.99948416
0.02696057 -0.03049301 0.99917131
0.01222665 -0.01684450 0.99978336
0.01523988 -0.02873928 0.99947076
-0.03312145 -0.01190587 0.99938042
-0.01153801 -0.01993078 0.99973478
0.04224062 -0.02639888 0.99875864
-0.01982994 -0.01714576 0.99965634
-0.03901880 0.00672012 0.99921588
0.01665719 -0.02318726 0.99959236
0.01880471 -0.02939977 0.99939083
-0.02740677 -0.01658538 0.99948677
-0.02209516 -0.00771555 0.99972610
0.06522485 -0.02989362 0.99742272
-0.03648988 -0.01999388 0.99913399
0.12123117 -0.01355028 0.99253181
0.04044746 -0.03555117 0.99854901
-0.07322097 0.04397273 0.99634587
-0.12080094 0.01093115 0.99261656
0.06017512 -0.01824308 0.99802111
-0.08562430 -0.00157103 0.99632626
-0.08602617 -0.01231588 0.99621675
-0.01818312 0.02691420 0.99947236
-0.19161421 0.00488818 0.98145815
-0.04633403 0.00397769 0.99891808
0.26452176 0.01631996 -0.96424162
0.00473215 -0.02709361 0.99962170
-0.03608367 -0.02053580 0.99913775
0.08023621 0.01878257 0.99659890
0.44358081 -0.09149674 0.89155169
0.71879174 -0.21258900 0.66192473
0.46154235 -0.17173387 0.87033679
-0.09983294 0.03343289 0.99444237
-0.33707810 0.13741007 -0.93139510
-0.25963758 0.06081569 0.96378928
-0.33322653 0.08868158 0.93866696
0.55710025 -0.18487234 0.80960579
0.96946938 -0.24520946 0.00120303
-0.55619968 -0.02939114 0.83052879
-0.48235256 0.06990399 0.87318351
0.02097518 -0.01782399 0.99962110
0.82071118 0.12693450 0.55706444
-0.03321056 0.02582583 0.99911465
0.04150248 -0.00232887 -0.99913569
0.16338433 -0.02001892 0.98635937
-0.18830826 0.00131374 0.98210909
0.38382546 -0.07218904 -0.92057958
-0.13572373 0.01245313 0.99066846
0.76758103 -0.18669831 0.61315830
0.30641004 -0.00123400 0.95189882
0.10874725 -0.08067054 0.99079075
-0.40144506 0.19429102 -0.89503791
-0.07803019 0.08076199 -0.99367439
0.14725630 0.04851025 0.98790806
0.27717147 0.07879493 0.95758411
0.77145644 -0.63325661 -0.06197604
0.48356016 -0.19037085 0.85435853
0.22301731 -0.06789904 0.97244691
0.95860209 -0.28098426 0.04615072
-0.16579717 0.03529992 0.98552789
