0.00000000 0.00000000 0.00000000
-0.04363521 0.00911491 0.34740336
-0.04679135 0.00859796 0.35025361
-0.04082247 0.00768936 0.32999891
-0.04457310 0.00849487 0.33490463
-0.04572047 0.00572918 0.33647771
-0.05492161 0.01191903 0.31971567
-0.05442800 0.00830091 0.33177519
-0.05139857 0.00066072 0.34252538
-0.04678420 0.01032966 0.32014097
-0.04482620 0.00890230 0.31707123
-0.04698857 0.01380631 0.29919307
-0.02243707 0.00058361 0.31600359
-0.05091850 0.00992506 0.28202585
-0.06092724 0.01432462 0.29677210
-0.02585497 -0.00118774 0.30751333
-0.02419309 0.00111863 0.30363491
-0.01924285 -0.00084608 0.30397976
-0.01893517 -0.00275003 0.28671261
-0.02110461 -0.00094950 0.28472174
-0.02349343 0.00208954 0.30374241
-0.02365940 0.00048290 0.29528516
-0.02053247 0.00041366 0.28470007
-0.06146864 0.01448154 0.26076886
-0.06573204 0.01613390 0.25950777
-0.01727943 0.00277598 0.26273986
-0.01727307 -0.00177778 0.26087356
-0.02256385 -0.00231002 0.26711483
-0.02262686 0.00318875 0.26696291
-0.01733564 -0.00425505 0.26213712
-0.06535684 0.01886366 0.23379892
-0.01959550 -0.00021142 0.26457330
-0.02003773 -0.00102728 0.24916847
-0.02309975 0.00267221 0.26082629
-0.06138697 0.01297448 0.24136211
-0.05789819 0.01106381 0.23961118
-0.05433067 0.01256748 0.24136310
-0.05693304 0.01772666 0.26361666
-0.05934113 0.01627001 0.26587237
-0.06123009 0.01579274 0.26976363
-0.05804970 0.01359751 0.27976482
-0.06015058 0.01396160 0.28852683
-0.05457113 0.01170756 0.30146754
-0.05334851 0.00963770 0.30906850
-0.06159798 0.01687018 0.32571222
-0.06046756 0.01213604 0.33037474
-0.04311708 0.00253968 0.35630900
-0.04976060 0.01141814 0.37143175
-0.05293916 0.00899206 0.36343276
-0.05777430 0.01032924 0.39312097
-0.06659448 0.01520854 0.41045020
-0.06259560 0.01555611 0.41916337
-0.06044512 0.00845315 0.42078368
-0.06748592 0.01408616 0.45055242
-0.05730313 0.00466144 0.46522483
-0.06515465 0.00914655 0.46603783
-0.07285438 0.01319702 0.48579901
-0.05622778 0.01319364 0.46303536
-0.06996996 0.01483418 0.49567825
-0.06031272 0.01254321 0.52894412
-0.05449685 0.01011856 0.54546397
-0.05392656 0.01107498 0.56406842
-0.07406486 0.01194888 0.57404052
-0.07046553 0.00722120 0.58171789
-0.04336518 0.00391697 0.58833445
-0.05456890 0.00774597 0.59244881
-0.06560949 0.01066813 0.58860612
-0.05641065 0.00987571 0.58711013
-0.05012870 0.00580395 0.57135095
-0.04158729 -0.00088421 0.58501882
-0.03694598 -0.00343349 0.57553835
-0.05229131 0.00196031 0.56670326
-0.05838428 0.00587353 0.56170369
-0.01079727 -0.00258098 0.58091636
-0.05962313 0.00514333 0.56168669
-0.05921260 0.00948508 0.57757491
-0.05468169 -0.00184742 0.56263794
-0.05440416 0.01215847 0.55369158
-0.05599319 0.00603482 0.54604688
-0.02087279 -0.00719055 0.57136832
-0.04218133 0.00628102 0.57246231
-0.05505879 0.01003779 0.54796814
-0.05239285 0.01155248 0.55005349
-0.05823290 0.01295971 0.51997278
-0.06883342 0.01303601 0.52523886
-0.02963411 -0.00063660 0.55034848
-0.07467442 0.01461836 0.51949255
-0.06004934 0.01502662 0.52389044
-0.03096493 0.00108477 0.53367495
-0.04378733 0.00287980 0.50402583
-0.04678317 -0.00317834 0.50391917
-0.04641423 -0.00136754 0.51639658
-0.05472710 -0.00403952 0.51957486
-0.04942169 -0.00419250 0.50105952
-0.05846860 0.00050001 0.49765128
-0.04841170 0.00108916 0.50417988
-0.05049370 0.00836692 0.50796783
-0.05560659 0.00608646 0.50804314
-0.04518372 -0.00098520 0.49946040
-0.03179251 -0.00122819 0.51268599
-0.06072517 0.00553907 0.48115169
-0.05858368 0.00195221 0.48609711
-0.05264805 0.00710649 0.47584620
-0.05605045 0.00367359 0.49367364
-0.07009748 0.00922826 0.46702686
-0.06514173 0.00911057 0.44411102
-0.07628086 0.00930569 0.45986320
-0.07296427 -0.00009992 0.47323506
-0.07317197 0.00891693 0.44924659
-0.09034458 0.00356037 0.45127685
-0.08199363 0.00266381 0.44761209
-0.09150463 -0.00061023 0.44535112
-0.10347280 0.00111268 0.44134091
-0.08068410 -0.00302888 0.41348710
-0.08163384 -0.00277865 0.42157233
-0.08521547 -0.00274140 0.41150481
-0.07630909 -0.00611122 0.40435306
-0.00326445 -0.00489554 0.48710392
-0.09702182 0.00158160 0.41846567
-0.10698930 0.00291406 0.41925921
-0.00740889 -0.00846697 0.46970548
-0.07743871 -0.00160559 0.37789169
-0.07351662 -0.00048548 0.37432168
-0.06169692 0.00147425 0.37746602
-0.04573727 0.00275763 0.42654388
-0.07596530 -0.01007567 0.36799858
-0.08427910 0.00383802 0.34859423
-0.08411760 -0.00107299 0.34815878
-0.08238877 0.00591163 0.36414673
-0.10539785 -0.00257151 0.36205906
-0.04664729 0.01197500 0.38048474
-0.09643731 0.01313099 0.33302967
-0.08957270 -0.00585852 0.31839168
-0.09514118 -0.00488620 0.33942252
-0.09437073 -0.00224851 0.32998755
-0.09527811 0.00528085 0.32700195
-0.09439515 -0.01024754 0.30613895
-0.10341601 0.00133116 0.31306454
-0.05476114 0.00880521 0.36421570
-0.05975828 0.00183973 0.36557248
-0.05782760 0.00518381 0.35440781
-0.06759895 0.01005738 0.34732491
-0.09342010 0.00582624 0.29745823
-0.10253187 0.02670967 0.30495612
-0.04584879 0.00127427 0.33808307
-0.05556051 0.01094830 0.34002405
-0.04979811 0.00650993 0.33777950
-0.13958511 -0.00890117 0.34020578
-0.13757762 0.00325443 0.35090879
-0.07088374 0.01140877 0.26080388
-0.06390133 0.00306492 0.23084751
-0.05379116 0.00597895 0.34623483
-0.02808107 0.00173148 0.33328439
-0.08974606 0.00556746 0.39014814
-0.04219840 0.01045097 0.35703153
-0.02461898 -0.00838553 0.34015678
-0.10198318 0.01269063 0.36363312
-0.03489648 0.00178258 0.37173764
-0.03377359 -0.00208492 0.38092333
-0.03432725 -0.00089374 0.38070002
-0.02368003 -0.00590311 0.40767202
-0.01231992 -0.00740612 0.41337154
-0.01868019 -0.00441557 0.40965685
-0.00740443 -0.00291418 0.44380244
-0.01076302 -0.00142113 0.44018616
-0.02433505 0.00077517 0.46095085
-0.00312953 -0.00200681 0.45950506
-0.00041134 0.00047037 0.48634115
-0.00011152 0.00429864 0.51548021
0.00939439 -0.00446473 0.51114430
0.00534281 -0.00572115 0.52951255
0.00992882 -0.00280291 0.53996705
0.01219684 -0.00795287 0.55425331
0.00477705 -0.00881399 0.57189323
0.00406397 -0.00919612 0.58805896
0.01024007 -0.00859200 0.60332161
0.01966545 -0.00627488 0.60290089
0.01403759 -0.00903429 0.61892662
0.01558725 -0.01557641 0.62593156
-0.00211271 -0.01936384 0.65778592
0.00080606 -0.01542635 0.66181254
0.01439841 -0.02171131 0.66232597
0.00415239 -0.01070599 0.67983183
0.00432551 -0.00907831 0.68268345
0.00430142 -0.01207291 0.69962022
-0.01219765 -0.00202087 0.71003346
-0.01028300 -0.01701647 0.71984232
-0.00964654 -0.01313025 0.73244154
-0.01213514 -0.01654172 0.74539700
-0.00298344 -0.01357683 0.74829052
-0.01723153 -0.00443736 0.75003157
-0.02654489 -0.00918653 0.77022053
-0.02060458 -0.00300016 0.78208787
-0.00833689 -0.00465391 0.78401409
-0.01521093 -0.01463939 0.77970379
-0.02359066 -0.01202542 0.79256228
-0.01813512 -0.01093849 0.78405430
-0.00202516 -0.01287714 0.79071262
-0.01819759 -0.01287054 0.78302029
-0.01638744 -0.01043132 0.77183721
-0.01999915 -0.01167956 0.78268520
-0.01640828 -0.01104221 0.77624529
-0.01389488 -0.01099963 0.77783934
-0.01551968 -0.01113765 0.77403189
0.12616709 0.00015324 0.61068667
0.14286043 -0.00968763 0.60501132
-0.00490938 -0.01861977 0.74318093
0.09334398 -0.02582761 0.63159937
0.01135649 -0.01520628 0.73790449
0.06390815 -0.02535668 0.68990548
-0.00786788 -0.01303683 0.74792811
0.02255221 -0.01097186 0.71719721
0.02856746 -0.01197130 0.70924251
0.01475340 -0.01215665 0.72107287
0.03717858 -0.01817297 0.68359688
0.04992728 -0.01042654 0.69356961
0.02264196 -0.01910098 0.71414297
-0.02699127 0.00178382 0.70274085
-0.12065465 0.01930431 0.74141706
-0.23673292 0.04692045 0.90966446
0.22472760 -0.06583119 0.23334736
-0.23659846 0.05414701 0.86407504
-0.05895801 -0.01648802 0.69915933
-0.13062722 0.01690625 0.79962859
-0.14213103 0.01576027 0.83314302
-0.13741528 0.01582357 0.82664049
-0.12965071 0.01410995 0.80841258
-0.10477631 0.00183161 0.77111585
-0.04718745 0.00380811 0.65501210
-0.12081443 0.02883700 0.93097269
0.01432849 -0.01093824 0.81057345
-0.06000662 -0.03527804 0.82822911
0.01939604 -0.00174637 0.81826469
-0.03377092 0.01593299 0.62191700
0.05045779 -0.03026576 0.78061554
-0.04555572 -0.02500555 0.88163310
0.01154661 -0.01507810 0.84296123
-0.00673429 -0.01426391 0.87532874
-0.00511975 -0.01688515 0.89842489
-0.00448240 -0.01242585 0.90411820
-0.03239646 -0.00157844 0.93729025
-0.08399989 -0.02755009 0.99324294
-0.00479915 -0.01076787 0.91337707
0.00065417 -0.00733022 0.92165929
0.00385446 -0.01488655 0.93001259
-0.04776808 -0.01064407 0.73610571
-0.01250919 -0.00025546 0.65922853
-0.05691907 -0.01749109 0.77883050
-0.00868100 -0.01331992 0.67277801
-0.00266186 -0.00561897 0.67736052
-0.01752551 -0.01458649 0.71061622
-0.00449078 -0.01922436 0.68447729
-0.01650010 -0.02543750 0.70988963
-0.02764848 -0.01826737 0.73144558
-0.03013809 -0.01955472 0.72425419
-0.02545131 -0.01428588 0.71825664
-0.02200271 -0.00711449 0.70870257
-0.01558557 -0.00709577 0.69145187
-0.01043925 -0.00595530 0.68295324
-0.01913546 -0.01737854 0.69299264
-0.00495938 -0.00767745 0.67507539
-0.04537829 -0.01653277 0.71547094
-0.00441714 -0.01211030 0.66004340
-0.02799061 -0.00761797 0.70115727
-0.04462518 0.00349259 0.71984657
-0.03286084 0.00211935 0.69969349
-0.19185991 0.03104962 0.95822583
-0.04513697 -0.00195191 0.78789013
0.00098188 -0.01158270 0.93857981
0.00112416 -0.01188484 0.93692517
-0.01051203 -0.01731013 0.94038483
-0.00633060 -0.01734377 0.94361807
-0.01624412 -0.01230158 0.93812523
-0.03874290 -0.00390846 0.76405080
0.00286091 -0.01364670 0.92033370
-0.05194965 -0.00319010 0.76318080
-0.05713057 -0.00056450 0.76213115
-0.04974883 -0.00319513 0.73518160
-0.04315403 -0.00869161 0.72112002
-0.04361263 0.00243023 0.75363988
-0.04138765 0.00620545 0.74749618
-0.05212547 -0.00541845 0.73028020
-0.05163838 0.00566485 0.73531974
-0.01869560 -0.00666921 0.67802797
-0.01048119 -0.00883957 0.65556186
-0.05512389 -0.00651807 0.71768628
-0.05603415 -0.00995575 0.71887014
-0.06173640 -0.00147433 0.70631803
-0.06781534 -0.00593104 0.68919640
-0.06060886 -0.01181579 0.69669941
-0.05965264 -0.00736428 0.70046639
-0.07455957 -0.00990921 0.68871810
-0.05265466 -0.01369638 0.71958830
-0.05185761 -0.01008600 0.72872641
-0.05418376 -0.01021008 0.72824960
-0.05525878 -0.01977614 0.75399430
-0.01091905 -0.02098027 0.65020821
-0.01155781 -0.01263713 0.65031516
0.01735181 0.00505929 0.60060415
-0.01136417 -0.00983177 0.64490646
-0.03894771 -0.02379928 0.67907185
-0.00292212 -0.00893186 0.62741676
-0.00557367 -0.01509119 0.61915163
-0.00601204 -0.01205949 0.61416697
-0.03384358 -0.02516822 0.60558647
-0.04503005 -0.01901873 0.59443115
-0.03666404 -0.02900599 0.58700075
-0.01894470 -0.01612078 0.59526864
-0.02358906 -0.00266905 0.59765928
-0.01612769 -0.01078400 0.60124151
-0.01840396 -0.01371389 0.61244040
-0.00826071 -0.00886747 0.60411111
-0.01792406 -0.01197930 0.61550028
-0.01027653 -0.01464650 0.62003575
-0.01370355 -0.01675142 0.61716305
-0.00723519 -0.01420464 0.60975337
-0.01708380 -0.01738262 0.61081313
-0.01189730 -0.01259450 0.60575007
-0.00616559 -0.00489191 0.59389606
-0.00843666 -0.00910195 0.59752643
-0.00714714 -0.00868765 0.58848360
-0.01238643 -0.01137457 0.59058837
-0.00794348 -0.00840760 0.58451184
-0.00934669 -0.00778527 0.58207143
-0.00585581 -0.00732341 0.57873216
-0.00879180 -0.00675507 0.57810134
-0.01009374 -0.00914682 0.57994794
-0.00207694 -0.00753009 0.56848699
-0.00282518 -0.00901948 0.57405801
-0.00564012 -0.00808426 0.57247751
-0.00915791 -0.00778069 0.56939034
0.00483193 -0.00578871 0.54825388
0.00595721 -0.00692492 0.54997323
-0.00282028 -0.00739755 0.55847664
0.00151246 -0.00694665 0.54887516
-0.00233036 -0.00714771 0.54905839
0.00714781 -0.00626261 0.53588521
0.01398945 -0.00529166 0.53240536
0.01872539 0.00002563 0.52391423
0.00530102 -0.00871897 0.54126066
0.00220630 -0.01104464 0.53998542
0.00046590 -0.00898620 0.54742225
-0.00860035 -0.00434155 0.57488056
-0.00555359 -0.00762462 0.56262164
-0.00686064 -0.00661341 0.56570002
-0.00931553 -0.00207853 0.58060610
-0.00733297 -0.00019948 0.62003021
-0.02237462 0.00891374 0.67089528
-0.01138188 -0.00276336 0.62332225
-0.00837904 0.00694954 0.64010985
0.00437267 0.00016604 0.61542696
-0.00062242 -0.00059805 0.62915454
-0.01364951 -0.00420218 0.61062118
-0.01843712 0.00129877 0.65554220
-0.00949286 0.00380089 0.65506096
0.02258701 0.02193569 0.70975957
-0.03393385 0.01903624 0.70076069
-0.05421820 0.00533735 0.74510964
0.00322884 -0.00274764 0.69396815
-0.02231036 0.00028521 0.68678596
-0.05833631 0.00313269 0.79612570
0.02189356 0.02522893 0.80213236
-0.08856329 0.00619313 0.82724924
-0.04001004 -0.02379283 0.75341823
-0.05612316 0.01645121 0.80139664
-0.08267850 0.01863002 0.88329090
-0.05004423 0.01611428 0.81464046
-0.06048697 0.02693974 0.82473472
-0.06145630 0.02049762 0.81777975
-0.01916926 0.01653252 0.83472919
-0.02535229 0.00614825 0.84700047
-0.04379450 0.01850796 0.92314635
-0.04129800 0.00566058 0.88585429
-0.03961983 0.00116654 0.91774948
-0.01566085 -0.00257529 0.87625028
-0.06009539 -0.00304170 0.91347642
-0.03165297 -0.00254686 0.88110377
-0.04214395 0.00570764 0.87704424
-0.04758746 0.00454709 0.89193180
-0.08608966 0.00132647 0.76620479
-0.03210145 -0.00970395 0.93295737
-0.02006866 -0.00586588 0.85097715
-0.04877361 0.00053142 0.90338812
-0.03348954 -0.01044657 0.93403763
-0.01203752 -0.02501813 0.91066104
-0.01847002 -0.01286858 0.86121406
-0.02577275 -0.00531334 0.88660780
-0.02003197 -0.00390281 0.88459882
-0.09437848 0.00388461 1.01801313
-0.04084578 -0.01335930 0.94203093
-0.03274060 -0.00200777 0.93190644
-0.05268156 0.00172450 0.95677133
-0.02289646 -0.01663256 0.95129934
-0.09639227 0.01422368 0.78967348
-0.04743680 0.00535143 1.04363174
0.00343026 -0.01381566 1.05044720
-0.00942375 -0.00260034 0.99667777
-0.04037771 -0.00875937 1.03373291
-0.04612459 -0.00544958 1.08966007
-0.02793992 -0.00066009 1.02454520
-0.02568403 -0.00650261 0.99795645
-0.02788190 -0.00998318 1.01076968
-0.02348254 -0.01354823 0.99439569
-0.02418371 -0.00991263 1.00511640
-0.01296335 -0.01405716 0.98947779
0.03395947 -0.02104311 0.95340098
-0.03728400 0.00030379 1.02265132
0.02001049 -0.01148302 0.96361429
-0.01301371 0.00964943 1.02155449
0.04460667 -0.01409080 0.94808661
-0.02635688 0.01034782 1.02253532
0.00907387 -0.02778809 1.00184464
-0.07966016 0.00495690 0.84452965
-0.12094554 0.02392821 0.94651712
-0.04969024 0.00221085 0.92796073
-0.03109280 -0.01228259 0.91620808
-0.07917747 0.00702143 1.02872112
-0.07222995 0.00995922 1.04640594
-0.06755961 0.00623089 0.96939409
-0.06414159 -0.00622417 0.96431163
-0.06443123 -0.00933088 0.96829075
-0.07797851 0.00360750 0.99751810
-0.05145505 -0.00512828 0.91459370
-0.06097375 0.00253785 0.98980722
-0.07386292 0.01144427 1.02391218
-0.10476643 0.00829662 1.05296568
-0.05725353 -0.00302562 1.00965280
-0.08517502 0.00440541 1.04382701
-0.00627372 -0.00204069 0.91229552
-0.00341061 -0.00950028 1.14369982
-0.00183670 -0.01506570 1.14626432
-0.00952432 -0.00572149 1.17654266
-0.00976060 -0.01174522 1.19485046
-0.01293084 -0.00886195 1.21817391
-0.03061180 0.00579090 1.24391940
0.00847050 -0.01931029 1.20512910
-0.00686349 -0.01229068 1.24906938
-0.03575383 -0.00450043 1.31161398
0.03495110 -0.02240604 1.23508837
-0.06418754 -0.00072986 1.21096120
-0.01203471 -0.01235553 1.26911832
0.00264997 -0.02595039 1.26745058
-0.00487968 -0.00740805 1.27584980
-0.01229359 -0.00320324 1.30724839
-0.02898628 -0.01255261 1.37626254
-0.03427715 -0.01088615 1.39518545
0.02284252 -0.02251994 1.33845829
0.01211891 -0.01696054 1.35181447
0.02865057 -0.02487806 1.33755683
-0.04055681 -0.00929606 1.33857966
0.00664822 -0.01495843 1.38997685
0.01374123 -0.01947174 1.39332095
-0.02768117 0.00301371 1.36471959
0.01851274 -0.01301165 1.40510146
0.03055794 -0.02200643 1.40686501
0.03514368 -0.02255055 1.42620307
0.00859643 -0.02766965 1.44492878
0.01746755 -0.03101538 1.46936201
0.00991143 -0.02477605 1.45668873
-0.01774590 -0.02335642 1.47166153
-0.04792008 0.00219882 1.37483056
-0.02590170 -0.00883292 1.53498794
-0.08228167 0.02274319 1.55971832
-0.08541169 0.00224985 1.51688290
-0.02862612 -0.01056139 1.57651920
-0.06068268 -0.00577149 1.51639502
0.02166817 -0.01780765 1.64744711
0.00981687 -0.00968344 1.69723357
-0.00922432 -0.01436037 1.55740754
-0.11137000 -0.01273150 1.52557491
-0.00530798 -0.01816302 1.58692469
-0.05096308 -0.00312711 1.62576794
-0.01594618 -0.01944766 1.59133296
-0.03573018 -0.01640847 1.44426642
-0.02987088 -0.00657889 1.45859954
0.02641370 -0.02367669 1.59697639
-0.03505384 -0.01191471 1.61106580
-0.06086934 -0.02071074 1.50641889
-0.02521129 -0.02214051 1.55679350
-0.00653465 -0.03815315 1.56846281
0.00230935 -0.03123025 1.55520609
-0.01583879 -0.03006601 1.53549498
-0.06402788 -0.01682767 1.49810119
-0.05124118 -0.01589811 1.48928853
-0.05657505 -0.01870360 1.48132125
-0.02998202 -0.02051336 1.40640628
-0.01745890 -0.01846018 1.33612783
-0.03329598 -0.02373802 1.38710124
-0.03312102 -0.01185744 1.40706370
-0.03400345 -0.01036831 1.44397675
-0.04396296 -0.01743675 1.48552847
-0.04040255 -0.01700515 1.42611787
-0.04747128 -0.01522113 1.43450171
-0.04122227 -0.01905991 1.42585872
-0.05229714 -0.01847170 1.39565746
-0.06076506 -0.02304906 1.42926152
-0.06564842 -0.01513202 1.37720258
-0.06415065 -0.01983502 1.35925121
-0.01413740 -0.02336954 1.40609612
-0.02328109 -0.02472936 1.38349135
-0.03640931 -0.01839730 1.31437497
-0.03126548 -0.00675209 1.36179900
0.02132784 -0.02318088 1.35043420
-0.01915884 -0.02118435 1.35798301
-0.03025536 -0.01676218 1.32919480
-0.01234998 -0.01957576 1.36648312
-0.01811146 -0.01011825 1.35645755
-0.02370343 -0.00844927 1.30387291
-0.06457747 -0.01706419 1.26076913
-0.05996248 -0.01539697 1.28924619
-0.08058276 -0.01417868 1.25227246
-0.06631302 -0.01396285 1.23894348
-0.06227193 -0.00582533 1.24651140
-0.01320752 -0.02363958 1.30947649
-0.01621855 -0.01764495 1.27489315
-0.00889920 -0.02645087 1.27571703
-0.00171879 -0.02730213 1.27340030
-0.00726837 -0.02974062 1.24674524
-0.00986956 -0.02454952 1.24490214
0.00890351 -0.03152895 1.24166472
-0.01263495 -0.02274931 1.23362773
-0.02005731 -0.03080425 1.24037846
-0.01750888 -0.02112745 1.23070363
-0.03270338 -0.02972436 1.19776718
-0.02988532 -0.02576755 1.20666457
-0.03744595 -0.01502974 1.18454313
-0.04743175 -0.01989244 1.21928385
-0.05184046 -0.01581034 1.15406171
-0.05236939 -0.01134463 1.14269119
-0.06836385 -0.01236155 1.14508400
-0.06472440 -0.01583507 1.11335656
-0.06695688 -0.01185722 1.12085243
-0.07776666 -0.01279845 1.14821060
-0.04224109 -0.01240141 1.05326613
-0.04698187 -0.01055017 1.05279648
-0.04211964 -0.00754648 1.04304140
-0.03673421 -0.00617506 1.04175551
-0.04011534 -0.00563504 1.04499936
-0.06950286 -0.01297684 1.08903329
-0.03392227 -0.01073820 1.04222246
-0.02680433 -0.00855725 1.06534565
-0.02365116 -0.01101339 1.05416648
-0.03407778 -0.00678711 1.07497229
-0.03896030 -0.00879831 1.06741584
-0.03928934 -0.00455004 1.08798139
-0.04557442 -0.00254874 1.09304288
-0.04010844 -0.01048497 1.08540961
-0.04162883 -0.00422407 1.07877245
-0.04669376 -0.00039450 1.03323314
-0.03512143 -0.00413520 0.99580732
-0.02232589 -0.00899696 1.04214452
-0.01465129 -0.00479762 1.02922574
-0.01905072 -0.00668675 1.02279224
-0.01743266 -0.00397941 1.03084188
0.00114933 -0.00952448 1.04235033
-0.02914559 -0.01141995 0.98589247
-0.03160421 -0.00980956 0.97683968
-0.02289890 -0.01120152 0.94904908
-0.03516113 -0.00685329 0.97713445
-0.03285177 -0.00950428 0.95519829
-0.04519538 -0.00655314 0.97145494
-0.02221194 -0.01062300 0.97855232
-0.02247603 -0.00859695 0.95423216
-0.02659444 -0.01051206 0.93923259
-0.02907112 -0.02244591 0.91316334
-0.07179416 -0.00585100 0.84181933
-0.06728919 -0.00355694 0.84271484
-0.00385435 -0.02377671 0.94867358
-0.02855783 -0.01507766 0.93245589
-0.04353576 -0.00557625 0.88934944
-0.02648037 -0.00731693 0.89569484
0.00030868 -0.01769715 0.95892058
-0.02736968 -0.01567704 0.92571331
-0.04135172 -0.00723790 0.86657722
-0.01654452 -0.01770292 0.91360429
-0.03600435 -0.01460283 0.90162606
-0.05542774 -0.00084231 0.90614495
-0.04075152 -0.00796119 0.88335369
-0.03650990 -0.00796764 0.87826477
-0.02932210 -0.01014111 0.88603433
-0.00055877 -0.00782313 0.77632177
0.01303286 -0.01527584 0.77802363
-0.01299624 -0.00696683 0.81579587
0.00267607 -0.01393000 0.79941400
0.01820407 -0.02301563 0.77377002
-0.01470142 -0.01600348 0.85941651
-0.00785680 -0.01649681 0.84993185
-0.02132562 -0.01308639 0.87845750
-0.01783029 -0.01049113 0.87797057
-0.03572815 -0.01288431 0.93147568
-0.03345899 -0.01026795 0.93432097
-0.01512652 -0.01077992 0.88380094
-0.01995672 -0.01060041 0.89730861
-0.01791375 -0.01145002 0.89512726
-0.02272431 -0.01396325 0.91277363
-0.01403449 -0.00875920 0.90962590
-0.01387844 -0.00242678 0.95350024
0.01193698 -0.01568558 0.89949429
0.02441243 -0.00940243 0.86289866
0.00400509 -0.00648211 0.92298653
-0.00542381 -0.00092971 0.93936573
-0.01540273 -0.00918109 0.96963789
0.00672156 -0.01255441 0.93429466
-0.02332638 -0.00715475 0.99361952
0.00214638 -0.00798489 0.97979038
-0.01549493 -0.00451708 1.02801091
0.00780704 -0.00794006 1.02786309
0.01032045 -0.01146499 1.05033737
0.01360008 -0.01085865 1.06699343
-0.01083510 -0.00908264 1.11567291
0.07664858 -0.03258808 1.00878343
0.04839418 -0.01669684 1.06853446
0.00675266 -0.01689566 1.12811076
0.02176645 -0.01984689 1.11620276
0.00715058 -0.01497615 1.14009109
-0.13651299 0.00056778 1.16692467
0.00528163 -0.02093654 1.14081897
-0.10273070 -0.01256523 1.07185464
0.01913024 -0.00756743 1.08646337
-0.01708426 -0.00500418 1.14454562
-0.01919725 -0.00996323 1.18538908
-0.03130315 -0.01226186 1.18715170
0.00662577 -0.01061084 1.18511598
-0.00757458 -0.02108811 1.19613963
-0.00569999 -0.01319549 1.21608595
0.01282113 -0.02773697 1.21246118
0.04988207 -0.03503951 1.21536501
0.05429160 -0.01986614 1.22890714
0.01569176 -0.01902923 1.35154955
0.01847073 -0.01821058 1.34662325
0.00901110 -0.01070088 1.38868251
0.01916938 -0.01651237 1.38122261
0.01733515 -0.01736975 1.40053321
0.01818395 -0.02610354 1.40893517
0.01653464 -0.01560998 1.43032645
0.02237414 -0.02079629 1.40675885
0.00413838 -0.01756692 1.44858576
0.00856479 -0.02246125 1.43348385
0.01268075 -0.02167532 1.44418201
0.01044183 -0.02182487 1.44457979
0.00946374 -0.02226083 1.45935632
0.01105059 -0.02917274 1.45353131
0.00687649 -0.02558143 1.45955206
0.01362053 -0.02944118 1.45670351
0.01129721 -0.02200272 1.45745788
0.01801453 -0.02193800 1.46063666
0.01328167 -0.02606891 1.46154766
0.01671702 -0.02724369 1.45436139
0.01113043 -0.03224609 1.44833562
0.00509334 -0.03375200 1.46380100
0.00436988 -0.02222937 1.46749331
0.00945355 -0.02274019 1.47176201
0.00753753 -0.02316286 1.47762700
0.00868611 -0.02217567 1.48114258
0.00886873 -0.01885249 1.48243779
0.00446999 -0.01865206 1.48020945
0.01181549 -0.01917082 1.48160585
0.00650852 -0.02327907 1.47490339
0.00873658 -0.02155415 1.48599606
0.00270804 -0.02166917 1.48680057
0.00830096 -0.02311143 1.49187227
0.00499069 -0.02423482 1.48124096
0.00340573 -0.02140730 1.48381272
0.00325869 -0.02767849 1.47678418
-0.00252857 -0.02271647 1.48962222
0.00769146 -0.02060195 1.48541434
0.00640860 -0.02384588 1.48737719
0.00551568 -0.02483332 1.48407010
-0.00333278 -0.02159332 1.47539468
0.00139739 -0.02398427 1.46782653
-0.00447898 -0.01970295 1.47475774
-0.00116047 -0.02656302 1.46752880
0.00322445 -0.02225054 1.47648104
-0.00134360 -0.02057090 1.46180151
-0.00077077 -0.02181377 1.46627210
0.00783910 -0.02205722 1.47608638
-0.01083916 -0.03288090 1.45664119
-0.00523678 -0.02566497 1.46096753
-0.00698637 -0.02573666 1.45831812
-0.00689361 -0.02597232 1.45699615
-0.00401905 -0.02639442 1.46278306
-0.00603774 -0.02476275 1.45344162
-0.00152570 -0.02262064 1.45671195
0.00087388 -0.02762784 1.43836755
-0.01215797 -0.02426909 1.45360779
-0.00087560 -0.02638094 1.44217708
-0.00830286 -0.02629062 1.44920592
-0.00471646 -0.02851506 1.45268811
-0.01079967 -0.03024847 1.44186278
-0.00651960 -0.03239090 1.44671990
-0.00834391 -0.02597468 1.42742464
-0.01972976 -0.01812529 1.43938441
-0.01566749 -0.02321600 1.43532748
-0.01981599 -0.02205725 1.44508051
-0.01471537 -0.02548826 1.43399069
-0.01737501 -0.02558926 1.42873518
-0.01357106 -0.02565694 1.41599389
-0.01787046 -0.03053448 1.39543307
-0.00982724 -0.03103580 1.38921008
-0.00939535 -0.03468040 1.38309827
-0.01246740 -0.03382082 1.39162068
-0.01170771 -0.03296331 1.39335703
-0.00694522 -0.03059984 1.37636607
-0.01847540 -0.02880964 1.39308143
-0.02059047 -0.03283846 1.39279907
-0.02343184 -0.03528647 1.37944672
-0.02157507 -0.02865565 1.39441672
-0.02813310 -0.02336031 1.40749729
-0.01954142 -0.02840410 1.38379723
-0.02533463 -0.02635341 1.40150979
-0.03212494 -0.02491406 1.39812628
-0.02668207 -0.03116474 1.38808066
-0.02113899 -0.02906437 1.39191705
-0.00628504 -0.03908750 1.37492386
0.00059621 -0.03612583 1.34706980
-0.02208957 -0.03163137 1.37617435
-0.01003711 -0.02627919 1.36869148
-0.00698655 -0.03165643 1.35939127
-0.00180273 -0.03220959 1.35538660
-0.00886759 -0.03029436 1.36549668
-0.00249062 -0.03233312 1.36072820
0.00325106 -0.03169562 1.34071133
0.00399861 -0.03288819 1.34134077
0.00632125 -0.03691365 1.33265430
0.00259244 -0.03298780 1.32189302
-0.01904944 -0.02806373 1.34501986
-0.00733389 -0.03454819 1.29321077
-0.01557369 -0.02793089 1.30051133
-0.01842985 -0.02785902 1.28407675
-0.01866114 -0.02992372 1.24851131
-0.01670291 -0.03190121 1.22892520
-0.01875438 -0.02896419 1.20392313
-0.02327956 -0.02742709 1.20178312
-0.02328815 -0.02937063 1.18271580
-0.01525313 -0.02771699 1.14815466
-0.01650471 -0.02874674 1.12436915
-0.01562162 -0.02448872 1.11580218
-0.01453430 -0.01734272 1.12128446
-0.01063734 -0.01957983 1.09393352
0.00016630 -0.02401600 1.05222600
-0.00229687 -0.02053525 1.04021000
-0.00610577 -0.02401086 1.01562911
-0.00665659 -0.02124115 0.97795430
-0.00999745 -0.02419824 0.95789536
-0.00718311 -0.02052692 0.93165230
0.00102256 -0.02349506 0.89183094
-0.00867459 -0.01951069 0.87903558
-0.00654644 -0.01959131 0.85187075
-0.00139188 -0.02191983 0.81817909
0.00072066 -0.01690967 0.80795207
0.00216670 -0.02174321 0.78245440
-0.00303005 -0.01871310 0.78385089
-0.00334567 -0.01375229 0.78070271
-0.00248815 -0.01130156 0.77414954
-0.00255008 -0.01275345 0.76419242
-0.00404344 -0.01361641 0.75616678
0.00230116 -0.01891537 0.72825347
-0.00438784 -0.01315483 0.72986478
-0.00348307 -0.01702200 0.70468316
-0.00164232 -0.01363709 0.69082778
-0.00020364 -0.01152949 0.66870648
-0.00088231 -0.01207816 0.65297385
-0.00410664 -0.01295322 0.63710155
-0.00109956 -0.01148344 0.61586577
-0.00250140 -0.01186452 0.59354618
0.00007207 -0.01270976 0.56844992
-0.00352528 -0.00995738 0.55428780
-0.00537595 -0.01112289 0.53452769
-0.00537315 -0.00716335 0.51515953
0.00159421 -0.00962017 0.49003989
-0.00106033 -0.00972301 0.46898448
-0.00042760 -0.01082931 0.43779031
-0.00339914 -0.00775517 0.41514433
-0.00215354 -0.00953570 0.38163581
0.00202106 -0.01212065 0.35557518
-0.00033845 -0.01147048 0.33717484
-0.00010956 -0.01041827 0.31240943
-0.00190319 -0.01423902 0.28650664
0.00147701 -0.00680979 0.26324304
0.00369003 -0.00775250 0.23866687
0.00362852 -0.00612210 0.21767652
0.00142618 -0.00435016 0.19897917
-0.00014201 -0.00183015 0.18099358
-0.00139816 -0.00413485 0.15657627
0.00195132 -0.00318796 0.13654312
-0.00009450 -0.00136457 0.12510239
0.00025321 -0.00225886 0.10899291
-0.00173932 -0.00124009 0.09560460
-0.00057439 -0.00275747 0.08442586
-0.00000090 -0.00468885 0.07454709
0.00313933 -0.00423097 0.07098485
0.00029170 -0.00271066 0.07059664
-0.00088685 -0.00379225 0.06397996
-0.00030030 -0.00362450 0.06106630
0.00013277 -0.00417317 0.05060450
-0.00053137 -0.00145737 0.05136401
0.00080474 -0.00258128 0.04554814
0.00007844 -0.00212806 0.03746863
0.00008986 -0.00098488 0.03244404
0.00049079 -0.00297147 0.02651442
0.00147615 -0.00213280 0.01350732
0.00121713 -0.00440339 0.00754105
0.00006831 -0.00492562 0.00422717
0.00156838 -0.00465270 0.00101005
0.00232252 -0.00382177 0.00200959
0.00048978 -0.00194852 0.00529173
-0.00038911 0.00004863 0.00730550
-0.00007439 -0.00160597 -0.00073848
0.00006111 -0.00250213 -0.00492235
0.00134857 -0.00320878 -0.00669481
0.00115103 -0.00506896 -0.00777287
0.00160094 -0.00402787 -0.00818974
0.00215259 -0.00427928 -0.01071756
-0.00065920 -0.00182097 -0.00476652
0.00057457 -0.00297458 -0.00598560
0.00028230 -0.00229198 -0.00313045
0.00047278 -0.00193785 -0.00456473
0.00050979 -0.00183136 -0.00226604
0.00000687 -0.00172211 -0.00228080
0.00011824 -0.00143604 -0.00390054
0.00074073 -0.00123433 -0.00304655
0.00198204 -0.00228609 -0.00492734
0.00079891 -0.00098883 -0.00280201
0.00109417 -0.00068258 -0.00245211
0.00042675 -0.00234163 -0.00222143
-0.00028273 -0.00309465 -0.00415280
-0.00008687 -0.00077732 -0.00023650
0.00000000 0.00000000 0.00000000
0.00000000 0.00000000 0.00000000
0.00000000 0.00000000 0.00000000
