0.01596472 -0.01977519 0.99967698
0.00587013 -0.01871900 0.99980755
-0.00230488 -0.02438773 0.99969992
-0.03958918 -0.01817079 0.99905081
-0.00437472 -0.02721972 0.99961990
-0.00244140 -0.02164497 0.99976274
-0.01147971 -0.03326400 0.99938067
0.01326110 -0.01916738 0.99972834
-0.02708817 -0.01505151 0.99951973
-0.00168149 -0.02488491 0.99968891
0.00753481 -0.01314134 0.99988526
-0.02430450 -0.00258276 0.99970127
0.01941064 -0.04111745 0.99896576
0.02004894 -0.01149068 0.99973297
0.00536880 -0.02441059 0.99968760
0.00288164 -0.00120346 0.99999512
-0.03009570 -0.02911090 0.99912302
0.03519675 -0.02209004 0.99913624
-0.02877362 -0.00457195 0.99957550
0.01799092 -0.02450324 0.99953785
0.03847648 -0.01144402 0.99919397
0.04369100 -0.01342233 0.99895492
0.02987014 -0.01994965 0.99935468
0.02828769 -0.01262610 0.99952008
0.01489825 -0.01886040 0.99971112
0.01159747 -0.01803375 0.99977011
0.01406198 -0.01557248 0.99977986
0.02119388 -0.01492798 0.99966393
0.00972686 -0.01694877 0.99980905
0.01000942 -0.01569446 0.99982673
0.00149478 -0.01277847 0.99991723
0.01072458 -0.01052126 0.99988714
0.03432651 -0.03916990 0.99864278
0.00065611 -0.02372353 0.99971834
0.02711024 -0.01869091 0.99945770
0.02503356 -0.01258004 0.99960745
0.04416159 -0.01977579 0.99882865
-0.00882748 -0.01851540 0.99978961
0.02796282 -0.01347322 0.99951816
0.04624063 -0.01124049 0.99886709
0.01975689 -0.01479871 0.99969529
0.04244199 0.01168139 0.99903064
-0.00207384 -0.01648770 0.99986192
0.00962301 -0.02748419 0.99957592
-0.00710609 -0.02078685 0.99975868
0.01147346 -0.02510766 0.99961891
0.04703342 -0.02813071 0.99849713
0.05264111 -0.00891541 0.99857370
0.02972917 -0.01003191 0.99950765
0.01159503 -0.02130003 0.99970589
0.02027626 -0.00099126 0.99979392
0.02186740 -0.01124160 0.99969768
0.00388055 -0.00587788 0.99997520
0.00481679 -0.02466081 0.99968427
-0.04921538 -0.01878425 0.99861154
-0.01700341 -0.00900310 0.99981490
0.04631923 -0.00757556 0.99889796
0.01870483 -0.01721001 0.99967692
0.02681138 -0.00859925 0.99960352
0.00184214 -0.00657171 0.99997671
0.01741670 -0.01921223 0.99966372
0.02701500 -0.01573461 0.99951119
-0.00700956 0.02426617 0.99968096
0.01217318 -0.00319632 0.99992080
0.02054313 -0.00670514 0.99976648
0.03084854 -0.00645012 0.99950326
-0.00568474 -0.01056343 0.99992805
0.01154154 -0.00799348 0.99990144
0.01365436 -0.00398561 0.99989883
-0.00558005 -0.01758150 0.99982986
-0.03787251 -0.01082747 0.99922392
0.02038694 -0.00782355 0.99976155
0.00190886 -0.00185100 0.99999647
-0.00475352 0.00660360 0.99996690
-0.00333290 -0.02376590 0.99971200
-0.02832913 0.02025239 0.99939347
-0.00212908 -0.00766286 0.99996837
0.01084679 -0.00782496 0.99991055
0.00261034 0.00630006 0.99997675
-0.01531355 0.00347355 0.99987671
-0.00602336 -0.00751399 0.99995363
-0.00756356 -0.00698602 0.99994699
-0.01048890 -0.01479837 0.99983548
-0.01463989 -0.00359013 0.99988639
-0.00148275 0.00276368 0.99999508
-0.00758467 -0.00900905 0.99993065
-0.01124450 -0.01378690 0.99984173
-0.02560322 -0.01455419 0.99956623
-0.00702335 -0.00977745 0.99992753
0.01668424 -0.00040269 0.99986073
0.00451992 -0.00521787 0.99997617
0.00947958 0.00648811 0.99993402
-0.00307956 -0.01524476 0.99987905
0.00270007 0.00010098 0.99999635
0.00232253 -0.01359831 0.99990484
-0.00960784 -0.01159484 0.99988662
0.00898398 -0.00711611 0.99993432
-0.00182464 -0.01189431 0.99992760
-0.00885885 -0.00610719 0.99994211
-0.00310528 -0.01428620 0.99989313
-0.00846281 -0.01338451 0.99987461
0.01924465 -0.00467458 0.99980388
0.01243705 -0.00706545 0.99989769
0.00050990 -0.01347346 0.99990910
-0.00556604 -0.00545544 0.99996963
-0.01627205 -0.00355656 0.99986128
-0.01336332 0.00376172 0.99990363
0.03786074 0.01103599 0.99922208
-0.01279104 -0.00618823 0.99989904
-0.00272022 -0.01498599 0.99988400
-0.00387155 -0.00811600 0.99995957
-0.00458100 -0.00186067 0.99998778
0.00339014 -0.00855066 0.99995770
-0.00477603 -0.01184122 0.99991848
0.00373533 -0.00163882 0.99999168
0.00205516 -0.01170653 0.99992936
-0.00902653 -0.01724859 0.99981049
0.00090312 -0.00599245 0.99998164
0.00489687 -0.01308483 0.99990240
-0.00539872 -0.00877798 0.99994690
-0.01751182 -0.01043247 0.99979223
0.01984771 -0.01908160 0.99962091
-0.01038817 -0.00738723 0.99991875
-0.01704650 -0.00563115 0.99983884
0.03231568 -0.00421817 0.99946881
0.00644744 -0.01439775 0.99987556
-0.00096242 -0.01165259 0.99993164
0.00029674 -0.01750545 0.99984672
0.00857144 -0.00675972 0.99994042
-0.00002147 -0.01388574 0.99990359
0.00622719 -0.01665027 0.99984198
0.00075063 -0.01023403 0.99994735
-0.00295079 -0.00809286 0.99996290
0.00068668 -0.01180817 0.99993005
0.02039218 -0.01037505 0.99973822
-0.02730703 -0.02782639 0.99923972
-0.00994350 -0.00644586 0.99992979
0.00089786 -0.00973926 0.99995217
-0.00611581 -0.01830301 0.99981378
-0.00352724 -0.00704613 0.99996895
-0.00890505 -0.01556668 0.99983918
0.01883448 -0.01126069 0.99975920
-0.01483160 0.00733483 0.99986310
-0.00296862 -0.01452227 0.99989014
-0.01690487 -0.01167925 0.99978889
-0.00985505 -0.02504116 0.99963784
-0.00623638 -0.00533725 0.99996631
0.00219897 -0.02417693 0.99970528
0.01482290 -0.01184061 0.99982002
-0.02607425 -0.01207065 0.99958713
-0.00909002 -0.02117242 0.99973451
0.02479399 -0.01761562 0.99953737
-0.02659052 -0.01683894 0.99950457
0.01228292 -0.00709464 0.99989939
0.00716159 -0.01138205 0.99990958
0.03883934 -0.00524828 0.99923169
0.01885745 -0.01674992 0.99968187
0.04756603 -0.04637819 0.99779083
0.02017611 0.01426577 0.99969466
0.00892626 -0.03543656 0.99933206
0.01407784 -0.00380351 0.99989367
0.00369748 -0.02258845 0.99973801
-0.01155386 -0.01140319 0.99986823
-0.00013605 0.00590046 0.99998258
-0.00567987 -0.01067844 0.99992685
0.01720064 -0.01780906 0.99969344
0.01055349 -0.01232420 0.99986836
0.02037338 -0.01367009 0.99969898
0.00887420 -0.01584084 0.99983514
0.02602994 -0.00327170 0.99965581
0.01574140 -0.01174857 0.99980707
0.00672264 -0.01271717 0.99989653
0.01053469 -0.01458058 0.99983820
0.01736174 -0.01981059 0.99965300
0.03220244 -0.00468952 0.99947037
0.00951909 -0.00700588 0.99993015
0.03405794 -0.00415651 0.99941122
0.02079310 -0.01085679 0.99972485
0.02789436 -0.01088292 0.99955163
0.02014790 -0.00880314 0.99975825
0.01135349 -0.01479871 0.99982603
0.03016676 -0.02320274 0.99927554
0.01925517 -0.01219096 0.99974028
0.01516446 -0.01809765 0.99972122
0.01910316 -0.00938134 0.99977350
0.02408525 -0.01327747 0.99962173
0.01242830 -0.02130389 0.99969579
0.02243326 -0.00600084 0.99973033
0.02164704 -0.02042726 0.99955697
0.02078826 -0.02160182 0.99955050
0.01237029 -0.02309934 0.99965664
0.00295777 -0.00747266 0.99996770
0.01409996 -0.00740273 0.99987319
0.03004232 -0.00975245 0.99950105
0.01114739 -0.00530692 0.99992378
0.01843997 -0.01057029 0.99977409
0.02070176 -0.01182647 0.99971575
0.00259876 0.00623679 0.99997717
0.01081176 0.01030916 0.99988841
-0.02575733 0.01144734 0.99960268
0.01965704 0.00191973 0.99980494
0.01002227 -0.01206091 0.99987704
-0.05837366 0.03554546 0.99766178
-0.04700943 0.00962360 0.99884809
-0.04716584 0.01667834 0.99874782
-0.14194868 0.02179102 0.98963414
0.02604048 0.00549417 0.99964579
-0.06585963 -0.00373631 0.99782190
0.02288502 -0.00362908 0.99973152
0.07772628 -0.03459548 0.99637432
0.02846591 -0.01280048 0.99951280
0.02328574 -0.01447599 0.99962404
0.09413862 -0.02559357 0.99523007
-0.02189706 0.00562394 0.99974441
0.10780525 -0.05672555 0.99255239
-0.04056597 0.03367729 0.99860915
-0.00295696 -0.01858051 0.99982299
0.07816847 -0.00783583 0.99690937
0.09299069 -0.04462688 0.99466636
0.03537945 -0.00511912 0.99936084
0.04155362 -0.01556258 0.99901507
0.03645919 -0.00859867 0.99929815
0.02652960 -0.00570030 0.99963178
0.04769518 -0.04518771 0.99783929
0.14491042 -0.04618797 0.98836615
0.02303775 -0.01448310 0.99962968
-0.03127435 0.01387113 0.99941458
-0.01487902 -0.01738422 0.99973817
0.07002475 -0.03853287 0.99680076
-0.02024221 -0.01543970 0.99967588
0.06223388 0.00844794 0.99802584
0.04612642 0.00104518 0.99893506
-0.00007833 -0.00117219 0.99999931
-0.03421250 -0.00248083 0.99941150
-0.05396343 -0.03110402 0.99805836
0.06678679 0.01444900 0.99766264
0.00575249 -0.00155326 0.99998225
-0.04007993 -0.00635400 0.99917627
-0.01469896 -0.00785228 0.99986113
-0.05789857 -0.02598893 0.99798413
0.01903244 0.00629251 0.99979907
0.00249159 0.00504209 0.99998418
0.02314392 0.01248262 0.99965421
0.03047168 0.01028420 0.99948272
0.01208464 -0.00309439 0.99992219
0.01359485 -0.00700204 0.99988307
0.00406089 0.00139623 0.99999078
-0.01688539 -0.00650165 0.99983629
0.01322508 -0.00362555 0.99990597
0.04277959 0.00281013 0.99908058
0.03151179 -0.00365954 0.99949668
-0.00202473 0.00268025 0.99999436
0.01531940 -0.00264703 0.99987915
0.00208472 -0.00219050 0.99999543
0.01115164 0.00868085 0.99990014
0.00473007 -0.01017196 0.99993708
-0.01454537 -0.00123618 0.99989345
0.00003532 -0.00123595 0.99999924
0.00734040 -0.00945260 0.99992838
0.00285241 -0.00918890 0.99995371
-0.00560083 -0.00694327 0.99996021
-0.00164390 0.00108451 0.99999806
-0.00502858 -0.00742145 0.99995982
0.00799481 0.00005282 0.99996804
-0.05023884 -0.02300505 0.99847225
-0.00091762 -0.00472436 0.99998842
0.00198954 0.00084437 0.99999766
0.02996968 0.00322567 0.99954560
0.00130389 -0.00525513 0.99998534
0.00288052 -0.00553995 0.99998051
0.00781877 0.00031458 0.99996938
-0.00836885 -0.00655744 0.99994348
0.01363481 0.00307657 0.99990231
-0.00212181 -0.00073047 0.99999748
0.00354105 -0.00182196 0.99999207
-0.00529458 -0.01307268 0.99990053
0.00559098 -0.00942683 0.99993994
-0.01379172 -0.00911315 0.99986336
-0.04534795 -0.00693301 0.99894719
-0.01643199 -0.00646239 0.99984410
-0.00648738 -0.01498361 0.99986669
-0.01829665 -0.00323213 0.99982738
0.00144155 0.00324017 0.99999371
0.00209574 -0.00863162 0.99996055
-0.03966772 -0.00961317 0.99916668
0.03026963 -0.00399503 0.99953379
0.00214630 0.00175467 0.99999616
0.00450400 -0.00682434 0.99996657
0.00228688 -0.00065685 0.99999717
0.00974662 -0.00855320 0.99991592
-0.02997260 -0.00212589 0.99954846
0.02134964 -0.00790078 0.99974085
-0.00633618 -0.00308978 0.99997515
-0.00738964 -0.00507612 0.99995981
-0.03272666 0.00911021 0.99942282
-0.00494564 -0.00263964 0.99998429
0.00760410 -0.00802832 0.99993886
0.01090434 -0.00619736 0.99992134
-0.05980944 -0.00476708 0.99819843
-0.05065509 -0.03024771 0.99825805
0.01574398 -0.00361107 0.99986954
0.02013378 -0.00210588 0.99979508
0.01743431 -0.00191154 0.99984618
-0.00769300 -0.00941691 0.99992607
0.01236476 -0.01560236 0.99980182
0.00140279 -0.00057227 0.99999885
0.01574367 -0.01015371 0.99982450
0.00129045 -0.00622504 0.99997979
-0.00703096 -0.00292526 0.99997100
-0.00337108 -0.01255236 0.99991553
-0.00643695 -0.01650436 0.99984307
-0.02723394 -0.01292021 0.99954559
0.00414720 -0.01768774 0.99983496
0.02722152 -0.00968660 0.99958249
-0.00681261 -0.02392102 0.99969064
-0.01188000 -0.02242295 0.99967799
0.00145045 -0.01342431 0.99990884
0.00138120 -0.01089936 0.99993965
-0.00357577 -0.00764791 0.99996436
0.00259384 -0.01256289 0.99991772
-0.01604932 -0.00835633 0.99983628
-0.00400325 -0.01525274 0.99987566
0.00913739 -0.02019181 0.99975437
-0.02599401 -0.01659290 0.99952438
-0.01999414 -0.01691001 0.99965708
-0.01476181 -0.01610674 0.99976130
0.00956375 -0.00857108 0.99991753
-0.00234516 -0.01550461 0.99987705
0.00517044 -0.01225587 0.99991153
-0.00525941 -0.00759062 0.99995736
0.01057362 -0.00512193 0.99993098
-0.03326868 -0.01548604 0.99932646
-0.00257399 -0.01235986 0.99992030
0.02493463 -0.01135264 0.99962462
0.01045637 -0.01234717 0.99986910
0.01502360 -0.01696353 0.99974323
-0.01213072 -0.01776098 0.99976867
0.00122117 -0.01364378 0.99990617
0.00520717 -0.01323058 0.99989891
-0.00000806 -0.01282884 0.99991771
-0.01033114 -0.01447640 0.99984184
0.01641591 -0.00753982 0.99983682
-0.00741584 -0.00796744 0.99994076
-0.00584699 -0.01109666 0.99992134
-0.01355788 -0.01675671 0.99976767
0.00721511 -0.01467183 0.99986633
0.00335644 -0.01520714 0.99987873
-0.00090470 0.00044603 0.99999949
-0.00532160 -0.00682564 0.99996254
-0.01756498 -0.00728719 0.99981917
-0.00515238 -0.01523982 0.99987059
0.00308049 -0.01571705 0.99987173
0.02398999 -0.01281124 0.99963011
0.00867851 -0.01764401 0.99980667
0.00004213 -0.01506397 0.99988653
0.06406452 -0.02712257 0.99757712
-0.00553234 -0.01448574 0.99987977
0.00556199 -0.02050521 0.99977427
-0.00233642 -0.01749734 0.99984418
-0.01554572 -0.00255800 0.99987589
0.00732058 -0.01568609 0.99985017
-0.00409819 -0.02233164 0.99974222
-0.01703749 -0.00971789 0.99980762
0.00352143 -0.01091247 0.99993426
-0.03687607 -0.01083102 0.99926115
-0.03515241 -0.01633336 0.99924848
0.03291668 -0.01451794 0.99935265
-0.05470901 -0.02492233 0.99819127
0.03388892 -0.00783578 0.99939489
-0.00559918 -0.01581435 0.99985927
0.00006920 -0.01000780 0.99994992
0.02478644 -0.00596385 0.99967498
-0.00552859 -0.01434705 0.99988179
0.00999396 -0.00472678 0.99993889
-0.01244805 -0.01329621 0.99983411
-0.01013127 -0.02739181 0.99957343
-0.00825188 -0.02461400 0.99966297
0.02476020 -0.02219716 0.99944696
0.02186195 -0.00870118 0.99972313
-0.01079911 -0.02771702 0.99955748
0.00525138 -0.01163093 0.99991857
-0.01889921 -0.00686786 0.99979781
0.04510790 -0.00404204 0.99897394
0.01183238 -0.01873134 0.99975454
0.01638838 -0.00625175 0.99984616
-0.00107428 -0.00025301 0.99999939
0.01073098 -0.01910888 0.99975982
-0.01106866 -0.00685872 0.99991522
0.00367066 -0.00799852 0.99996127
-0.01222982 -0.01150466 0.99985903
-0.00198826 -0.01222614 0.99992328
0.00383362 -0.02612484 0.99965134
-0.00077492 -0.01402755 0.99990131
0.00668493 -0.01333521 0.99988874
-0.00713067 -0.00389870 0.99996698
0.01854608 -0.01210898 0.99975468
0.00397601 -0.01289809 0.99990891
-0.00392353 -0.00608954 0.99997376
0.00155733 -0.01181994 0.99992893
-0.02971329 -0.00205535 0.99955635
-0.03282712 -0.00492991 0.99944889
-0.00459388 -0.01585163 0.99986380
0.02084702 -0.01236492 0.99970621
0.01603728 -0.01319615 0.99978431
0.01053038 -0.01410592 0.99984506
-0.00118651 -0.01024822 0.99994678
0.01280196 -0.01467453 0.99981037
-0.00010059 -0.00435943 0.99999049
-0.01371141 -0.00696540 0.99988173
0.04688746 -0.02843202 0.99849546
0.01686610 -0.00353593 0.99985150
-0.00729066 -0.02165119 0.99973900
0.02968292 -0.00623132 0.99953994
0.01893336 -0.00831352 0.99978618
-0.01258536 -0.01025915 0.99986817
0.00376706 -0.00679887 0.99996979
-0.07068828 -0.00914399 0.99745654
0.00315755 -0.00804060 0.99996269
0.00973573 -0.01196778 0.99988099
0.01304425 -0.00223037 0.99991243
0.00040808 -0.01501763 0.99988715
0.05334010 -0.00533716 0.99856214
0.00620628 -0.01352453 0.99988928
0.00432993 -0.01363150 0.99989771
-0.00972536 -0.01043268 0.99989828
0.01228597 -0.01371094 0.99983052
0.01605651 -0.01283269 0.99978873
-0.01038532 -0.02314527 0.99967817
-0.03224055 -0.01613602 0.99934988
0.02584105 -0.00070723 0.99966581
0.00994405 -0.01586060 0.99982476
0.02728926 -0.03058695 0.99915951
-0.00682475 -0.01254525 0.99989801
0.04219651 -0.02200584 0.99886696
-0.00188637 -0.01224931 0.99992320
0.00030066 -0.01275172 0.99991865
-0.02114544 -0.01375222 0.99968182
-0.02972716 -0.01609411 0.99942847
-0.00314076 -0.00541752 0.99998039
0.01135657 -0.01951097 0.99974514
-0.01299465 -0.01017937 0.99986375
-0.04760197 -0.00908839 0.99882504
-0.00185591 -0.02285046 0.99973717
0.00513127 -0.00598059 0.99996895
-0.00732170 -0.02188018 0.99973379
0.00169746 -0.00648999 0.99997750
0.01537404 -0.00777205 0.99985161
-0.00566449 -0.02004820 0.99978297
0.01153426 -0.01851452 0.99976206
-0.00294542 -0.01423079 0.99989440
-0.00912406 -0.00981054 0.99991025
0.03295596 -0.00653042 0.99943547
-0.01376651 -0.00256943 0.99990194
-0.00929264 -0.01726651 0.99980774
0.00261395 -0.01012721 0.99994530
-0.00463482 -0.01639968 0.99985477
0.01660577 -0.00687920 0.99983845
-0.02683294 -0.00756879 0.99961128
-0.00387406 -0.01483866 0.99988240
-0.00595216 -0.01017178 0.99993055
-0.02066793 -0.01866077 0.99961223
-0.01133008 -0.00443682 0.99992597
-0.00203269 -0.00758677 0.99996915
0.00838521 -0.00699757 0.99994036
0.00564343 -0.00885093 0.99994490
-0.00988004 -0.01440812 0.99984738
-0.00313959 -0.00974055 0.99994763
0.01809143 -0.00181234 0.99983469
-0.05130613 -0.02015024 0.99847967
0.04586938 -0.02201898 0.99870474
0.00668808 -0.01372262 0.99988347
0.01190152 -0.00814984 0.99989596
-0.00551929 -0.01461720 0.99987793
-0.02796088 -0.01363238 0.99951606
-0.03816459 -0.01926328 0.99908578
0.02348187 0.00545731 0.99970937
0.02724860 -0.00668067 0.99960636
-0.00063798 0.00734227 0.99997284
0.02549456 -0.01757812 0.99952040
0.00482235 0.00200884 0.99998635
-0.00183845 -0.00641603 0.99997773
-0.00707558 -0.00986534 0.99992630
-0.02333757 -0.01297487 0.99964344
-0.03324339 -0.00910400 0.99940582
0.01957426 -0.00092983 0.99980797
0.03528091 -0.01709318 0.99923124
0.01380965 -0.01860394 0.99973156
0.00260695 -0.01547812 0.99987681
-0.00182504 -0.00528622 0.99998436
-0.00592310 -0.02097338 0.99976249
-0.00809073 -0.00712968 0.99994185
0.00458889 -0.00692752 0.99996548
0.00172267 -0.01657893 0.99986108
-0.00812389 -0.00606528 0.99994861
-0.01078541 -0.01407367 0.99984279
-0.00359310 -0.00967402 0.99994675
-0.01782419 -0.00882528 0.99980219
0.00266006 -0.01379754 0.99990127
-0.01511261 -0.00984251 0.99983735
-0.00964597 -0.00661189 0.99993162
-0.01819252 -0.01075936 0.99977661
-0.00284739 -0.01014465 0.99994449
0.01552698 -0.01107540 0.99981811
0.01953040 -0.01010829 0.99975816
-0.01880163 -0.01339867 0.99973345
0.00850125 -0.01332111 0.99987513
0.01289211 -0.01469476 0.99980891
0.00728464 -0.01557159 0.99985222
0.01082855 -0.01431262 0.99983893
-0.01948818 -0.01258583 0.99973087
-0.01740692 0.00355163 0.99984218
-0.02660053 -0.01063738 0.99958954
0.00680752 -0.02425369 0.99968266
-0.00850463 -0.01245106 0.99988631
0.00410029 -0.00571037 0.99997529
0.01177133 -0.00622116 0.99991136
0.00141421 -0.01299175 0.99991460
0.00478050 -0.01037086 0.99993479
0.00148904 -0.00516670 0.99998554
0.00288798 -0.01460996 0.99988910
0.00324112 -0.01766684 0.99983868
0.00944727 -0.01474604 0.99984664
-0.01136069 -0.01385695 0.99983945
-0.03674928 -0.02077689 0.99910851
0.00585810 -0.00356182 0.99997650
-0.00043677 -0.01660291 0.99986207
-0.00901072 -0.01840379 0.99979003
0.00804996 -0.01351836 0.99987622
0.01277817 -0.02101063 0.99969759
0.01600142 -0.01829824 0.99970452
0.01976182 -0.01189793 0.99973392
-0.04698951 -0.00193749 0.99889350
-0.00377176 -0.01422689 0.99989168
0.01760667 -0.00517177 0.99983161
-0.00622542 -0.01010581 0.99992956
0.02147170 -0.01034970 0.99971588
-0.00253674 -0.00965767 0.99995015
-0.00385585 -0.01262524 0.99991286
0.03137142 -0.02184943 0.99926895
0.01443889 -0.02529353 0.99957579
-0.00707476 -0.01320126 0.99988783
0.01142905 -0.01548601 0.99981476
0.00401204 -0.00601958 0.99997383
-0.02317188 0.00175877 0.99972995
0.00406080 -0.01174491 0.99992278
-0.00280993 -0.01169421 0.99992767
-0.03050508 -0.01448477 0.99942965
0.00464789 -0.01512600 0.99987479
-0.03182367 -0.00751227 0.99946527
0.03562499 -0.01816992 0.99920004
0.04824933 -0.01171158 0.99876666
0.01295843 -0.01169196 0.99984768
-0.02018899 -0.00118874 0.99979547
-0.00473297 -0.01245631 0.99991122
0.02334470 -0.01393155 0.99963040
0.02573867 -0.00508445 0.99965578
0.02028693 -0.01706407 0.99964857
-0.01052994 -0.00993009 0.99989525
0.01206609 -0.01615286 0.99979673
0.00141771 -0.01206897 0.99992616
-0.01104187 -0.01530512 0.99982190
-0.00204116 -0.01381056 0.99990255
0.01780868 -0.01140507 0.99977636
0.00749355 -0.01572554 0.99984827
-0.00367422 -0.00020449 0.99999323
0.00280299 -0.01171042 0.99992750
0.00454955 -0.00804285 0.99995731
0.07833917 -0.02032980 0.99671946
0.05627067 -0.02752794 0.99803598
0.02452315 -0.01174341 0.99963029
0.01356136 -0.01298759 0.99982369
-0.01396832 -0.01203495 0.99983001
-0.02451820 -0.01255908 0.99962049
0.02377445 -0.01506483 0.99960383
0.00862246 -0.00384483 0.99995543
0.01097032 -0.01797132 0.99977832
0.00002619 -0.01166577 0.99993195
0.01558818 -0.00255716 0.99987523
0.03957829 -0.01204077 0.99914392
-0.03747991 -0.01356974 0.99920524
-0.00049585 -0.01757887 0.99984536
-0.03259799 -0.01451660 0.99936312
-0.02289691 -0.00052523 0.99973769
-0.05777964 -0.00267976 0.99832576
0.00609065 -0.01139915 0.99991648
0.00130911 -0.00931834 0.99995573
0.02445482 -0.00981080 0.99965279
-0.05827051 -0.00101878 0.99830031
-0.01435709 -0.02498799 0.99958465
-0.02286600 -0.01007186 0.99968780
-0.01439335 -0.00587629 0.99987914
-0.01079201 -0.02502284 0.99962863
-0.01244792 -0.00642419 0.99990188
-0.00409934 -0.01439833 0.99988794
-0.03497351 -0.01458430 0.99928182
0.00693714 -0.01589186 0.99984965
-0.00095531 -0.00984662 0.99995106
-0.02998219 -0.00984013 0.99950200
-0.00068595 -0.01490537 0.99988867
-0.00012109 -0.02209016 0.99975598
0.00815591 -0.00641805 0.99994614
-0.01160382 0.00027534 0.99993264
0.00348328 -0.00680475 0.99997078
0.01534349 -0.00632152 0.99986230
-0.04098893 -0.02021407 0.99895510
-0.00011232 -0.00866791 0.99996243
-0.02847149 -0.01384907 0.99949866
-0.02097960 -0.01386686 0.99968373
-0.00490407 -0.00704629 0.99996315
-0.01855250 -0.01777118 0.99966994
0.00145840 -0.01743027 0.99984702
0.02590809 -0.02752711 0.99928526
0.03259971 -0.02509198 0.99915347
0.00173567 -0.03215509 0.99948138
0.01488675 -0.00204317 0.99988710
0.01759656 -0.00298785 0.99984070
0.05284467 -0.01227627 0.99852728
-0.00345321 -0.01189728 0.99992326
-0.00196337 -0.01343540 0.99990781
0.01715663 -0.01659643 0.99971506
0.00631829 -0.00435787 0.99997054
-0.00861076 -0.00630910 0.99994302
-0.03351322 -0.01329670 0.99934982
0.01460321 0.00483761 0.99988166
-0.00598097 -0.01223753 0.99990723
-0.01601233 -0.01552226 0.99975130
0.02608666 -0.02076043 0.99944409
0.04907456 -0.00785303 0.99876424
-0.00424966 -0.00798239 0.99995911
-0.01205656 -0.01031723 0.99987409
-0.00492087 -0.00654780 0.99996646
-0.00891646 -0.00925852 0.99991738
0.01092316 0.00136676 0.99993941
0.00337404 -0.01858220 0.99982164
-0.00036332 0.00103903 0.99999939
0.00564140 -0.01942692 0.99979536
0.00843170 -0.01004085 0.99991404
0.00158778 -0.00360054 0.99999226
0.00993829 -0.02439146 0.99965308
0.00126503 -0.01247104 0.99992143
-0.00833834 -0.00191597 0.99996340
0.04144893 -0.00926764 0.99909764
0.03404754 -0.01479319 0.99931073
0.00659753 -0.00383194 0.99997089
0.01010756 -0.01482537 0.99983901
-0.02273668 -0.01243574 0.99966414
0.01061000 -0.01042906 0.99988933
0.02181674 -0.01017841 0.99971017
0.01355930 -0.01168895 0.99983974
0.02684191 -0.01437621 0.99953631
0.04163926 0.00494797 0.99912046
0.01396342 -0.00341967 0.99989666
0.00113397 -0.00951790 0.99995406
-0.00373709 -0.01216141 0.99991906
-0.00036586 -0.01573803 0.99987608
-0.04539243 -0.02245901 0.99871674
0.02188889 -0.00336435 0.99975475
-0.01730392 -0.00655396 0.99982880
-0.00447212 -0.01122275 0.99992702
0.03450637 -0.00164868 0.99940312
0.01888383 -0.01268526 0.99974121
0.02141717 0.00822526 0.99973679
0.01047615 -0.00134699 0.99994422
0.01329757 -0.01222507 0.99983685
-0.03025531 -0.00955687 0.99949651
-0.02082181 -0.00712644 0.99975780
-0.02096984 -0.00558065 0.99976453
0.00628444 -0.02667615 0.99962437
0.03219439 -0.00917567 0.99943951
-0.00628817 -0.01833912 0.99981205
0.05093166 -0.01468405 0.99859418
0.03773339 -0.00838576 0.99925266
0.02637356 -0.01791855 0.99949155
-0.01721907 -0.00847580 0.99981582
0.05029222 -0.02043816 0.99852540
-0.00181294 -0.00487703 0.99998646
-0.00915983 -0.00662642 0.99993609
0.03492613 -0.00749294 0.99936181
0.00710884 -0.00930420 0.99993145
-0.00422502 0.00789266 0.99995993
0.00194598 -0.00210076 0.99999590
0.02523974 -0.00766791 0.99965202
0.05210019 -0.00662584 0.99861988
0.00697946 -0.00603837 0.99995741
0.02369885 -0.01840598 0.99954969
-0.00573016 -0.00921565 0.99994112
0.00926938 -0.01663970 0.99981858
-0.00930595 -0.01394235 0.99985950
0.00110500 -0.00947947 0.99995446
-0.00624086 -0.01204198 0.99990802
-0.00764663 -0.01632685 0.99983747
0.01477729 -0.01140655 0.99982575
0.00822693 0.00012996 0.99996615
-0.00545300 -0.01588732 0.99985892
0.03127729 -0.01629415 0.99937792
-0.03502657 -0.00262245 0.99938294
0.00176353 -0.00893956 0.99995849
-0.02890038 -0.01418659 0.99948162
0.00052288 -0.00376598 0.99999277
-0.00372539 -0.01858884 0.99982027
-0.02801001 -0.01844530 0.99943745
0.00053650 -0.01107945 0.99993848
-0.00053007 -0.01033409 0.99994646
-0.00438294 -0.01697999 0.99984622
0.00873117 -0.00363651 0.99995527
0.00780102 0.00051871 0.99996944
0.01252151 -0.00425223 0.99991256
0.01852517 -0.01570115 0.99970510
-0.00277476 -0.01851852 0.99982467
0.01120524 -0.00845411 0.99990148
-0.01833107 -0.00538851 0.99981745
-0.04331994 -0.00824590 0.99902722
-0.00002409 -0.00508439 0.99998707
-0.00256121 -0.01452764 0.99989119
0.03464177 -0.01733744 0.99924940
0.00464730 -0.01309884 0.99990341
-0.01314645 -0.01602458 0.99978517
-0.00197261 -0.01351750 0.99990669
-0.03476974 -0.00565572 0.99937935
0.03386378 -0.02708658 0.99905934
0.00063106 -0.00815859 0.99996652
-0.03744720 -0.01210616 0.99922527
0.00461270 -0.01157280 0.99992239
0.01331298 -0.01103466 0.99985049
0.03056232 0.00022578 0.99953284
-0.00508686 -0.01385159 0.99989112
-0.01367878 -0.01714468 0.99975945
0.00181940 -0.00966304 0.99995166
0.01088666 -0.01388854 0.99984428
-0.00936980 -0.01437057 0.99985284
0.00805957 -0.01474461 0.99985881
-0.03421563 -0.01052466 0.99935906
-0.00169385 -0.01184237 0.99992844
0.03096395 -0.01977351 0.99932489
-0.00887049 -0.00259605 0.99995729
0.03477092 -0.02170025 0.99915969
0.00794114 -0.02103971 0.99974710
-0.00578993 -0.00992160 0.99993402
0.00152532 -0.00696522 0.99997458
0.04171773 -0.00542390 0.99911471
-0.03622575 -0.01629236 0.99921082
-0.00395807 -0.01663349 0.99985382
0.01858232 -0.02940406 0.99939487
-0.01291212 -0.01453931 0.99981092
-0.01645300 -0.00140879 0.99986365
0.01505280 -0.01518337 0.99977141
0.01790984 -0.01370055 0.99974573
0.04167875 -0.01663933 0.99899250
-0.03284894 -0.01215960 0.99938636
0.00696712 -0.01444822 0.99987135
0.00922056 -0.01564117 0.99983515
-0.02358990 -0.01713613 0.99957484
0.01008737 -0.01551521 0.99982875
-0.01729573 -0.01222455 0.99977568
0.00058009 -0.00998022 0.99995003
-0.00139220 -0.01081806 0.99994051
0.00654399 -0.00680280 0.99995545
-0.00352889 -0.00907903 0.99995256
-0.04276812 -0.00291655 0.99908077
0.01458981 -0.01457949 0.99978727
-0.00311072 -0.01002606 0.99994490
0.05280886 -0.01025449 0.99855199
0.01568869 -0.01100714 0.99981634
-0.06852206 0.00036720 0.99764953
0.00905837 -0.00437438 0.99994940
-0.02839649 -0.01071159 0.99953934
-0.06233639 -0.00190847 0.99805337
-0.03490129 -0.00850212 0.99935460
-0.02762636 -0.00610043 0.99959970
-0.01087006 -0.01311798 0.99985487
0.00638834 -0.00918156 0.99993744
0.03330567 -0.00171041 0.99944375
-0.06530526 -0.00785033 0.99783445
-0.01629787 -0.01601734 0.99973888
0.00651242 -0.02312924 0.99971127
0.01650463 -0.01028317 0.99981091
-0.00706418 0.00062127 0.99997486
0.11563394 -0.04128314 0.99243362
0.10052072 -0.00780148 0.99490438
-0.05224617 -0.01610009 0.99850444
0.05755959 -0.01982718 0.99814517
-0.04056790 -0.00646653 0.99915586
0.02337045 -0.02962716 0.99928777
-0.01246630 -0.01548641 0.99980236
0.01248762 -0.00472890 0.99991084
0.00645833 -0.01554015 0.99985839
-0.02083062 -0.01244532 0.99970556
-0.00873766 -0.01184238 0.99989170
-0.03590436 -0.02106803 0.99913313
0.00421680 -0.01106731 0.99992986
-0.02155600 -0.00396885 0.99975976
0.01250015 -0.00604808 0.99990358
-0.00865856 -0.01104508 0.99990151
-0.01205493 -0.01103200 0.99986648
-0.05277030 -0.02318971 0.99833738
-0.00199642 -0.01119510 0.99993534
-0.01344923 -0.01870289 0.99973462
-0.00139796 -0.01734992 0.99984850
-0.01026422 -0.01631891 0.99981415
-0.02265998 -0.01301332 0.99965853
-0.00375088 -0.00795821 0.99996130
-0.00081655 -0.00926461 0.99995675
-0.03404718 -0.01891964 0.99924113
-0.00334769 -0.01691422 0.99985134
0.00508573 -0.01330295 0.99989858
0.01599792 -0.00828988 0.99983766
0.00605159 -0.01071475 0.99992428
-0.01976783 -0.03028485 0.99934582
-0.00511931 0.01954300 -0.99979591
-0.00946937 -0.00104771 -0.99995462
-0.00697908 0.00502544 -0.99996302
0.02558167 0.01771816 -0.99951571
-0.01783249 -0.01958448 0.99964916
0.01787353 -0.01364797 0.99974710
0.00356575 -0.00457401 0.99998318
-0.01228480 -0.01938338 0.99973665
-0.01144405 -0.02127797 0.99970810
0.00130075 -0.01550562 0.99987893
0.00174165 -0.01129386 0.99993471
-0.06024646 -0.00475771 0.99817219
-0.00135770 -0.01666050 0.99986028
-0.01008604 -0.01426075 0.99984744
0.00603986 -0.01853748 0.99980992
0.01187430 -0.00972628 0.99988219
0.03260369 -0.01475341 0.99935946
0.03504674 -0.01454969 0.99927976
-0.02236239 -0.02251088 0.99949647
-0.00304880 -0.01393513 0.99989825
0.02436960 -0.02182527 0.99946475
0.00521617 -0.01822901 0.99982023
0.02326454 -0.01439287 0.99962573
0.00619284 -0.01996109 0.99978158
0.04001549 -0.00619717 0.99917984
-0.00733360 -0.01684757 0.99983117
0.00501169 -0.00732395 0.99996062
0.01462277 -0.00856965 0.99985636
-0.00662346 -0.01450750 0.99987282
-0.04005620 -0.00431837 0.99918810
-0.00221952 -0.00749303 0.99996946
0.01322631 -0.01116815 0.99985016
0.01288507 -0.00014417 0.99991697
0.01455269 -0.01160910 0.99982671
0.03117237 -0.00696805 0.99948973
0.01080694 -0.01378831 0.99984653
-0.00375235 -0.01416629 0.99989261
0.00209069 -0.01724532 0.99984910
0.01476443 -0.00932255 0.99984754
0.03576637 -0.00921032 0.99931774
0.00048976 -0.02066834 0.99978627
-0.00626861 -0.01475072 0.99987155
0.03905136 0.00339121 0.99923145
0.00203789 -0.00729179 0.99997134
-0.01149167 -0.01223947 0.99985906
0.00932079 -0.02134948 0.99972862
0.06416006 -0.00646365 0.99791869
0.02665278 -0.02782311 0.99925748
-0.00464971 -0.01442874 0.99988509
-0.03000884 -0.01411031 0.99945003
-0.01448257 -0.01819575 0.99972955
0.02041753 -0.01094725 0.99973161
-0.01007654 -0.01374607 0.99985474
-0.01076293 -0.01713763 0.99979521
-0.01134458 -0.00868464 0.99989793
-0.00661381 -0.01462470 0.99987118
0.00048661 -0.00259360 0.99999652
-0.00082059 -0.01378307 0.99990467
-0.00434088 -0.01752813 0.99983695
0.03590303 -0.00501038 0.99934272
0.01676232 -0.00763484 0.99983035
-0.00945465 -0.01898935 0.99977498
-0.05917781 -0.02073780 0.99803203
-0.00347841 -0.01712088 0.99984738
-0.00660566 -0.01429150 0.99987605
-0.03108885 -0.01783515 0.99935749
-0.01447090 -0.01526029 0.99977883
0.00803750 -0.01769662 0.99981110
-0.00437157 -0.02055265 0.99977921
-0.01441695 -0.01653758 0.99975930
-0.03998519 -0.01955989 0.99900881
-0.00866147 -0.01593147 0.99983557
-0.00356607 -0.02055191 0.99978243
-0.01036611 -0.01672716 0.99980635
0.02810610 -0.00848806 0.99956891
-0.00988304 -0.01474041 0.99984251
-0.00703690 -0.01607936 0.99984596
-0.03489150 -0.02219576 0.99914460
-0.05344499 -0.02423599 0.99827664
-0.01359640 -0.01589984 0.99978114
0.00936551 -0.02181068 0.99971825
-0.01304230 -0.01488092 0.99980421
-0.03447466 -0.01736430 0.99925471
-0.00256880 -0.01135351 0.99993225
-0.03135169 -0.01371237 0.99941435
-0.06917072 -0.01291089 0.99752129
0.01791650 -0.01022609 0.99978719
0.08317417 -0.01551821 0.99641419
-0.01699612 -0.01685290 0.99971351
-0.00902225 -0.00981752 0.99991110
-0.03443585 -0.01618339 0.99927587
0.02446091 -0.01071577 0.99964335
-0.00306275 -0.01232599 0.99991934
-0.00524996 -0.01502323 0.99987336
0.01389576 -0.00325678 0.99989815
0.00660815 -0.01631947 0.99984499
-0.01158372 -0.01655226 0.99979590
0.04799868 -0.00522723 0.99883372
0.01486094 -0.02690743 0.99952746
0.00116926 -0.01905163 0.99981782
-0.05701807 -0.00725992 0.99834675
-0.00535895 -0.01292293 0.99990213
0.00421975 -0.01676374 0.99985057
-0.03867857 -0.00934591 0.99920800
-0.00545464 -0.02397617 0.99969765
-0.01710608 -0.01366119 0.99976035
-0.00795802 -0.01129983 0.99990449
0.00714467 -0.00582575 0.99995751
-0.00295848 -0.00410992 0.99998718
-0.01460431 -0.01365360 0.99980013
-0.00058031 -0.02036475 0.99979245
-0.02796451 -0.00264553 0.99960542
0.01779418 0.00621223 0.99982237
0.11527701 -0.01082759 0.99327437
0.10236826 0.00464277 0.99473574
-0.00418801 -0.01086265 0.99993223
-0.69380995 -0.11715438 0.71056499
-0.42866769 -0.06389938 0.90119969
-0.00145220 -0.01643741 0.99986384
-0.01095033 -0.02360051 0.99966150
0.11723217 -0.00655954 0.99308287
-0.00540147 -0.02272238 0.99972722
0.00408066 -0.02583304 0.99965794
0.01833740 -0.01458613 0.99972545
0.03038992 0.01444775 0.99943370
-0.00629534 -0.02424670 0.99968618
-0.02164830 -0.04378487 0.99880641
-0.04108722 -0.01834716 0.99898710
0.00519098 -0.01670078 0.99984706
0.00352518 -0.01202251 0.99992151
0.00826734 -0.01323726 0.99987821
-0.00984293 -0.02311396 0.99968438
-0.01236207 -0.01811358 0.99975951
-0.00597035 -0.01254714 0.99990346
0.00765691 -0.00734603 0.99994370
-0.00719575 -0.01036497 0.99992039
-0.02954601 -0.02614741 0.99922137
-0.00544262 -0.02464516 0.99968145
-0.01971559 -0.01957449 0.99961399
-0.00549951 -0.01719712 0.99983699
-0.03393273 -0.01231593 0.99934823
0.00466780 -0.01078698 0.99993092
-0.00534712 -0.00966849 0.99993896
0.00687011 -0.00961324 0.99993019
0.00208264 -0.00753566 0.99996944
-0.04752333 -0.02347199 0.99859431
-0.02902532 -0.02018337 0.99937489
-0.04942798 -0.02669170 0.99842097
-0.00848198 -0.01414114 0.99986403
0.01849344 -0.00790723 0.99979771
0.01015175 -0.01370913 0.99985449
-0.00911919 -0.01126359 0.99989498
0.00611940 -0.01316530 0.99989461
0.01153453 -0.00797723 0.99990165
0.00247460 -0.01495062 0.99988517
-0.01459601 -0.00173026 0.99989198
-0.01505081 -0.01746871 0.99973412
0.01693035 -0.02119647 0.99963197
0.00687750 -0.00971187 0.99992919
-0.03085954 -0.01270834 0.99944294
-0.00053735 -0.01400965 0.99990172
0.01736211 0.00104145 0.99984872
-0.00285444 -0.01560583 0.99987415
-0.01639532 -0.01385662 0.99976957
-0.00909949 -0.01475957 0.99984967
0.00650428 -0.00800405 0.99994681
0.01641288 -0.01513329 0.99975077
-0.00505397 -0.01898834 0.99980693
0.02099654 -0.00645860 0.99975869
-0.02152614 -0.00854630 0.99973176
-0.00483417 -0.01833218 0.99982026
-0.01221190 -0.01653812 0.99978866
0.00812793 -0.00160619 0.99996568
-0.01321847 -0.00758401 0.99988387
0.01791924 0.00292037 0.99983517
0.00010526 -0.00348934 0.99999391
-0.01158805 -0.01465217 0.99982550
-0.02896554 -0.01116009 0.99951811
-0.00639382 -0.01580875 0.99985459
0.00335762 -0.01157642 0.99992735
0.00284492 -0.01277906 0.99991430
0.00174775 -0.01126633 0.99993501
-0.03767306 -0.01879838 0.99911329
-0.00282571 -0.01424554 0.99989453
-0.00846660 -0.01112387 0.99990228
-0.03063862 -0.01292142 0.99944700
0.00595262 -0.01682786 0.99984068
-0.00642502 -0.01454763 0.99987353
-0.00884395 -0.02681304 0.99960134
-0.00088141 -0.01348784 0.99990865
-0.00239047 -0.01259507 0.99991782
-0.02437565 -0.01359472 0.99961043
-0.00515767 -0.01414532 0.99988665
-0.00452535 -0.00533689 0.99997552
0.03552229 -0.00976013 0.99932122
0.00126971 -0.01306498 0.99991384
-0.00403315 0.00010349 0.99999186
0.00375747 -0.00628606 0.99997318
-0.02727277 -0.01287637 0.99954509
-0.01904339 -0.01483360 0.99970861
-0.02852367 -0.02586254 0.99925849
-0.00639782 -0.01542994 0.99986048
0.00748143 -0.01147294 0.99990620
0.00873349 -0.01601887 0.99983355
0.01421008 -0.01612267 0.99976904
-0.01619514 -0.00916881 0.99982681
-0.00073108 -0.01826027 0.99983300
0.03981348 -0.00397556 0.99919922
-0.04767684 -0.02495098 0.99855113
-0.00225408 -0.00972088 0.99995021
-0.00374234 -0.01819080 0.99982753
0.01193487 -0.01259420 0.99984946
0.02397679 -0.01233036 0.99963647
-0.00603398 -0.00973741 0.99993438
-0.01478069 -0.02214107 0.99964559
0.01296931 -0.00466361 0.99990502
0.01815019 -0.01258871 0.99975602
0.05391054 -0.00469581 0.99853473
0.00066757 -0.01428138 0.99989779
0.03704546 -0.01285569 0.99923089
0.00460876 -0.00631708 0.99996943
-0.02974818 -0.00781404 0.99952688
0.02943369 -0.00676650 0.99954383
0.00841077 -0.02663576 0.99960982
-0.01594748 -0.01775443 0.99971519
-0.02466214 -0.01743345 0.99954382
0.01571087 -0.01803596 0.99971390
0.00215540 -0.00352173 0.99999148
0.00850710 -0.01526544 0.99984729
0.01102416 -0.01710581 0.99979291
0.03052034 -0.00252868 0.99953095
0.00158943 -0.00636116 0.99997850
-0.02679701 -0.01956905 0.99944933
-0.02684608 -0.01425424 0.99953795
0.01334066 -0.01636458 0.99977709
0.00524459 -0.01294457 0.99990246
0.01067362 -0.01938067 0.99975520
0.02725812 -0.00638517 0.99960804
-0.00513642 -0.02079354 0.99977060
0.00979499 -0.00534722 0.99993773
0.01491854 -0.00872350 0.99985066
0.01842783 -0.01138302 0.99976539
-0.02222081 -0.01731911 0.99960306
0.01730589 -0.01072279 0.99979274
-0.01447563 -0.01721798 0.99974697
0.01456873 -0.01982447 0.99969733
-0.01826887 -0.01974389 0.99963815
0.00610598 -0.00948011 0.99993642
0.04024414 -0.00130759 0.99918902
0.00008517 -0.01664048 0.99986153
-0.00424052 -0.01741491 0.99983936
-0.00551672 -0.01731475 0.99983487
0.00309760 -0.01947666 0.99980551
0.00743429 -0.00032922 0.99997231
-0.00299184 -0.00290335 0.99999131
0.01979026 -0.00410959 0.99979571
-0.01906293 -0.01908608 0.99963610
-0.03571674 -0.00315853 0.99935696
-0.02397147 -0.02461357 0.99940960
0.01220834 -0.00615327 0.99990654
0.00471669 -0.01905577 0.99980730
-0.00642462 -0.01273051 0.99989832
-0.05056563 -0.01742498 0.99856872
-0.02340853 -0.01750305 0.99957275
-0.02428247 -0.02303652 0.99943968
-0.00754325 -0.01597367 0.99984396
-0.00135861 -0.01775170 0.99984150
0.02149725 0.00545481 0.99975403
-0.03828540 -0.02020572 0.99906254
0.00999986 -0.00999585 0.99990004
0.03720287 -0.00152060 0.99930658
-0.00448893 -0.00794321 0.99995838
0.00724109 -0.01441565 0.99986987
0.03654077 -0.00240133 0.99932928
-0.00440674 -0.01404524 0.99989165
0.02006422 -0.00004487 0.99979869
-0.00093855 -0.02267401 0.99974247
-0.01193499 -0.01798991 0.99976693
-0.05432539 -0.01880892 0.99834612
0.02350630 0.00249876 0.99972057
-0.02788621 -0.00885308 0.99957190
-0.02461797 -0.01267496 0.99961658
-0.00724507 -0.01861575 0.99980046
-0.00775360 -0.01077572 0.99991188
-0.00771781 -0.01276219 0.99988877
-0.03129383 -0.01295883 0.99942622
-0.01044118 -0.01163048 0.99987785
0.02944834 -0.00602333 0.99954816
-0.00964428 -0.00950953 0.99990827
-0.00140097 -0.01314322 0.99991264
-0.01025497 -0.00998072 0.99989761
-0.01168215 -0.00670115 0.99990931
0.01348576 -0.00055092 0.99990891
-0.02344664 -0.01333015 0.99963621
0.00085225 -0.00744459 0.99997193
-0.06605244 -0.01262529 0.99773628
-0.03176022 -0.03541901 0.99886775
0.00816051 -0.00333968 0.99996113
0.01832333 -0.00952958 0.99978670
-0.02359431 -0.02468276 0.99941686
0.06032111 -0.02094624 0.99795923
0.00994113 -0.01495362 0.99983877
-0.00695271 -0.01046626 0.99992106
-0.00566093 -0.01229908 0.99990834
0.00167411 -0.00486906 0.99998674
-0.01566797 -0.01834199 0.99970900
-0.02701205 -0.00121341 0.99963437
-0.02174290 -0.01355976 0.99967164
0.00678503 -0.01615199 0.99984653
0.03651512 -0.02187012 0.99909376
-0.02612029 -0.01718762 0.99951104
-0.02756759 -0.02168417 0.99938472
-0.03802374 -0.02293726 0.99901355
0.01406939 -0.01896572 0.99972114
-0.00578852 -0.02480757 0.99967549
-0.05077115 -0.02888640 0.99829248
-0.02158331 -0.01669892 0.99962758
0.01973969 -0.00937580 0.99976119
0.00235983 -0.02608958 0.99965682
0.06793086 -0.00259801 0.99768665
0.01713626 -0.00731540 0.99982640
0.00397933 -0.00769730 0.99996246
-0.05247564 -0.00889611 0.99858258
-0.04173738 -0.02179276 0.99889092
0.01745540 -0.02892603 0.99942913
0.00862665 -0.01058821 0.99990673
-0.02965835 -0.01486661 0.99944953
-0.06368477 -0.02423829 0.99767568
0.00586705 -0.00916599 0.99994078
-0.00293812 -0.00722838 0.99996956
-0.01412731 -0.01585623 0.99977447
-0.02682387 -0.00535340 0.99962584
-0.01107798 -0.01345573 0.99984810
-0.06165513 -0.01446514 0.99799269
-0.01326025 -0.02253035 0.99965822
0.00446056 -0.01236014 0.99991366
-0.02777952 -0.01803828 0.99945131
0.01564045 -0.01018710 0.99982578
-0.04045039 -0.01994425 0.99898248
-0.05662659 -0.01957522 0.99820351
-0.01710863 0.00340418 0.99984784
-0.01000054 -0.01929867 0.99976375
0.06759865 -0.01243561 0.99763509
0.01725728 -0.01101639 0.99979039
-0.05499985 -0.01511410 0.99837197
-0.01064561 -0.00100890 0.99994282
0.00698366 -0.01101012 0.99991500
0.01854827 -0.00612509 0.99980920
-0.01161048 -0.02087549 0.99971466
-0.00108829 -0.01637095 0.99986539
-0.06238081 -0.03852784 0.99730850
-0.02016524 -0.01424510 0.99969517
0.05400284 -0.00491402 0.99852869
-0.02029806 -0.00672022 0.99977139
0.03676039 -0.00341713 0.99931827
0.01402737 0.00100197 0.99990111
-0.00305314 -0.00729076 0.99996876
-0.00006007 -0.00595120 0.99998229
-0.00904609 -0.01155042 0.99989237
0.07398835 -0.01056203 0.99720317
-0.00985589 -0.01536144 0.99983343
-0.10781980 -0.02483047 0.99386032
-0.05004470 -0.02115815 0.99852284
0.00498102 0.00093945 0.99998715
0.01307847 -0.01092006 0.99985484
-0.02544919 -0.01479638 0.99956661
-0.00909440 0.00095205 0.99995819
-0.01577365 -0.01030375 0.99982250
-0.01182338 -0.02836788 0.99952762
0.00716561 -0.03041184 0.99951177
-0.00753033 -0.02456188 0.99966995
-0.03173592 -0.01600362 0.99936816
-0.02283675 0.00401141 0.99973116
-0.04184060 -0.01409055 0.99902493
0.06164683 -0.01575026 0.99797375
0.00951554 -0.01183599 0.99988468
-0.05796093 -0.01286975 0.99823589
-0.05906214 -0.00611526 0.99823558
0.01027331 -0.01153341 0.99988071
-0.02767764 -0.00881396 0.99957804
-0.00853115 -0.01151165 0.99989735
-0.03585233 -0.01225338 0.99928197
-0.01018158 -0.01264868 0.99986816
-0.00133721 -0.00659634 0.99997735
0.06484351 -0.00186502 0.99789370
0.06971099 -0.00152962 0.99756606
-0.06278508 -0.02504607 0.99771275
-0.00542973 -0.00817171 0.99995187
0.00016731 -0.01729601 0.99985040
-0.06784232 -0.01871710 0.99752047
-0.01390030 -0.01678050 0.99976257
0.01402739 0.00357299 0.99989523
-0.01429078 -0.01022220 0.99984563
0.00293289 -0.00988115 0.99994688
-0.01176561 -0.01964671 0.99973775
-0.02648992 -0.02071755 0.99943437
-0.06084353 -0.01944855 0.99795782
-0.03820278 -0.01896436 0.99909004
0.00570248 -0.00313772 0.99997882
0.00852646 -0.00483334 0.99995197
-0.01690151 -0.01292436 0.99977362
-0.02040272 -0.01680708 0.99965056
0.01901854 -0.02320714 0.99954976
0.02324572 -0.02388406 0.99944444
-0.02149061 -0.01639353 0.99963464
-0.02653632 -0.01885307 0.99947005
0.00299386 -0.00562333 0.99997971
0.00762355 -0.01418812 0.99987028
-0.05474274 -0.01462433 0.99839339
0.00069301 -0.02113297 0.99977643
-0.02558262 -0.01285445 0.99959006
-0.01288933 -0.01747409 0.99976423
-0.01717161 -0.01139713 0.99978760
0.01372479 0.01588096 0.99977969
-0.00983693 -0.01517581 0.99983645
-0.06067099 -0.02207911 0.99791360
-0.00906867 -0.01420644 0.99985796
-0.01813039 -0.01272933 0.99975460
-0.03047398 -0.01229679 0.99945992
0.00799030 -0.01135160 0.99990364
-0.02510787 -0.02747008 0.99930725
0.01371749 -0.00457414 0.99989545
0.00658339 -0.00467727 0.99996739
-0.02088786 -0.00799101 0.99974989
-0.00028260 -0.00654161 0.99997856
-0.00619477 -0.01661966 0.99984269
0.02610610 -0.01070292 0.99960188
-0.01515016 -0.01320991 0.99979797
0.00903845 -0.03166049 0.99945781
-0.00556940 -0.00384428 0.99997710
-0.00193814 -0.00111122 0.99999750
-0.00823314 -0.01277691 0.99988448
-0.02936767 -0.01682082 0.99942714
-0.00048805 -0.02355092 0.99972252
-0.00331438 -0.01092943 0.99993478
0.00218482 -0.01732050 0.99984760
-0.00308648 -0.00868833 0.99995749
-0.00002048 -0.01091208 0.99994046
0.00543302 -0.01374703 0.99989074
0.00481345 -0.02021838 0.99978400
-0.01957255 -0.01478583 0.99969910
-0.01116720 -0.01055935 0.99988189
0.00143323 -0.00775916 0.99996887
-0.02082459 -0.01400598 0.99968503
-0.00060689 -0.01400359 0.99990176
-0.01236252 -0.02277488 0.99966418
-0.00733675 -0.01938585 0.99978516
-0.01783437 -0.01774043 0.99968356
-0.01141949 -0.01068221 0.99987774
-0.00883622 -0.00495788 0.99994867
-0.00626690 -0.01088377 0.99992113
-0.03980524 -0.01837890 0.99903842
-0.00593380 -0.01494003 0.99987078
-0.01584510 -0.01195426 0.99980299
-0.00956077 -0.01598645 0.99982650
-0.00490259 -0.00892270 0.99994817
0.00124316 -0.01271058 0.99991844
-0.03958248 -0.01216200 0.99914229
-0.03131822 -0.01798135 0.99934771
-0.02558240 -0.00078019 0.99967241
-0.03621815 -0.01703439 0.99919872
-0.00077706 -0.01417670 0.99989920
-0.01949774 -0.02737864 0.99943496
-0.02099666 -0.01222790 0.99970477
-0.00828254 -0.01820763 0.99979992
-0.01358347 -0.01301832 0.99982299
-0.00753354 -0.01333088 0.99988276
-0.06637603 -0.01983471 0.99759752
-0.00766456 -0.01781546 0.99981191
0.00771963 0.00508120 0.99995729
-0.00448417 -0.00788737 0.99995884
-0.01024335 -0.00730959 0.99992082
-0.05488252 -0.02236763 0.99824225
-0.04291715 -0.00996065 0.99902898
-0.00314946 -0.01250109 0.99991690
0.00576756 -0.03023811 0.99952608
0.03040822 -0.00311753 0.99953270
-0.01024911 -0.01164726 0.99987964
-0.01094975 -0.01764945 0.99978428
-0.06541311 -0.01036390 0.99780445
-0.01940520 -0.01861974 0.99963831
-0.01961124 -0.01262286 0.99972799
-0.03710390 -0.01226062 0.99923620
0.00055295 -0.02061502 0.99978734
-0.01540195 -0.01838971 0.99971226
-0.01357831 -0.01621446 0.99977634
-0.00161783 -0.01619404 0.99986756
0.00668588 -0.01400955 0.99987951
-0.00013605 -0.00785923 0.99996911
0.00781221 -0.01734065 0.99981912
-0.02244789 -0.00124354 0.99974724
-0.01542056 -0.01181060 0.99981134
-0.00693952 -0.01424856 0.99987440
-0.00832500 -0.01231058 0.99988957
0.00404573 -0.01135587 0.99992734
-0.03385854 -0.00797832 0.99939479
-0.05448638 -0.02240363 0.99826315
-0.01073621 -0.00901626 0.99990172
-0.02315012 -0.01839607 0.99956273
-0.00077674 -0.00860883 0.99996264
-0.00704280 -0.02666694 0.99961956
-0.03104387 -0.01912244 0.99933508
0.00563969 -0.00551710 0.99996888
-0.01835238 -0.02591020 0.99949580
-0.02126674 -0.01430285 0.99967152
0.01241858 -0.00003734 0.99992289
0.02252437 -0.00188215 0.99974452
0.00601728 -0.00536858 0.99996748
-0.01984589 -0.00908787 0.99976175
-0.01173795 -0.00174204 0.99992959
0.00765530 -0.01107992 0.99990931
-0.05163519 -0.02151056 0.99843433
-0.01954310 -0.01806130 0.99964587
-0.02960747 -0.02068058 0.99934764
-0.01066200 -0.02473532 0.99963718
-0.01392231 -0.01815556 0.99973824
-0.03750640 -0.01575293 0.99917221
-0.03573028 -0.01831534 0.99919362
-0.03383531 -0.02260994 0.99917164
0.01300052 -0.02200581 0.99967331
-0.01448779 -0.00454571 0.99988471
0.02592907 -0.00559028 0.99964815
-0.00103428 -0.00511232 0.99998640
-0.00581286 -0.02519998 0.99966553
-0.00531020 -0.01197998 0.99991414
-0.03351718 -0.01113357 0.99937613
-0.05629753 0.00826633 0.99837982
-0.00051865 -0.00976555 0.99995218
0.01687397 -0.01144691 0.99979210
-0.00030105 0.00048558 0.99999984
0.00569069 -0.00830042 0.99994936
0.00044048 -0.02024705 0.99979491
0.00082635 -0.01551618 0.99987928
-0.01726388 -0.01278289 0.99976925
-0.00624575 -0.00642661 0.99995984
-0.03268663 -0.02155136 0.99923327
0.01265417 -0.02655534 0.99956725
0.00473984 -0.01801236 0.99982653
-0.02642606 -0.01701981 0.99950587
-0.03425327 -0.02351933 0.99913640
-0.02176583 -0.02283849 0.99950220
-0.04033532 -0.01482845 0.99907616
-0.02037804 -0.01400232 0.99969429
-0.00147097 -0.00797270 0.99996714
-0.07350116 -0.00780603 0.99726458
-0.00421146 -0.00962337 0.99994483
-0.03113023 -0.02883093 0.99909944
-0.05619298 0.00662090 0.99839797
-0.01292734 -0.01007445 0.99986569
0.00045333 -0.00304872 0.99999525
-0.03780228 -0.00415518 0.99927660
-0.00079098 -0.01761321 0.99984456
-0.08021357 -0.01983134 0.99658040
-0.04778742 -0.00650363 0.99883636
-0.04349494 -0.02070513 0.99883907
-0.00860933 -0.00944136 0.99991837
-0.00290928 -0.00958232 0.99994986
0.01804156 -0.00803485 0.99980495
-0.03811902 -0.01638528 0.99913886
-0.01961550 -0.00543771 0.99979281
-0.00624063 -0.01400563 0.99988244
0.00958668 -0.01967047 0.99976056
-0.01153723 -0.00881827 0.99989456
-0.03122931 -0.01858377 0.99933947
-0.02317467 -0.01194021 0.99966013
0.00021937 0.00018648 0.99999996
-0.01077133 -0.01344680 0.99985157
-0.00375652 -0.01397402 0.99989530
-0.01494115 -0.01348197 0.99979748
-0.00649666 -0.01426810 0.99987710
0.00914245 -0.00270517 0.99995455
0.00037718 -0.00711604 0.99997461
0.00709321 -0.01973014 0.99978018
0.00869458 -0.00751464 0.99993397
-0.00058551 -0.01586978 0.99987390
-0.00302408 -0.00339859 0.99998965
-0.01173200 -0.01606910 0.99980205
0.04331082 -0.00470386 0.99905057
0.00076073 -0.00603323 0.99998151
-0.02059268 -0.01649653 0.99965184
-0.00654354 -0.01224240 0.99990365
0.01035628 0.00493412 0.99993420
-0.02647833 0.00081647 0.99964905
0.01579095 -0.01144675 0.99980979
0.02961628 0.01145553 0.99949570
-0.00982462 -0.01258189 0.99987258
-0.01546150 -0.00655745 0.99985896
0.01369212 -0.01702675 0.99976128
-0.03446056 -0.01240863 0.99932902
-0.01297702 0.00288580 0.99991163
0.01086020 -0.00056629 0.99994087
-0.00841848 -0.00952726 0.99991918
0.00741086 -0.01580410 0.99984764
-0.00922559 -0.00634836 0.99993729
-0.06673981 -0.00719799 0.99774445
0.07865450 -0.00592953 0.99688430
-0.02940363 -0.00390506 0.99955999
-0.01503283 -0.01228980 0.99981147
-0.02012225 -0.01118706 0.99973494
0.01862202 -0.01021094 0.99977445
-0.01636081 0.00769344 0.99983655
-0.03983218 -0.01897918 0.99902612
0.01111791 -0.01570571 0.99981484
-0.01045989 -0.00724638 0.99991904
-0.02983678 -0.00031409 0.99955473
0.01087799 -0.01011080 0.99988971
-0.00079189 -0.00702253 0.99997503
0.02685118 -0.01470000 0.99953135
0.00844995 -0.01650340 0.99982810
0.00061565 -0.01067794 0.99994280
0.00149227 -0.00617324 0.99997983
-0.01774697 -0.00997141 0.99979279
0.00077998 -0.01818089 0.99983441
-0.02538709 -0.00961955 0.99963141
0.00656007 -0.01534682 0.99986071
0.00291978 -0.00980984 0.99994762
-0.00519240 -0.01955535 0.99979529
-0.03400974 -0.02229743 0.99917274
0.00944654 -0.00644479 0.99993461
0.01145805 -0.01159164 0.99986716
0.02626071 -0.01006102 0.99960450
0.01200843 0.00832851 0.99989321
-0.00508301 -0.00759623 0.99995823
0.01437259 -0.01031909 0.99984346
0.03127924 -0.01028139 0.99945780
-0.00391214 -0.00710972 0.99996707
0.01643658 -0.00992671 0.99981563
0.00024266 -0.00679730 0.99997687
-0.02815192 -0.00592721 0.99958608
-0.00485993 -0.01590120 0.99986176
0.01272086 -0.01110801 0.99985739
-0.07887374 -0.02514058 0.99656755
-0.00000496 -0.00864454 0.99996264
-0.00374179 -0.00525470 0.99997919
-0.03827144 -0.01940234 0.99907900
-0.00797760 -0.01385925 0.99987213
-0.01024897 -0.02949038 0.99951252
-0.00999042 -0.01331099 0.99986149
-0.00908656 -0.01233385 0.99988265
0.01189681 -0.01004231 0.99987880
-0.01543056 -0.01302185 0.99979614
0.02421493 -0.01417039 0.99960634
0.02133888 -0.01390652 0.99967558
0.00094408 -0.01786830 0.99983990
0.00376186 -0.00700928 0.99996836
-0.06924080 -0.00491010 0.99758789
0.00021382 -0.01451339 0.99989465
-0.00188150 -0.02194736 0.99975736
0.00517044 -0.01450004 0.99988150
0.01104240 -0.00873008 0.99990092
-0.05279356 0.00058957 0.99860527
-0.07160740 0.00420743 0.99742402
0.02148174 -0.00443092 0.99975942
0.03901364 -0.00896840 0.99919843
0.00559622 -0.00870342 0.99994646
-0.01735190 -0.02208303 0.99960555
0.00751652 -0.01037072 0.99991797
0.01258306 -0.01090222 0.99986139
0.00440782 -0.00259912 0.99998691
0.00381622 -0.00813777 0.99995961
-0.00101678 -0.01121666 0.99993657
0.01415095 -0.01342072 0.99980980
-0.00413745 -0.01108056 0.99993005
0.02767611 -0.00936923 0.99957303
0.08501873 -0.00608488 0.99636077
0.01900709 -0.00841119 0.99978397
0.01539373 -0.00439148 0.99987187
-0.00013178 -0.00766573 0.99997061
0.01029237 -0.00891224 0.99990732
0.04179286 -0.02064373 0.99891301
0.00111868 -0.01397453 0.99990173
-0.00394764 -0.01360140 0.99989970
0.00668251 -0.01823607 0.99981138
-0.01192821 -0.01340920 0.99983894
-0.03043399 0.00762576 0.99950769
0.00523839 -0.00600773 0.99996823
0.00442753 -0.00806223 0.99995770
0.02169180 0.00077316 0.99976441
0.00105356 -0.01785338 0.99984006
-0.03607778 -0.01927273 0.99916313
-0.00354371 -0.01028004 0.99994088
0.02361282 -0.01303634 0.99963618
-0.00147393 -0.01596617 0.99987145
-0.00708810 -0.01201858 0.99990265
0.01345080 -0.00569097 0.99989334
0.01818230 -0.01294261 0.99975092
0.00040983 -0.01738642 0.99984876
0.02364955 -0.00963424 0.99967389
0.00721473 -0.01842564 0.99980420
-0.00230408 -0.01449663 0.99989226
-0.00951061 -0.01717184 0.99980732
0.00330153 -0.00660106 0.99997276
-0.00674620 -0.02370179 0.99969631
0.00451192 -0.00530830 0.99997573
-0.00424730 -0.01764428 0.99983531
-0.00975565 -0.01968953 0.99975855
-0.00548945 -0.01212480 0.99991142
-0.02750433 -0.01639669 0.99948720
-0.02409556 -0.01594148 0.99958255
0.00854389 -0.00453165 0.99995323
-0.00835067 -0.01567194 0.99984232
-0.00403768 -0.01434938 0.99988889
0.00082262 -0.01306244 0.99991434
0.02955885 -0.01373898 0.99946862
0.02780037 -0.00745194 0.99958572
-0.00092505 -0.01227862 0.99992419
0.00374378 -0.01034759 0.99993945
-0.00921503 -0.01302323 0.99987273
0.01160840 -0.00058006 0.99993245
-0.01013822 -0.01147740 0.99988274
-0.00624309 -0.01184950 0.99991030
-0.00720254 -0.01210616 0.99990078
-0.00379855 -0.00642814 0.99997212
0.01435925 -0.01170971 0.99982833
-0.00920862 -0.01405613 0.99985880
0.00344947 -0.01758999 0.99983933
0.01257947 0.00000998 0.99992088
-0.00818855 -0.01462820 0.99985947
0.02272035 -0.01368449 0.99964820
-0.03754091 -0.01785656 0.99913554
0.00530985 -0.00993249 0.99993657
-0.00233496 -0.01050809 0.99994206
0.00867947 -0.00631099 0.99994242
0.00964998 -0.01395200 0.99985610
0.00605992 -0.01948217 0.99979184
-0.01611185 -0.03027887 0.99941163
0.03996126 -0.00619236 0.99918204
0.02791426 -0.00408775 0.99960196
0.00511038 -0.02392354 0.99970073
-0.00891498 -0.00443229 0.99995044
-0.02131246 -0.01386228 0.99967676
0.00824738 -0.00178942 0.99996439
0.01903710 -0.00744712 0.99979104
-0.01702015 -0.01614893 0.99972473
-0.04212817 -0.02090644 0.99889346
-0.04601857 -0.01986520 0.99874304
-0.00347284 -0.01163275 0.99992631
-0.00531199 0.00019780 0.99998587
-0.00550229 -0.02083310 0.99976783
0.02289579 -0.00893328 0.99969794
0.01218078 0.00284062 0.99992178
-0.01951574 -0.01738864 0.99965833
0.00353266 -0.01113383 0.99993178
-0.01372574 -0.02116990 0.99968167
-0.01158847 -0.00935010 0.99988914
0.01717017 -0.01711449 0.99970610
-0.00062652 -0.01329655 0.99991140
-0.01708611 -0.02089805 0.99963560
-0.00417938 -0.00991531 0.99994211
-0.00350039 -0.01494476 0.99988219
-0.01308481 -0.00682359 0.99989111
-0.01126434 -0.01173330 0.99986771
0.00910051 -0.01591004 0.99983201
0.00590901 -0.02103929 0.99976119
-0.00800671 -0.01074163 0.99991025
-0.00838821 -0.01688630 0.99982223
-0.01152254 -0.01127634 0.99987003
-0.01711379 -0.01035619 0.99979991
0.01618189 -0.00572605 0.99985267
-0.01194414 -0.00674492 0.99990592
-0.00310312 -0.00544592 0.99998036
0.00746289 -0.00580887 0.99995528
0.00506861 -0.01246482 0.99990946
-0.01169136 -0.01615247 0.99980119
-0.00914541 -0.02235493 0.99970827
-0.00796767 -0.00932980 0.99992473
0.00178455 -0.00849979 0.99996228
-0.02136355 -0.00796773 0.99974002
-0.01946555 -0.01981845 0.99961409
-0.00318249 -0.02093335 0.99977581
-0.00817354 -0.01844205 0.99979652
-0.02781309 -0.00861674 0.99957600
-0.04106001 -0.01690300 0.99901370
-0.00377703 -0.01710473 0.99984657
0.00125321 -0.01060324 0.99994300
-0.00507777 -0.00836756 0.99995210
0.01075256 -0.00713225 0.99991675
0.01027380 0.00245534 0.99994421
0.01237572 -0.02200836 0.99968119
0.01436270 -0.02583508 0.99956304
-0.01676972 -0.01330710 0.99977082
-0.01205984 -0.01078910 0.99986907
-0.00172748 -0.00567318 0.99998242
-0.01964215 -0.01839890 0.99963777
-0.02621308 -0.01147260 0.99959054
0.00305839 -0.00796859 0.99996357
-0.00423606 -0.00765695 0.99996171
0.00732413 0.00351508 0.99996700
-0.02318151 -0.00439887 0.99972160
0.00125426 -0.01199009 0.99992733
-0.02365327 -0.00694345 0.99969611
0.00762636 -0.02552164 0.99964518
-0.00161387 -0.01796721 0.99983727
-0.03105448 -0.00804287 0.99948533
0.00566641 -0.00791021 0.99995266
-0.01175560 -0.01747591 0.99977817
-0.00357066 -0.01390225 0.99989698
0.00215141 -0.01134077 0.99993338
-0.00025790 -0.01615912 0.99986940
-0.01875291 -0.02190275 0.99958421
0.00759621 -0.01725293 0.99982230
0.00903742 -0.01145491 0.99989355
-0.00434432 -0.00657148 0.99996897
0.00759549 -0.01498988 0.99985880
0.02188038 0.00832868 0.99972590
-0.00704286 -0.01294893 0.99989136
-0.00296149 0.00298150 0.99999117
-0.01427559 -0.00338138 0.99989238
-0.00326425 -0.01282252 0.99991246
-0.01193614 0.00026439 0.99992873
0.00736718 -0.01544271 0.99985361
0.00295957 -0.01205626 0.99992294
0.00458308 -0.01711399 0.99984304
-0.00666509 -0.01934102 0.99979073
-0.01479444 -0.02388546 0.99960523
-0.00598877 -0.00761829 0.99995305
0.00578678 -0.02041513 0.99977484
0.00875638 -0.01616819 0.99983094
0.02925670 -0.01910412 0.99938935
0.00406866 -0.01790310 0.99983145
-0.00173403 -0.00533590 0.99998426
0.00900831 -0.01289674 0.99987625
0.00699852 -0.02688884 0.99961393
0.00595866 -0.01375915 0.99988758
0.01542487 -0.01126803 0.99981754
0.02244469 -0.01737933 0.99959702
0.00807564 -0.01063693 0.99991082
0.01444495 -0.01126843 0.99983217
0.01424310 -0.01469081 0.99979064
-0.00540976 -0.01129075 0.99992162
0.00504442 -0.01432406 0.99988468
0.01251609 -0.01580507 0.99979675
0.00078323 -0.01387880 0.99990338
-0.00655929 -0.02096361 0.99975872
0.00152528 -0.01358748 0.99990652
-0.01466939 -0.01449526 0.99978733
-0.01280353 -0.00854349 0.99988153
-0.00049331 -0.01204893 0.99992729
0.01163107 -0.02539963 0.99960971
0.00126332 0.00243482 0.99999624
-0.00803409 -0.02358414 0.99968957
-0.02043542 -0.00347552 0.99978513
0.04132330 -0.00688682 0.99912209
0.03223292 -0.00903284 0.99943957
-0.00705221 -0.00556808 0.99995963
0.00604832 -0.02517440 0.99966478
-0.00116408 -0.02900474 0.99957860
0.02848829 -0.02253580 0.99934006
0.00380374 -0.01782027 0.99983397
0.00169122 -0.00760040 0.99996969
0.01624703 -0.01939953 0.99967979
-0.00530278 -0.01639693 0.99985150
0.02303840 0.00616062 0.99971560
-0.00592396 -0.02005540 0.99978132
0.01625696 -0.01553510 0.99974715
0.00487024 -0.01424761 0.99988664
-0.00009527 -0.02135447 0.99977196
-0.02539535 -0.02228621 0.99942904
-0.00883449 0.00135269 0.99996006
-0.01573310 -0.01570157 0.99975293
-0.01327529 -0.02126900 0.99968565
0.02378336 -0.00325662 0.99971183
-0.00016250 -0.01618441 0.99986901
0.00073898 -0.01637640 0.99986562
-0.01015137 -0.02703671 0.99958290
0.02603111 -0.03619689 0.99900559
0.01808259 -0.00872143 0.99979846
-0.01253563 -0.01095336 0.99986143
0.00717357 -0.00807743 0.99994165
-0.00603272 -0.02989766 0.99953476
-0.00006950 -0.02054103 0.99978901
0.00273342 -0.01094669 0.99993635
-0.02588054 -0.02654769 0.99931247
-0.00021951 -0.02169179 0.99976468
0.01101062 -0.01606599 0.99981031
0.00262049 -0.02637851 0.99964859
0.01087832 -0.02567541 0.99961114
-0.00488171 -0.02289489 0.99972596
0.00585203 -0.01374676 0.99988838
-0.00309111 -0.02781110 0.99960842
-0.00371996 -0.01568056 0.99987013
0.00614801 -0.01824270 0.99981469
0.00717194 -0.01538531 0.99985592
0.01992405 -0.02106402 0.99957958
0.01491878 -0.01512054 0.99977437
-0.00840008 -0.01673667 0.99982465
0.01421054 -0.00595549 0.99988129
-0.02828270 -0.01622244 0.99946832
-0.00912046 -0.01788681 0.99979842
0.01048625 -0.02467212 0.99964060
0.01002279 -0.01100000 0.99988927
-0.01283055 -0.02805683 0.99952398
0.01353040 -0.01432050 0.99980591
0.03993888 -0.01712592 0.99905535
0.02508769 -0.01349671 0.99959414
0.00624206 -0.00832122 0.99994590
-0.04363716 -0.03181189 0.99854084
0.00935002 -0.00720113 0.99993036
-0.00019338 -0.01078011 0.99994187
-0.00523576 -0.01719374 0.99983847
0.01938339 -0.00649330 0.99979104
-0.01019951 -0.01631731 0.99981484
-0.00643712 -0.01407610 0.99988021
-0.01189210 -0.01867765 0.99975483
0.00637294 -0.00547421 0.99996471
0.01475749 -0.02039139 0.99968315
-0.00032246 -0.01255187 0.99992117
-0.01283767 -0.00924882 0.99987482
0.01227050 -0.01531595 0.99980741
-0.00584505 -0.01150232 0.99991676
0.00173252 -0.01799861 0.99983651
0.04914228 -0.00953955 0.99874623
0.00097864 -0.00767382 0.99997008
0.01836438 -0.01633849 0.99969786
-0.00140690 -0.00649778 0.99997790
0.01564706 -0.01014419 0.99982612
0.01052335 -0.02055368 0.99973337
-0.00479920 -0.01373633 0.99989413
-0.02348126 -0.01577216 0.99959985
-0.01122597 -0.02141277 0.99970769
-0.00874237 -0.00376196 0.99995471
0.01713209 -0.00471384 0.99984212
0.00055644 -0.01144858 0.99993431
-0.00036224 -0.00847690 0.99996400
-0.00496498 -0.01172745 0.99991890
0.00115899 -0.00180161 0.99999771
0.01193954 -0.01008111 0.99987790
-0.00826136 -0.02438647 0.99966847
-0.00712343 -0.00915519 0.99993272
-0.01045486 -0.01559140 0.99982379
-0.00876763 -0.01416745 0.99986120
-0.00034228 -0.01867405 0.99982557
-0.04142917 -0.00517573 0.99912804
0.00204279 -0.01535831 0.99987997
-0.00512015 -0.01391976 0.99989001
-0.01212449 -0.01574430 0.99980254
0.00878167 -0.01474649 0.99985270
-0.01844105 -0.00560316 0.99981425
0.00372877 -0.01217045 0.99991898
-0.02635323 -0.02102889 0.99943148
0.00015375 -0.01288431 0.99991698
-0.00284252 -0.01958915 0.99980407
-0.00530922 -0.02049696 0.99977582
-0.00629582 -0.01470570 0.99987204
-0.00585267 -0.01851427 0.99981147
-0.00629093 -0.01729688 0.99983061
0.00147203 -0.02496242 0.99968731
-0.01475422 -0.01338599 0.99980154
-0.00355945 -0.00869940 0.99995582
-0.01259059 -0.00417351 0.99991203
-0.00752192 -0.01261447 0.99989214
0.00001169 -0.01691333 0.99985696
-0.00110594 -0.02229265 0.99975088
0.02043065 0.00007934 0.99979127
-0.01382844 -0.01124286 0.99984117
0.01274505 -0.02009954 0.99971675
0.00843047 -0.00895706 0.99992435
0.00527606 -0.01724410 0.99983739
0.00702405 -0.01516868 0.99986028
-0.00281650 -0.01306130 0.99991073
0.01657932 -0.01171161 0.99979396
0.01479701 -0.00881925 0.99985162
0.01137743 -0.01500990 0.99982261
0.00148695 -0.01438864 0.99989537
-0.00710760 -0.01673965 0.99983462
-0.02144219 -0.01318131 0.99968319
0.00049952 -0.01396962 0.99990230
0.01605667 -0.01269325 0.99979051
-0.02098690 -0.01945724 0.99959040
0.02050946 -0.01142189 0.99972441
0.01781555 -0.00293964 0.99983697
-0.00082035 -0.01552943 0.99987907
-0.01481174 -0.01333011 0.99980144
0.02767998 -0.01390232 0.99952016
-0.02715330 -0.02191967 0.99939093
-0.00441430 -0.01734584 0.99983981
-0.04004330 -0.02447743 0.99889809
-0.01506092 -0.01855207 0.99971445
0.00549283 -0.01793925 0.99982399
-0.01670236 -0.01816257 0.99969553
0.00497701 -0.01732986 0.99983744
-0.00791447 -0.01106137 0.99990750
-0.00815439 -0.01211958 0.99989331
-0.05660636 -0.03639376 0.99773304
0.01284689 -0.00531640 0.99990334
0.01551610 -0.00919923 0.99983730
0.02408811 -0.00710132 0.99968462
-0.02452235 -0.01832371 0.99953134
-0.00910974 -0.01553532 0.99983782
-0.00203484 -0.01439993 0.99989425
-0.01737118 -0.01700764 0.99970445
-0.00450018 -0.01385778 0.99989385
-0.01488311 -0.02259765 0.99963385
0.01532674 -0.01433787 0.99977973
0.04851232 0.01592775 0.99869558
-0.01891159 -0.01637783 0.99968701
-0.04267875 -0.01728757 0.99893927
0.02607264 -0.01119640 0.99959735
0.01839505 -0.01252073 0.99975240
-0.01346579 -0.01514315 0.99979466
-0.02158332 -0.01646312 0.99963149
0.00936415 -0.01523795 0.99984005
0.01092931 -0.00130484 0.99993942
-0.00825130 -0.01031677 0.99991274
0.01052737 -0.00086706 0.99994421
-0.02008629 0.00173591 0.99979674
-0.01406009 -0.01920106 0.99971678
0.00376164 -0.01945721 0.99980361
-0.02100294 -0.01256614 0.99970044
-0.01946896 -0.00866073 0.99977295
-0.00399743 -0.01674209 0.99985185
-0.02036597 -0.03557862 0.99915934
-0.00081630 -0.00660831 0.99997783
-0.00311924 -0.01177538 0.99992580
-0.01234313 -0.01601484 0.99979557
-0.00995337 -0.01324900 0.99986269
-0.02010453 -0.01018083 0.99974605
-0.01002795 -0.02228276 0.99970141
-0.01248627 -0.01443116 0.99981790
-0.01173609 -0.01103459 0.99987024
-0.01252545 -0.00938143 0.99987754
-0.02992863 -0.01269294 0.99947144
-0.00668920 -0.01841529 0.99980805
-0.01704793 -0.01625651 0.99972251
-0.00833297 -0.01802719 0.99980277
-0.02838533 -0.01610073 0.99946738
-0.01061041 -0.01188881 0.99987303
0.00898130 0.00002095 0.99995967
-0.01732176 -0.00989199 0.99980103
-0.00643810 -0.01496843 0.99986724
-0.00567743 -0.02382737 0.99969997
-0.01525634 -0.02098325 0.99966342
-0.01615013 -0.01484249 0.99975941
-0.00168061 -0.01588674 0.99987239
-0.01008712 -0.01413719 0.99984918
0.00653984 -0.01172389 0.99990989
-0.03769531 -0.02727100 0.99891709
-0.00798711 -0.01333765 0.99987915
0.02305852 -0.00153666 0.99973294
-0.00153805 -0.01214256 0.99992509
-0.00387210 -0.02017575 0.99978895
0.00618606 -0.00991705 0.99993169
-0.00759091 -0.01260371 0.99989176
-0.01234041 -0.00815917 0.99989057
-0.00064193 -0.01322254 0.99991237
-0.01568348 -0.01255750 0.99979815
-0.04133771 -0.02371467 0.99886376
0.01187959 -0.00803435 0.99989716
-0.01099172 -0.01107360 0.99987827
-0.02745907 -0.00568629 0.99960676
-0.01406078 -0.01383295 0.99980545
0.00506986 0.00323028 0.99998193
-0.01141686 -0.00875579 0.99989649
-0.01292047 -0.01514360 0.99980185
-0.00965108 -0.01538651 0.99983504
-0.04080690 -0.02498026 0.99885474
-0.00437158 -0.01443196 0.99988630
-0.01953365 -0.01736093 0.99965846
-0.01178602 -0.01788913 0.99977051
-0.00868372 -0.00680755 0.99993912
0.00232302 -0.01998572 0.99979757
-0.00668628 -0.01757150 0.99982325
-0.01340268 -0.00995584 0.99986062
-0.00870305 -0.01264570 0.99988216
-0.01500560 -0.02633576 0.99954052
-0.02211577 -0.01356142 0.99966343
0.00095753 -0.01323930 0.99991190
0.00925132 -0.01777078 0.99979929
-0.00114216 -0.01453240 0.99989375
-0.01594140 -0.00934069 0.99982930
-0.00027961 -0.01387912 0.99990364
0.00014209 -0.01447958 0.99989516
0.02449199 -0.01237392 0.99962344
0.00572784 -0.01171716 0.99991495
0.00321819 -0.00914721 0.99995298
0.03595438 0.00083923 0.99935308
-0.00097123 -0.00660775 0.99997770
-0.00200726 -0.01010541 0.99994692
-0.01597405 -0.01878272 0.99969597
0.00337321 -0.01376177 0.99989961
0.03605151 0.01172757 0.99928112
0.00894906 -0.00989159 0.99991103
-0.01076910 -0.01918734 0.99975791
0.00989038 -0.00997024 0.99990138
0.00155467 -0.01600504 0.99987070
-0.01175325 -0.01450311 0.99982575
0.00204676 -0.01286652 0.99991513
-0.00623441 -0.00820054 0.99994694
0.00376936 -0.00654663 0.99997147
-0.00193993 -0.01456940 0.99989198
-0.01518719 -0.01525331 0.99976832
-0.00858838 -0.01636527 0.99982919
-0.00127125 -0.00702112 0.99997454
0.01385696 -0.00788388 0.99987291
0.03221340 -0.00085373 0.99948065
0.01551076 -0.00963427 0.99983328
-0.01321058 -0.01918578 0.99972866
-0.01425921 -0.02046173 0.99968895
-0.00678130 -0.00704697 0.99995218
0.00393505 -0.00340915 0.99998645
-0.00754558 -0.02205742 0.99972823
-0.00598917 -0.01483081 0.99987208
0.00302978 -0.01868535 0.99982082
-0.00660836 -0.02074320 0.99976300
-0.00427681 -0.01241561 0.99991378
-0.02073934 -0.02062933 0.99957206
-0.03069183 -0.01264046 0.99944896
-0.00761921 -0.01856556 0.99979861
-0.00896339 -0.01549064 0.99983984
-0.01521396 -0.01849090 0.99971327
0.01382209 -0.00444010 0.99989461
0.00789962 -0.01045653 0.99991412
-0.01692329 -0.01892761 0.99967762
-0.00403133 -0.01627459 0.99985943
-0.01871867 -0.01365707 0.99973151
-0.00121046 -0.01009640 0.99994830
0.00572441 -0.00366303 0.99997691
-0.00228026 -0.01421335 0.99989639
0.01904926 -0.01118572 0.99975597
-0.00735562 -0.01022526 0.99992067
0.01473229 -0.00405696 0.99988324
0.00235283 -0.01076779 0.99993926
-0.00399144 -0.01722176 0.99984373
0.00061013 -0.01841952 0.99983016
-0.00383279 -0.01286572 0.99990989
-0.00547148 -0.01959648 0.99979300
0.00390838 -0.01179980 0.99992274
0.00449821 -0.01344266 0.99989953
-0.00967114 -0.01588366 0.99982707
-0.00512747 -0.01096612 0.99992672
0.00105549 -0.01596537 0.99987199
-0.00193108 -0.00858164 0.99996131
-0.00078894 -0.01179054 0.99993018
0.01574166 -0.00969175 0.99982912
-0.02516876 -0.02129019 0.99945648
-0.01470103 -0.01716049 0.99974467
0.01360020 -0.00529019 0.99989352
-0.00737218 -0.01568542 0.99984980
-0.00798026 -0.01795146 0.99980701
-0.02266811 -0.00409950 0.99973464
-0.00706545 -0.01465791 0.99986760
-0.00725491 -0.01305894 0.99988841
0.00367396 -0.01095749 0.99993322
-0.01585133 -0.01766639 0.99971828
-0.00036040 -0.01261750 0.99992033
0.00164662 -0.01264747 0.99991866
0.00235499 -0.01419963 0.99989641
-0.02685029 -0.00742387 0.99961190
-0.00038199 -0.01521250 0.99988421
-0.00358205 -0.01679172 0.99985259
-0.00585082 -0.01642497 0.99984798
-0.00852817 -0.02315881 0.99969542
-0.01572479 -0.01835825 0.99970781
0.00176156 -0.00923953 0.99995576
0.00454200 -0.01270327 0.99990899
0.02000622 -0.00756622 0.99977123
-0.00775107 -0.01886682 0.99979196
-0.01259657 -0.02220918 0.99967399
-0.00039272 -0.01135818 0.99993542
0.01470188 0.00004295 0.99989192
-0.00571097 -0.01286040 0.99990099
-0.00579281 -0.01440650 0.99987944
-0.01590624 -0.02091432 0.99965473
-0.00547208 -0.01120908 0.99992220
0.00347135 -0.00997652 0.99994421
-0.01790921 -0.01491949 0.99972830
0.00666636 -0.00624729 0.99995826
-0.00019075 -0.02128129 0.99977351
-0.02114586 -0.02047665 0.99956669
-0.01913848 -0.01662943 0.99967854
-0.02358631 -0.01596880 0.99959426
0.01111767 -0.00872804 0.99990010
0.00744275 -0.01123318 0.99990921
0.00232339 -0.01241890 0.99992018
-0.01400375 -0.01620891 0.99977056
0.00442677 -0.01387781 0.99989390
-0.00514924 -0.00534542 0.99997246
-0.00012650 -0.01235590 0.99992365
-0.00655707 -0.01315082 0.99989202
-0.01536675 -0.00344307 0.99987600
-0.01009299 -0.01615593 0.99981854
-0.01028834 -0.01251479 0.99986876
-0.00974485 -0.02040646 0.99974427
-0.00361419 -0.00788234 0.99996240
-0.01423022 0.01015905 0.99984714
-0.01385952 -0.01950951 0.99971361
-0.02247152 -0.02773575 0.99936268
-0.00536119 -0.01516867 0.99987058
-0.01177519 -0.01215712 0.99985676
0.00289310 -0.01281478 0.99991370
-0.00701489 -0.01305426 0.99989018
-0.01316101 -0.02834057 0.99951168
-0.00667167 -0.01211121 0.99990440
-0.01531008 -0.02196070 0.99964160
-0.00392063 -0.01524627 0.99987608
-0.00500217 -0.01585439 0.99986180
-0.02382262 -0.02255977 0.99946163
0.00140438 -0.00470849 0.99998793
-0.00339751 -0.01235438 0.99991791
-0.00555501 -0.01603041 0.99985607
0.00415239 -0.01365787 0.99989810
-0.00956767 -0.01875411 0.99977835
0.01746000 -0.01200363 0.99977551
0.01604726 -0.01762435 0.99971589
-0.00299393 -0.01707800 0.99984968
0.01245874 -0.01244605 0.99984493
-0.05769693 -0.03298677 0.99778902
-0.00438751 -0.02507414 0.99967597
0.00909657 -0.01893808 0.99977928
0.01073876 -0.01201898 0.99987010
-0.00741007 -0.01204593 0.99989999
-0.01277690 -0.01851991 0.99974685
-0.00177472 -0.02056168 0.99978701
0.00168828 -0.01440835 0.99989477
-0.00694375 -0.01665378 0.99983720
-0.00481056 -0.01650223 0.99985226
0.00612861 -0.00066259 0.99998100
-0.00002402 -0.00849016 0.99996396
-0.03184466 -0.01757713 0.99933826
-0.01579421 -0.02322193 0.99960556
-0.02509201 -0.02110211 0.99946240
-0.01423405 -0.00684952 0.99987523
-0.00939670 -0.01847866 0.99978510
-0.00113208 -0.01314898 0.99991291
0.00183139 -0.01264556 0.99991836
-0.02342229 -0.01771612 0.99956867
-0.00862344 -0.01313672 0.99987652
-0.01096728 -0.01657665 0.99980245
-0.00317489 -0.00824435 0.99996097
0.00773990 -0.01427469 0.99986815
0.05324610 0.01120491 0.99851855
-0.02904832 -0.01709230 0.99943186
-0.03314242 -0.01701935 0.99930572
-0.03212668 -0.02385913 0.99919899
0.03929856 -0.00661384 0.99920562
-0.04997059 -0.03772526 0.99803795
-0.01128767 -0.01806598 0.99977308
-0.00972904 -0.00803353 0.99992040
-0.00713536 -0.01236859 0.99989805
-0.00786276 -0.01405493 0.99987031
0.00079001 -0.01081291 0.99994123
-0.00336883 -0.01186661 0.99992391
0.01409775 -0.00265692 0.99989709
0.00679179 -0.01311672 0.99989091
-0.00853731 -0.01419306 0.99986283
0.01921513 -0.00869915 0.99977753
-0.00847710 -0.01379267 0.99986894
0.00377679 -0.00790527 0.99996162
0.02326898 0.00378210 0.99972209
-0.00502666 -0.00333118 0.99998182
-0.01939986 -0.01289391 0.99972866
0.00566639 -0.01442945 0.99987983
0.00189302 -0.01002455 0.99994796
0.00732269 -0.00154856 0.99997199
0.00473884 -0.01508277 0.99987502
-0.00844926 -0.01353497 0.99987270
0.00121495 -0.01874001 0.99982365
-0.01872049 -0.03353174 0.99926231
-0.01162567 -0.01805125 0.99976947
-0.00702214 -0.02512525 0.99965965
-0.01838855 -0.02492530 0.99952018
0.02441847 -0.00104743 0.99970128
-0.03422966 -0.01754104 0.99926005
-0.00839377 -0.02345450 0.99968967
-0.01343669 -0.01320172 0.99982257
-0.01462358 -0.00922551 0.99985051
0.00592306 -0.00548035 0.99996744
-0.01207833 -0.01409740 0.99982767
-0.03876414 -0.01808417 0.99908473
-0.00884492 -0.01574520 0.99983691
0.01811527 -0.01627836 0.99970338
0.01371397 -0.01671719 0.99976620
-0.00396929 -0.01699282 0.99984773
-0.00452609 -0.01114706 0.99992763
-0.00312838 -0.01396690 0.99989756
0.00102796 -0.01736707 0.99984865
0.00291074 -0.01410370 0.99989630
-0.02988113 -0.02813822 0.99915732
-0.01943823 -0.01597620 0.99968341
0.00641449 -0.00675394 0.99995662
-0.01152910 -0.00670599 0.99991105
-0.01826939 -0.01154296 0.99976647
0.00823698 -0.01051084 0.99991083
-0.02737485 -0.02216752 0.99937942
-0.02453969 -0.01349389 0.99960778
-0.01871162 0.00074029 0.99982465
-0.01345965 -0.01003491 0.99985906
0.00645620 -0.00894768 0.99993913
-0.00035525 -0.00343851 0.99999403
-0.01049572 -0.01055479 0.99988921
0.01251624 -0.00244781 0.99991867
0.00625193 -0.00437868 0.99997087
-0.02488452 -0.02720670 0.99932005
-0.03272383 -0.03396794 0.99888705
-0.01797379 -0.01684262 0.99969659
0.01528656 0.00323764 0.99987791
-0.01666988 -0.00714861 0.99983549
-0.05207590 -0.03600474 0.99799387
-0.00292849 -0.01440539 0.99989195
0.00401861 -0.01695132 0.99984824
-0.00346922 -0.01812422 0.99982972
-0.00897853 -0.01576424 0.99983542
-0.03269789 -0.01281027 0.99938318
-0.00999138 -0.01723124 0.99980161
-0.02837777 -0.01601404 0.99946899
-0.03070837 -0.01475543 0.99941947
-0.00281779 -0.01253837 0.99991742
-0.02486895 -0.00863461 0.99965343
-0.01399401 -0.01907386 0.99972014
-0.03803853 -0.04316298 0.99834364
0.00500819 -0.00319916 0.99998234
-0.03384574 -0.01515083 0.99931222
0.00214539 -0.02144490 0.99976773
-0.01747538 -0.01234015 0.99977114
-0.00740278 -0.01714305 0.99982564
-0.00397037 -0.01298206 0.99990785
-0.02749364 -0.03121917 0.99913436
-0.02150888 -0.01868126 0.99959411
-0.00055159 -0.01138140 0.99993508
-0.01401772 -0.02199286 0.99965985
0.00200561 -0.00380355 0.99999076
0.01468595 -0.00823091 0.99985828
-0.01014006 -0.01167395 0.99988044
-0.01172323 -0.01892572 0.99975216
-0.00936157 -0.02677823 0.99959756
-0.04378757 -0.00742296 0.99901329
-0.02561444 -0.01813367 0.99950741
-0.01866320 -0.01901380 0.99964502
-0.03492904 -0.01213486 0.99931612
-0.06412517 -0.01253326 0.99786316
-0.02057925 -0.00941178 0.99974392
0.01687829 -0.03164387 0.99935669
-0.00153271 -0.01114188 0.99993675
-0.02748328 -0.02452034 0.99932148
-0.02447936 -0.02033482 0.99949350
-0.00247605 -0.00814528 0.99996376
-0.00584155 -0.01616423 0.99985229
-0.01087643 -0.01404076 0.99984227
-0.02437736 -0.01917313 0.99951895
0.00417570 -0.01688285 0.99984875
-0.00628255 -0.00912736 0.99993861
-0.02956048 -0.01642973 0.99942796
-0.01693920 -0.01502081 0.99974369
-0.03384028 -0.00989826 0.99937824
-0.00255857 -0.01951716 0.99980625
0.00964070 -0.02166083 0.99971889
-0.00261212 -0.00936193 0.99995276
-0.01739702 -0.01936548 0.99966110
0.00463774 -0.01844571 0.99981911
0.00463623 -0.01576925 0.99986491
-0.00857705 -0.01001141 0.99991310
-0.00755732 -0.00809039 0.99993871
-0.00157119 -0.01067316 0.99994181
-0.03634040 -0.02662719 0.99898467
-0.01939297 -0.01631700 0.99967878
-0.00533364 -0.01145417 0.99992017
0.00031171 -0.00485169 0.99998818
-0.00565660 -0.01728190 0.99983466
-0.03130574 -0.02099337 0.99928936
-0.01239372 -0.01412315 0.99982345
-0.01870345 -0.01809030 0.99966140
0.03117845 -0.02381002 0.99923020
-0.00469884 -0.01918521 0.99980491
-0.02894292 -0.01844315 0.99941091
-0.01946022 -0.02084789 0.99959325
-0.06064523 -0.01942356 0.99797038
-0.01226644 -0.02281538 0.99966444
-0.03568296 -0.01607648 0.99923384
0.01261802 -0.00792578 0.99988898
-0.01388340 -0.01755602 0.99974949
-0.02164127 -0.01322130 0.99967837
-0.02818715 -0.00522365 0.99958901
-0.01515514 -0.02364011 0.99960566
0.02426380 -0.01958667 0.99951370
0.01927786 -0.02308090 0.99954772
-0.04715382 -0.01252781 0.99880908
-0.01556646 -0.00756584 0.99985021
-0.02275023 -0.01653224 0.99960448
-0.01034724 -0.01126818 0.99988297
-0.03887240 -0.02268786 0.99898659
-0.05529774 -0.02467325 0.99816501
-0.00818943 -0.02150489 0.99973520
-0.01655916 -0.01219068 0.99978857
-0.01115540 -0.02095380 0.99971821
-0.02250996 -0.01370921 0.99965262
-0.00772940 -0.01556117 0.99984904
-0.03839070 -0.01102902 0.99920194
-0.01256897 -0.00996443 0.99987136
-0.02407620 -0.00711622 0.99968480
-0.03434265 -0.01675040 0.99926974
-0.03796866 -0.01706608 0.99913319
-0.01427237 -0.01723441 0.99974961
-0.00511706 -0.01128728 0.99992320
-0.02775027 -0.00880670 0.99957609
-0.00302770 -0.00757541 0.99996672
-0.00040012 -0.01567021 0.99987713
-0.02846698 -0.01518246 0.99947943
-0.04851030 -0.02050371 0.99861221
-0.02236967 -0.02196487 0.99950845
-0.05676049 -0.02557057 0.99806032
-0.01629875 -0.02073793 0.99965208
-0.00900922 -0.01566976 0.99983663
-0.01678923 -0.01696976 0.99971503
-0.00059868 -0.00985841 0.99995123
0.01093954 -0.01203050 0.99986779
-0.02378622 -0.01037752 0.99966320
-0.01172530 -0.00517084 0.99991789
-0.00291856 -0.01625089 0.99986369
-0.03961360 -0.00229154 0.99921245
0.04216887 0.01335796 -0.99902120
0.00093942 0.01155312 -0.99993282
-0.02555583 -0.00956844 0.99962760
-0.03817910 -0.01602776 0.99914237
-0.01531550 -0.01297007 0.99979859
-0.01197958 -0.01763702 0.99977269
-0.04881514 -0.01557329 0.99868641
0.04038797 0.01218924 -0.99910972
-0.01843143 -0.01434761 0.99972718
-0.02158895 -0.01727580 0.99961766
-0.01307394 -0.01808034 0.99975106
-0.01522687 -0.01498693 0.99977174
0.01309894 -0.01373129 0.99981992
-0.02030938 -0.01908516 0.99961157
-0.03093617 -0.01664393 0.99938278
0.00720485 -0.02425610 0.99967981
-0.01288236 -0.01843784 0.99974701
-0.01496391 -0.00695032 0.99986388
0.00364155 -0.00683345 0.99997002
-0.00421383 -0.01693956 0.99984764
0.01363236 -0.01019932 0.99985506
-0.01688151 -0.01434056 0.99975465
-0.01281867 -0.01766816 0.99976173
-0.00853717 -0.00820650 0.99992988
-0.01545556 -0.00880723 0.99984177
-0.01772695 -0.01174054 0.99977393
-0.02041864 -0.01202926 0.99971915
-0.00651769 -0.00779299 0.99994839
-0.03154117 -0.01343822 0.99941211
-0.02603783 -0.01178265 0.99959152
-0.04453511 -0.01683539 0.99886595
-0.02511525 -0.01254531 0.99960584
-0.00408159 -0.01742680 0.99983981
-0.00119406 -0.01467918 0.99989154
-0.01434010 -0.01700049 0.99975264
-0.02367242 -0.01336981 0.99963036
-0.00918897 -0.00872233 0.99991974
-0.00550275 -0.00918307 0.99994269
-0.00866012 -0.01080370 0.99990414
-0.01178366 -0.01693030 0.99978723
-0.01981236 -0.01489750 0.99969272
-0.01055273 -0.01569262 0.99982117
-0.00807918 -0.01206766 0.99989454
-0.02043155 -0.01230915 0.99971548
-0.01211834 -0.01788296 0.99976665
0.00115417 -0.01677896 0.99985856
-0.01122748 -0.01843096 0.99976709
0.00144670 -0.01478233 0.99988969
-0.04913509 -0.02077778 0.99857600
-0.01365647 -0.01372268 0.99981258
-0.00507024 -0.01509139 0.99987326
0.00349176 -0.01528508 0.99987708
-0.00779079 -0.01462292 0.99986273
-0.02880333 -0.01441539 0.99948115
-0.00640018 -0.00498843 0.99996708
-0.00064672 -0.00071046 0.99999954
0.01803292 -0.00977305 0.99978963
0.00245019 -0.00904387 0.99995610
-0.01603556 -0.01618677 0.99974039
0.00054881 -0.01496638 0.99988785
-0.02537405 -0.00286172 0.99967393
0.01776961 -0.00559024 0.99982648
0.00241057 -0.01568507 0.99987408
0.00282034 -0.01311713 0.99990999
-0.00084929 -0.01425028 0.99989810
-0.00142323 -0.01633955 0.99986549
0.00611784 -0.01180248 0.99991163
0.02038224 -0.01436812 0.99968901
-0.00725882 -0.01523578 0.99985758
-0.00248962 -0.00904355 0.99995601
0.00206800 -0.01398146 0.99990012
-0.03276718 -0.02657123 0.99910974
-0.02749397 -0.02276434 0.99936273
0.00425898 -0.01810931 0.99982694
-0.00218657 -0.01540126 0.99987900
0.02079088 -0.01019947 0.99973182
-0.00518736 -0.01018903 0.99993464
-0.02971459 -0.01209832 0.99948520
-0.00225926 -0.02082050 0.99978068
0.02130969 -0.02113424 0.99954952
-0.00182467 -0.01872891 0.99982293
-0.00137810 -0.02457305 0.99969709
0.00623830 -0.01256357 0.99990162
0.01661927 -0.00981944 0.99981367
0.00850030 -0.01027617 0.99991107
0.02689783 -0.02344626 0.99936319
-0.00123507 -0.01840494 0.99982985
0.00016635 -0.01453481 0.99989435
-0.00605447 -0.02031690 0.99977526
0.00464360 -0.01511917 0.99987492
-0.00806776 -0.01887885 0.99978923
-0.00232697 -0.02020126 0.99979323
0.00457937 -0.01743587 0.99983750
-0.01155769 -0.01770675 0.99977642
0.00754645 -0.01505409 0.99985820
-0.01022899 -0.01827702 0.99978064
-0.00439835 -0.01530033 0.99987327
-0.00563955 -0.01511608 0.99986984
-0.00055310 -0.01013948 0.99994844
0.02443738 -0.01269527 0.99962075
0.00148129 -0.01615595 0.99986839
0.00994467 -0.01578314 0.99982598
-0.01423950 -0.01230945 0.99982284
0.00329126 -0.01691787 0.99985147
0.02746414 -0.02286654 0.99936122
-0.01037452 -0.01530760 0.99982901
-0.01430549 -0.01700102 0.99975313
-0.01970906 -0.01568496 0.99968272
-0.00257093 -0.01485558 0.99988634
-0.00738232 -0.01261781 0.99989314
-0.00176567 -0.01533936 0.99988079
0.04147583 -0.02053872 0.99892838
-0.01882307 -0.01563957 0.99970050
-0.03004683 -0.01142914 0.99948315
0.01606572 -0.01600122 0.99974289
-0.04076876 -0.01224625 0.99909356
0.00228200 -0.02201268 0.99975509
-0.00165415 -0.01468130 0.99989086
0.01284894 -0.01153351 0.99985093
-0.01288711 -0.01792962 0.99975620
-0.00207506 -0.01657676 0.99986044
-0.01000004 -0.00925011 0.99990721
-0.03535484 -0.01016375 0.99932314
0.00910861 -0.01141355 0.99989338
-0.00775767 -0.01678487 0.99982903
0.00198503 -0.01264718 0.99991805
0.02005621 -0.01647030 0.99966318
-0.03479794 -0.01229601 0.99931872
-0.01510059 -0.01039473 0.99983195
-0.00507002 0.00020049 0.99998713
-0.04532319 -0.01442295 0.99886825
0.00367913 -0.01637862 0.99985909
0.00900535 -0.01699113 0.99981509
0.01703090 -0.01641516 0.99972021
0.00933796 -0.01433749 0.99985361
-0.03070373 -0.02774176 0.99914347
-0.00983222 -0.01802927 0.99978911
0.02746692 -0.02063306 0.99940975
-0.01896544 0.00563214 0.99980428
0.00962842 -0.01628120 0.99982109
-0.01893414 -0.01950224 0.99963051
-0.01635094 -0.01678988 0.99972534
0.01336084 -0.01254736 0.99983201
-0.01242229 -0.01000033 0.99987283
-0.02286648 -0.01680358 0.99959730
-0.01504685 -0.01120673 0.99982399
-0.04216283 -0.01464686 0.99900339
-0.01418654 -0.01681232 0.99975801
0.00460479 -0.01127218 0.99992586
-0.01842250 -0.01661584 0.99969222
-0.04001870 -0.01684650 0.99905690
-0.01794186 -0.01120280 0.99977627
-0.03312794 -0.01048484 0.99939612
-0.03258348 -0.00974335 0.99942152
0.00435619 -0.01473124 0.99988200
-0.01541637 -0.00257506 0.99987784
-0.03226745 -0.00441430 0.99946952
-0.01021114 -0.00368093 0.99994109
0.00936826 -0.00387897 0.99994859
0.00394673 -0.00975550 0.99994463
-0.01064813 -0.01323787 0.99985568
-0.01933770 -0.01417095 0.99971258
-0.02171063 -0.01909199 0.99958198
-0.03820424 -0.01933494 0.99908288
0.00763317 -0.02425758 0.99967660
-0.04727677 -0.00724077 0.99885558
0.00753226 -0.01201594 0.99989944
0.00058366 -0.01903149 0.99981871
-0.01990666 -0.01423463 0.99970051
-0.01431668 -0.01392296 0.99980057
0.00457518 -0.01967743 0.99979591
-0.01836131 -0.01578709 0.99970677
-0.00618788 -0.01101760 0.99992016
-0.02012498 -0.01247682 0.99971962
-0.01892012 -0.01229305 0.99974542
0.00909878 -0.02063868 0.99974560
0.01604944 -0.01130752 0.99980726
-0.02432019 -0.01748187 0.99955136
-0.00093609 -0.01695072 0.99985589
0.01360958 -0.01991022 0.99970914
0.01020013 -0.01622716 0.99981630
-0.01541772 -0.01438368 0.99977768
-0.00525451 -0.01037073 0.99993242
-0.01132304 -0.01791588 0.99977538
0.01747547 -0.00394692 0.99983950
-0.00247829 -0.01954309 0.99980594
0.00590993 -0.01797931 0.99982089
-0.00313559 -0.00854095 0.99995861
0.01064764 -0.00893784 0.99990337
-0.00170816 -0.00753372 0.99997016
-0.00671706 -0.01766629 0.99982138
-0.00591637 -0.01311566 0.99989648
-0.01421616 -0.01463417 0.99979185
0.01562764 -0.02170465 0.99964228
0.00503926 -0.01861696 0.99981399
0.00431630 -0.00501761 0.99997810
0.02229695 -0.01128304 0.99968772
-0.00152999 -0.01248579 0.99992088
0.01330116 -0.01892895 0.99973235
0.00876425 -0.01676230 0.99982109
0.00611200 -0.00919296 0.99993906
-0.00391669 -0.01834972 0.99982396
0.02754016 -0.01685228 0.99947863
-0.00617579 -0.01576783 0.99985661
0.03176094 -0.00200729 0.99949348
-0.00497004 -0.01521689 0.99987186
0.00467253 -0.00697536 0.99996476
0.00472522 -0.00497296 0.99997647
-0.00873399 -0.01328564 0.99987360
-0.00098239 -0.00029729 0.99999947
-0.01499209 -0.01745895 0.99973518
-0.00661650 -0.01199372 0.99990618
-0.00518927 -0.01352100 0.99989512
-0.01629523 -0.02429535 0.99957201
0.00628184 -0.00828805 0.99994592
-0.00021940 -0.02026253 0.99979467
-0.00855381 -0.01176648 0.99989419
-0.01227008 -0.01939227 0.99973666
-0.00136717 -0.01702979 0.99985405
-0.01193430 -0.00964619 0.99988225
-0.00923730 -0.01070803 0.99990000
0.00247788 -0.01176850 0.99992768
-0.00321807 -0.01603364 0.99986627
-0.02235247 -0.01632788 0.99961681
-0.00256356 -0.01331141 0.99990811
-0.00023975 -0.01080167 0.99994163
0.02346704 -0.01066231 0.99966775
-0.03495014 -0.01859872 0.99921598
0.00373428 -0.01416655 0.99989268
-0.00985250 -0.02354598 0.99967420
-0.00330035 -0.01537656 0.99987633
-0.00128270 -0.01308092 0.99991362
0.00237851 -0.01490512 0.99988608
0.00415904 -0.01429629 0.99988915
-0.00764759 -0.00893004 0.99993088
0.01452266 -0.00880528 0.99985577
-0.00550258 -0.00696328 0.99996062
0.00274953 -0.01764216 0.99984058
0.00155844 -0.00589509 0.99998141
-0.00995004 -0.01395133 0.99985317
0.00380349 -0.00903834 0.99995192
-0.00294249 -0.01382248 0.99990014
-0.00103336 -0.01002693 0.99994920
-0.01315380 -0.01447000 0.99980878
-0.00578119 -0.01691505 0.99984022
0.00805425 -0.01377133 0.99987273
0.00066905 -0.01250750 0.99992155
-0.01261222 -0.01671395 0.99978076
0.00262993 -0.01055322 0.99994085
-0.00174722 -0.01366391 0.99990512
-0.04115593 -0.01230008 0.99907702
-0.01921476 -0.00844776 0.99977969
0.00073191 -0.00985710 0.99995115
0.00821289 -0.00378710 0.99995910
-0.01818331 -0.01603051 0.99970615
-0.00349689 -0.01514944 0.99987913
-0.01523334 -0.01461920 0.99977709
-0.02153788 -0.01601895 0.99963969
0.00820917 -0.00941486 0.99992198
0.02160650 -0.02245948 0.99951425
0.00568770 -0.01915372 0.99980037
-0.00243512 -0.01533312 0.99987948
-0.00099250 -0.00798156 0.99996765
-0.00100287 -0.01409119 0.99990021
-0.02447813 -0.00141326 0.99969937
-0.00474382 -0.02059393 0.99977667
0.00445087 -0.00407755 0.99998178
0.05701097 -0.02044538 0.99816418
0.00679414 -0.01110629 0.99991524
0.02063287 -0.00778000 0.99975685
0.03083435 -0.00046101 0.99952440
-0.00367580 -0.01109698 0.99993167
-0.00316489 -0.02074183 0.99977986
0.00114868 -0.01600563 0.99987124
-0.00605319 -0.01458066 0.99987537
0.01427711 -0.00953275 0.99985263
-0.00109855 -0.00254133 0.99999617
0.00797824 -0.00394169 0.99996040
-0.00605003 -0.01754122 0.99982784
-0.00365129 -0.01650987 0.99985704
0.00378979 -0.01294659 0.99990901
0.00390792 -0.00810614 0.99995951
-0.00289393 -0.00981147 0.99994768
0.00141725 -0.01353959 0.99990733
0.01872305 -0.00633745 0.99980462
0.00933493 -0.01384765 0.99986054
-0.00752031 -0.01871340 0.99979661
0.00838954 -0.01603506 0.99983623
-0.00224440 -0.01738259 0.99984639
-0.00321646 -0.01331716 0.99990615
0.00181287 -0.01839597 0.99982914
-0.00415981 -0.02309621 0.99972459
0.00471141 -0.01582447 0.99986369
0.00114834 -0.01342674 0.99990920
-0.01602190 -0.01363998 0.99977860
0.00467339 -0.02118142 0.99976473
-0.01100622 -0.02180980 0.99970155
-0.02049365 -0.01952556 0.99959930
-0.01104544 -0.01480193 0.99982944
-0.02036336 -0.01130995 0.99972867
-0.00392472 -0.01583099 0.99986698
-0.04343546 -0.01848747 0.99888517
-0.00020951 -0.00961251 0.99995378
0.00695933 -0.01499975 0.99986328
-0.00589230 -0.01068989 0.99992550
0.01306543 -0.01384931 0.99981873
0.00357185 -0.01262320 0.99991394
-0.01226340 -0.01876078 0.99974879
-0.02015549 -0.01894340 0.99961738
-0.00434592 -0.01329459 0.99990218
0.00147032 -0.01857449 0.99982640
0.00037850 -0.01270405 0.99991923
-0.00462921 -0.01021577 0.99993710
-0.00190815 -0.01426707 0.99989640
-0.00571216 -0.01294538 0.99989989
-0.00352296 -0.00633647 0.99997372
-0.00769888 -0.01549526 0.99985030
-0.00012902 -0.01785363 0.99984060
-0.00369052 -0.01635517 0.99985943
-0.03917069 0.00222340 0.99923006
0.01541734 -0.01762848 0.99972573
0.00529399 -0.00874667 0.99994773
0.00484755 -0.00262309 0.99998481
-0.03386857 -0.01348245 0.99933535
-0.03062676 -0.01761185 0.99937572
-0.00400678 -0.01585646 0.99986625
-0.01662080 -0.00948839 0.99981684
0.00053089 -0.01267620 0.99991951
-0.00758801 -0.01614826 0.99984082
-0.04287506 -0.01136613 0.99901579
-0.00754901 -0.00977388 0.99992374
0.01917262 -0.02066487 0.99960261
-0.00916972 -0.02535449 0.99963647
-0.03119363 -0.00792980 0.99948190
0.01084865 -0.00934319 0.99989750
-0.00600982 -0.01979653 0.99978597
-0.00478777 -0.01314744 0.99990211
0.00575963 -0.01315415 0.99989689
0.00232957 -0.00920221 0.99995495
-0.00318518 -0.01536097 0.99987694
-0.00297827 -0.01899203 0.99981520
-0.00335040 -0.00937108 0.99995048
-0.00402618 -0.01577020 0.99986754
-0.00332732 -0.01252478 0.99991603
-0.03589607 -0.01180610 0.99928579
-0.00048924 -0.02184391 0.99976127
-0.01184809 -0.00644515 0.99990904
0.00878543 -0.01491926 0.99985010
-0.01201310 -0.01045944 0.99987313
-0.00866893 -0.01429323 0.99986027
0.03528468 -0.01271750 0.99929638
0.00771833 -0.02011449 0.99976789
0.00824368 -0.01428537 0.99986398
-0.00119518 -0.01579748 0.99987450
0.04496601 -0.01145547 0.99892283
-0.00064600 -0.01366874 0.99990637
0.01790892 -0.01274855 0.99975834
0.00615564 -0.01935071 0.99979381
-0.00677042 -0.01789849 0.99981689
-0.00381564 -0.01520083 0.99987718
0.00081557 -0.01554474 0.99987884
-0.01118613 -0.01426355 0.99983570
0.00666182 -0.02092646 0.99975882
-0.00326151 -0.01392477 0.99989773
-0.02096378 -0.01902775 0.99959915
-0.01248180 -0.01612804 0.99979202
-0.00995355 -0.01473317 0.99984192
-0.00085097 -0.01681610 0.99985824
-0.00985578 -0.01905240 0.99976991
-0.01095879 -0.01963971 0.99974706
0.00757618 -0.01187176 0.99990083
-0.00613531 -0.01292946 0.99989759
-0.01415910 -0.00873749 0.99986158
-0.01267276 -0.01124464 0.99985647
-0.00331840 0.00084950 0.99999413
-0.00526880 -0.01295676 0.99990218
-0.00524048 -0.00816824 0.99995291
-0.01323555 -0.01766392 0.99975637
0.00451019 -0.00663366 0.99996783
0.00067453 -0.01572323 0.99987615
0.00286742 -0.01771798 0.99983891
-0.00360258 -0.01736161 0.99984279
0.00561191 -0.00174241 0.99998274
0.01744186 -0.00218491 0.99984549
0.00268687 -0.01740341 0.99984494
0.00462989 -0.01602431 0.99986088
-0.00118852 -0.01139540 0.99993436
-0.00592915 -0.01039743 0.99992837
-0.00090518 -0.01729517 0.99985002
-0.00294218 -0.02168955 0.99976042
0.00779634 -0.02019927 0.99976558
-0.00509570 -0.02559248 0.99965947
-0.00326475 -0.01418025 0.99989413
-0.00740357 -0.00701040 0.99994802
0.00343672 -0.01349698 0.99990301
0.01736341 -0.01178589 0.99977978
0.02041873 0.00751514 0.99976327
-0.01661617 -0.01608072 0.99973262
0.03122501 0.00508142 0.99949946
-0.01301117 -0.02154102 0.99968330
-0.01835824 -0.00904699 0.99979054
-0.00919763 -0.00725855 0.99993136
0.03206443 -0.02551108 0.99916018
0.00339869 -0.00327997 0.99998885
0.01766404 -0.01265923 0.99976383
0.00446557 -0.01059208 0.99993393
-0.00521787 -0.02437644 0.99968923
0.00693518 -0.03187123 0.99946792
-0.00053824 -0.02255173 0.99974553
0.07770272 -0.02996814 0.99652606
0.06342197 -0.01966854 0.99779297
0.02877113 -0.00435035 0.99957656
-0.01230170 -0.01396414 0.99982682
0.00234312 -0.00831472 0.99996269
0.00529760 -0.01082442 0.99992738
0.01314933 -0.01019752 0.99986154
0.00836209 -0.00575145 0.99994850
0.00441628 -0.00057913 0.99999008
0.00415919 -0.01714653 0.99984434
-0.00815494 -0.02024553 0.99976178
0.00659757 -0.01118187 0.99991572
0.00630955 -0.01042125 0.99992579
0.00425606 -0.02102727 0.99976984
0.02159785 -0.00777891 0.99973648
0.01138682 -0.02122620 0.99970985
0.00407174 -0.01425977 0.99989003
0.00435970 -0.00787030 0.99995952
0.00829720 -0.01302293 0.99988077
-0.02193473 -0.00211242 0.99975717
-0.00994195 -0.01224024 0.99987566
0.00734814 -0.00188094 0.99997123
-0.02724469 -0.04359833 0.99867758
-0.02951325 -0.02310994 0.99929720
0.01393483 -0.00499258 0.99989044
0.01900645 -0.01750308 0.99966614
0.01020507 -0.00256062 0.99994465
0.00455603 -0.00969853 0.99994259
-0.02669381 -0.03014024 0.99918917
0.00034667 -0.01399883 0.99990195
0.00281886 -0.01306791 0.99991064
-0.01170066 -0.01613988 0.99980128
0.11005131 -0.02606549 0.99358407
0.00206475 -0.01178588 0.99992841
0.01532966 -0.01276847 0.99980096
-0.00051602 -0.01397080 0.99990227
0.01874920 -0.00920352 0.99978186
0.01517007 -0.01863784 0.99971121
0.00447283 -0.02011084 0.99978775
-0.00283182 -0.00682163 0.99997272
0.01188805 -0.00520827 0.99991577
-0.00309202 -0.02304319 0.99972969
-0.00394336 -0.01543151 0.99987315
0.02357292 -0.00655765 0.99970061
-0.00329641 -0.01275870 0.99991317
0.00193885 -0.01469344 0.99989017
0.00349584 -0.00400585 0.99998587
0.00020489 -0.01508713 0.99988616
-0.01368874 -0.01398458 0.99980851
-0.00563703 -0.01370918 0.99989014
-0.03116414 -0.00649182 0.99949320
0.00412076 -0.01729137 0.99984200
-0.00243449 -0.02124813 0.99977127
0.00855854 -0.01375809 0.99986872
0.00446531 -0.00882693 0.99995107
0.00697036 -0.01517037 0.99986063
0.00891005 -0.01036400 0.99990659
0.02083868 -0.01935159 0.99959555
0.02181050 -0.00779020 0.99973177
-0.00470713 -0.01202163 0.99991666
-0.01791473 -0.01927602 0.99965369
-0.00293566 -0.01361944 0.99990294
0.01246475 -0.01577431 0.99979788
0.00907060 0.00079860 0.99995854
0.00005305 -0.00917465 0.99995791
0.00239673 -0.00848015 0.99996117
0.00236512 -0.01455621 0.99989126
-0.00136778 -0.01092467 0.99993939
0.00858696 0.00184799 0.99996142
0.01586418 -0.00066279 0.99987394
0.00636602 -0.00385713 0.99997230
-0.02813877 -0.01020302 0.99955195
0.00226850 -0.01273588 0.99991632
-0.00067107 -0.01724813 0.99985101
-0.00507344 -0.01884961 0.99980946
0.00937644 -0.00596515 0.99993825
0.00000175 -0.00300947 0.99999547
-0.00342617 -0.00933296 0.99995058
-0.00292757 -0.01218093 0.99992152
-0.03399532 0.00083776 0.99942164
0.00621244 -0.00744502 0.99995299
0.00071877 -0.00940312 0.99995553
0.04381074 0.00246991 0.99903680
0.02416473 -0.00813734 0.99967487
0.00563133 -0.01075708 0.99992628
0.00354269 -0.01493781 0.99988215
0.01880691 -0.00639052 0.99980271
0.00031167 -0.01962698 0.99980732
0.00593524 -0.00380141 0.99997516
-0.00185332 -0.02297320 0.99973436
0.01436936 -0.01681708 0.99975532
-0.00991920 -0.01687334 0.99980843
0.00108177 -0.02843592 0.99959503
-0.00536252 -0.01304337 0.99990055
