0.00000000 0.00000000 0.00000000
-0.02632054 -0.02836884 1.59970438
-0.01943598 -0.02518753 1.54819181
-0.00647171 -0.01788318 1.53727393
-0.00220221 -0.00978860 1.53856455
-0.00462509 -0.02341924 1.50228136
0.00585959 -0.02727353 1.50742030
0.00314368 -0.02692447 1.46780134
0.00083366 -0.02792612 1.42636725
-0.00765249 -0.03122257 1.40672623
0.01087189 -0.02037314 1.41060229
0.00200284 -0.02549668 1.35721941
0.00020862 -0.02493241 1.34769841
0.00905315 -0.02994136 1.33291507
0.01250849 -0.02406945 1.29065395
0.01037857 -0.02617021 1.27441021
0.01288155 -0.03113764 1.30021638
0.01221641 -0.02758411 1.24601264
0.02153537 -0.02097991 1.24878398
0.01919515 -0.01837587 1.22706535
0.02966831 -0.02051515 1.21710502
0.02339017 -0.02074972 1.21502358
0.02771360 -0.02015339 1.22558849
0.02263873 -0.01821533 1.19689001
0.02040539 -0.01831170 1.18109765
0.00673548 -0.01727403 1.20539107
0.00119545 -0.01888667 1.20480977
0.00827592 -0.02155540 1.19164889
0.01897217 -0.02032828 1.19266701
0.02393849 -0.01943139 1.19137204
0.02371356 -0.01709642 1.19388417
0.02596892 -0.01315207 1.19597818
0.02126812 -0.01989519 1.19342103
0.01705272 -0.02406258 1.20333479
0.02791846 -0.02269727 1.15969311
0.02791210 -0.02425318 1.17722404
0.03388517 -0.01710131 1.18406997
0.03279667 -0.02048799 1.17316943
0.02920248 -0.02160082 1.15885177
0.03175100 -0.01227078 1.18692936
0.02551450 -0.01680985 1.17530299
0.02740069 -0.01488673 1.19080744
0.02369006 -0.01385562 1.16757214
0.02693266 -0.01264342 1.17770516
0.02178910 -0.01852892 1.17806137
0.02255321 -0.01744124 1.19025119
0.02776766 -0.02227635 1.17541753
0.02599611 -0.01376423 1.18450022
0.02578768 -0.01394316 1.20874105
0.02759854 -0.01701207 1.18154629
0.02643600 -0.01562931 1.19202148
0.02257240 -0.01349308 1.21246335
0.02753335 -0.01178201 1.21236354
0.01233947 -0.00832440 1.21631815
0.02929138 -0.01345925 1.22051630
0.02822810 -0.00350455 1.23357455
0.01949686 -0.01053102 1.18747822
0.03380745 -0.00099551 1.22274143
0.02667951 -0.01010771 1.22005306
0.02750191 -0.00613922 1.21956872
0.01813699 -0.00470079 1.21390528
0.02710564 0.00064148 1.23725863
0.02353787 0.00351888 1.24861615
0.02234422 -0.00432597 1.27252450
-0.00314451 -0.00448980 1.26363614
0.00458344 -0.00128204 1.28240867
0.00119325 -0.00907067 1.30276576
0.00741656 -0.00681083 1.32718936
0.00804745 -0.00844259 1.34267499
0.01002293 -0.00439550 1.34831063
0.00784090 -0.00931227 1.36685528
0.00869089 -0.00365630 1.37774231
0.00726040 -0.00511383 1.39064639
0.00142987 0.00322964 1.41798795
0.00318094 -0.00169935 1.42535301
-0.01364551 -0.00198909 1.43917927
-0.00442782 -0.00285380 1.44631657
-0.01061805 -0.00555687 1.48081590
-0.00274028 -0.00955832 1.45802931
0.00231019 -0.00585353 1.46703556
0.01103247 -0.01394443 1.45772943
-0.01225364 -0.01250151 1.47408607
0.00352578 -0.01440284 1.47008861
0.00747908 -0.01320107 1.49163486
0.00001205 -0.00913528 1.51512234
0.00275992 -0.01302771 1.50580877
0.00436727 -0.00329608 1.52124461
0.00452046 -0.01416335 1.51692066
0.00338106 -0.00649533 1.51710511
0.00745046 -0.01202377 1.54700510
0.00084120 -0.01657338 1.53734719
0.00069775 -0.01935405 1.52965679
0.00742590 -0.02383190 1.53215310
-0.01703971 -0.01062172 1.52511547
-0.00941635 -0.01546141 1.53781672
-0.01387936 -0.01643751 1.54490554
-0.02253496 -0.01817272 1.53471051
-0.01817687 -0.01741724 1.54212631
-0.01037732 -0.01548218 1.54808604
-0.01023169 -0.01766225 1.54987542
-0.01633227 -0.00772418 1.56644894
-0.00667293 -0.01626256 1.54028792
-0.02512678 -0.01783316 1.52390781
0.00350813 -0.01219111 1.54454639
0.01110730 -0.01494778 1.53640673
0.00442719 -0.02229526 1.56746764
-0.00380742 -0.01325423 1.55020943
-0.00743660 -0.00975435 1.57119725
0.00241918 -0.02402608 1.54591044
0.01892021 -0.02194396 1.56850458
0.02724368 -0.02298529 1.58055798
0.00902350 -0.02658213 1.57168500
-0.00516109 -0.02460268 1.56940444
-0.00066317 -0.02449736 1.57271444
-0.00490381 -0.01714216 1.59110575
-0.00117044 -0.01220729 1.61893519
0.01686873 -0.01973494 1.60020552
0.00622743 -0.02077916 1.59916617
0.00288343 -0.00867463 1.61826225
0.01216261 -0.01205035 1.61720100
0.00763345 -0.02008492 1.62506696
-0.00302950 -0.02643590 1.58004054
0.00223175 -0.02417369 1.60346698
-0.00043343 -0.02194734 1.60664243
-0.00264909 -0.01600348 1.62746778
0.01376824 -0.01728099 1.61942153
0.01445491 -0.02070740 1.64201539
0.01017512 -0.01693802 1.63879883
0.00682204 -0.02203873 1.64086688
0.01314354 -0.03133700 1.62277264
0.02127181 -0.03874961 1.56754259
0.00726456 -0.01709045 1.64204855
0.00872789 -0.03181556 1.58380914
0.00634410 -0.03032236 1.57820085
0.00988074 -0.02532178 1.58155211
0.00249470 -0.02343617 1.59110974
0.00025305 -0.02566555 1.58914463
0.00555732 -0.02308877 1.57834265
0.00024505 -0.02920353 1.56244660
0.00786402 -0.02123063 1.57433290
0.00559512 -0.02793273 1.54925473
-0.00189615 -0.02320454 1.55589365
-0.00005849 -0.02245801 1.52665505
0.00178473 -0.02236617 1.54648241
0.00246239 -0.02261999 1.54340592
0.00469459 -0.02076659 1.53772422
0.00927375 -0.02734804 1.52307560
0.00872009 -0.02508967 1.51176688
0.00667706 -0.02370920 1.51950961
0.01041448 -0.02399786 1.49284938
0.01159785 -0.02463224 1.47514059
0.00475148 -0.02489079 1.46976592
0.01486379 -0.03081290 1.44421660
0.00761142 -0.02402360 1.43867074
0.00886113 -0.02381486 1.42599545
0.01898566 -0.02433388 1.40678424
0.03952861 -0.01577539 1.35922915
0.02106193 -0.02137413 1.38949951
0.02379285 -0.01514909 1.34469365
0.02090647 -0.01770056 1.37137041
0.03302274 -0.01035401 1.37241088
0.02345499 -0.02058115 1.33504964
0.02818590 -0.02054743 1.32717636
0.03126630 -0.02382068 1.30897598
0.03217397 -0.02229803 1.31137839
0.03110497 -0.02140949 1.31609689
0.03689679 -0.02735268 1.29126568
0.03007794 -0.02764167 1.30904940
0.02607057 -0.02472860 1.27589326
0.02702421 -0.02726079 1.27850134
0.01880091 -0.02083926 1.28925811
0.01734688 -0.01912637 1.29152815
0.01871841 -0.01834419 1.27239533
0.01909586 -0.01970501 1.26141972
0.01923060 -0.01083562 1.27351568
0.02066242 -0.02165833 1.25072156
0.02411769 -0.01888317 1.24791180
0.03104422 -0.01208666 1.26273801
0.03173178 -0.01298684 1.25074263
0.02393424 -0.02282409 1.23453254
0.02955105 -0.01765927 1.24896090
0.02511556 -0.01802142 1.24182968
0.01787559 -0.01997996 1.23871241
0.02180638 -0.01940235 1.23618016
0.02983793 -0.01338037 1.25786265
0.02919075 -0.01656274 1.25971903
0.02342184 -0.01529735 1.25710302
0.02495653 -0.02083337 1.24309552
0.02585867 -0.02230178 1.23177261
0.01690733 -0.02289954 1.21823760
0.02779543 -0.01225516 1.26017855
0.02099743 -0.00457948 1.27201938
0.02150910 -0.01606486 1.24076797
0.02365472 -0.01427494 1.27131118
0.02502411 -0.01313694 1.27100850
0.03005511 -0.01787750 1.25501122
0.01906332 -0.01605604 1.26329839
0.02729616 -0.00864212 1.27445377
0.02110237 -0.00595043 1.33102419
0.02077560 -0.01656494 1.28421242
0.02499888 -0.02168971 1.26581512
0.02133641 -0.01445606 1.28382914
0.02309584 -0.01654620 1.27678153
0.03234378 -0.02194265 1.28475550
0.02091474 -0.01667167 1.28378428
0.03042548 -0.02541074 1.30538600
0.02468879 -0.01936233 1.29571339
-0.03244480 -0.01918297 1.29751240
0.04522552 -0.01214210 1.31364300
-0.12706730 -0.07119002 1.21270582
0.04761299 -0.02487361 1.31784042
0.04034271 -0.02211328 1.31819623
0.03605226 -0.02146067 1.31173954
0.07030159 -0.03687526 1.41213909
-0.12495560 -0.06220301 1.53412520
-0.16020063 -0.08211657 1.55461276
-0.14739776 -0.02318323 1.57596045
-0.14346064 -0.17402672 1.58278338
-0.06273243 -0.29115016 1.57619970
0.03664655 -0.01071527 1.38719743
-0.01688192 -0.00824783 1.52944411
-0.01443557 -0.01226609 1.55054297
-0.04697325 0.01419524 1.64304824
-0.07751916 -0.05692388 1.63214981
-0.13745556 -0.02097081 1.69235073
-0.09631891 -0.01402210 1.70338404
-0.10634419 -0.00690513 1.75816902
0.19838569 -0.00496702 1.35457086
-0.03048971 -0.07818923 1.62333925
0.04608625 -0.02320862 1.54253841
0.00087859 -0.00351914 1.64003540
0.07886453 -0.01083408 1.64815033
-0.28044628 -0.03884356 1.93549386
0.07621404 0.00431669 1.60899019
0.09381720 -0.03460969 1.69097942
0.09494046 -0.01084248 1.82975298
-0.13522999 -0.03317268 2.10040826
0.07109886 0.51032259 1.91370133
0.01480604 0.02138683 2.00614196
0.10520733 0.18501706 1.89869856
0.04079906 -0.37813333 2.03939646
0.15062713 0.04388396 1.87506936
0.10003398 -0.10722758 2.04381622
0.17192220 0.02720171 1.95845532
0.17131416 -0.03750069 2.17650067
0.10592363 -0.06647607 2.15118238
0.11591286 -0.01026524 2.05408169
0.12716491 -0.01097491 2.04317053
0.12791337 -0.00831125 2.12740401
0.11540065 -0.01680727 2.05449729
0.10952386 0.01600722 1.99201146
0.04816671 -0.02097386 2.18791635
0.06564943 0.00156957 2.02620901
0.04568642 0.02744546 2.34986315
0.08892380 0.04423876 2.25993104
0.00163778 -0.12741471 2.18419331
0.08715640 0.09836631 2.11352151
0.03546055 -0.00060019 2.09683118
0.03167035 0.12102659 2.06582921
0.04290866 0.00961383 2.14640969
0.03425944 0.05515724 2.15743551
0.02467435 -0.03089018 2.20426662
0.06020402 0.03511549 2.21405196
0.02836382 0.00796100 2.22155903
0.05942263 -0.00950421 2.19566254
0.04710290 0.04475859 2.22300461
0.02648545 -0.00613421 2.14036691
0.08543208 -0.03733434 2.28937026
0.05704072 -0.00650127 2.29471998
0.01800364 -0.00933394 2.16670644
0.05775072 -0.01737545 2.31298184
0.03687795 -0.01109920 2.23778403
0.02052152 -0.00847647 2.26079533
0.01326740 -0.01479119 2.19066298
-0.04835100 -0.01890953 2.11349928
0.09760518 0.00563136 2.19882681
0.03701135 -0.01518982 2.28855269
0.09654943 -0.04366474 2.22789926
-0.07553378 -0.02190751 2.13888640
-0.02300149 -0.02041635 2.22958713
0.01394296 -0.04602306 2.15559714
-0.11948235 -0.01202864 2.14416415
-0.03678498 -0.00493347 2.24370023
-0.01376786 -0.01247222 2.28698750
-0.01480129 -0.02022833 2.23848398
-0.03018126 -0.01841314 2.28483307
0.07569259 -0.08464116 2.41713628
0.09859728 -0.03032257 2.25266499
0.49257091 -0.06574975 2.51641103
0.15226315 -0.01186677 2.23814255
0.15420383 0.01687817 2.26689322
-0.04566726 -0.00575284 2.26331503
0.00631810 -0.06304307 2.19760589
0.15356885 -0.04932949 2.20970211
-0.01458531 -0.02976055 2.32892803
0.01754454 -0.00708556 2.42070707
-0.05308212 -0.00809066 2.26742313
0.13505031 -0.02356866 2.32218421
0.02189315 -0.07254249 2.28974046
-0.05122647 -0.00293286 2.28528870
0.01612729 -0.02246638 2.36085049
0.21065456 -0.05896114 2.37355090
0.00553558 0.03728434 2.37974781
-0.01490639 -0.01521597 2.40999485
-0.04029235 -0.02785341 2.43564502
0.09197734 -0.02570716 2.40978767
0.19648263 -0.05529467 2.45612507
0.03037396 -0.01990783 2.48376122
0.13775741 -0.05685340 2.44885844
-0.02282803 -0.03236837 2.47989322
0.03126640 -0.04084540 2.46015314
-0.03089215 -0.03220279 2.49274751
0.00295471 -0.03546363 2.44454335
-0.03247185 -0.02587606 2.48648139
-0.05813407 -0.02748030 2.53244199
-0.03182210 -0.03411726 2.50692734
-0.02827463 -0.04115493 2.49622945
-0.02942823 -0.03350917 2.52999883
-0.03274466 -0.03547172 2.51978105
-0.06916390 -0.04317122 2.48961382
-0.05995992 -0.01005099 2.51084557
-0.23138053 -0.05364769 2.25705915
-0.09590169 -0.03124318 2.44338211
-0.10861519 -0.03883457 2.39589500
-0.11481889 -0.03009401 2.42071239
-0.08455956 -0.03636814 2.44093454
-0.06005277 -0.00051819 2.47174578
-0.11355608 -0.03339205 2.40929063
-0.12771497 -0.04811958 2.36222908
-0.10814794 -0.03123224 2.41069935
-0.05992187 -0.02398675 2.50326583
-0.05044458 -0.02688449 2.54183768
-0.07025871 -0.02110489 2.46407052
-0.04090376 -0.02942505 2.52473226
-0.01668820 -0.03750914 2.49972096
-0.10742211 -0.03286551 2.44299789
-0.02594973 -0.02659701 2.52802639
-0.03490499 -0.01634219 2.50365105
-0.05065373 -0.03374915 2.46892422
-0.02363625 -0.04161520 2.48056408
-0.02498921 -0.03978886 2.51791342
-0.05207670 -0.02586110 2.42202178
-0.09337911 -0.02553806 2.43949697
-0.09741546 -0.03995971 2.23893645
-0.11780831 -0.03496645 2.32374044
-0.05159145 -0.03895331 2.38933384
-0.04083638 -0.03977313 2.43542843
-0.09662459 -0.03254346 2.32660156
-0.05478573 -0.02869796 2.37753595
-0.09959865 -0.04125155 2.29475043
-0.04089215 -0.03349043 2.38372940
-0.02659073 -0.04104740 2.42270250
-0.06017764 -0.04150758 2.37111239
-0.02492043 -0.05249131 2.39787071
-0.06150072 -0.02264322 2.34922007
-0.06410292 -0.04475494 2.38529635
-0.04651700 -0.03409199 2.35829499
-0.05848121 -0.02912234 2.37046467
-0.04495701 -0.02790031 2.43966243
-0.09242609 -0.01583466 2.32752069
-0.10253995 -0.01546124 2.32046995
-0.14403265 -0.02036885 2.31687825
-0.06973027 -0.04008142 2.29624106
-0.03648412 -0.02815226 2.38829422
-0.05146517 -0.04001678 2.35241911
-0.02872855 -0.03654619 2.35097064
-0.01811680 -0.03149060 2.36892573
-0.04294687 -0.03837101 2.40127650
0.00773715 -0.04265415 2.43172235
-0.03817018 -0.03156592 2.40132108
-0.04106033 -0.03451062 2.36862821
-0.07285218 -0.04271458 2.32265362
-0.05528631 -0.01147197 2.34076266
-0.07391191 -0.02208547 2.26366905
-0.16041395 -0.05813733 2.22941873
-0.12052097 -0.05356212 2.26458779
-0.12159571 -0.06170004 2.25276997
-0.04889474 -0.04080236 2.34008943
-0.04923858 -0.04857610 2.34516059
-0.04137485 -0.03357261 2.36297924
-0.02157153 -0.03367386 2.35029619
-0.02775699 -0.03353438 2.37101367
-0.06295406 -0.03918501 2.30409294
-0.03459999 -0.03359831 2.31188804
-0.04527481 -0.03345874 2.33138814
-0.03299482 -0.02780180 2.34116739
-0.05315986 -0.03779037 2.31563930
-0.05718829 -0.00889100 2.27620511
-0.08134750 -0.02317583 2.25305992
-0.09221805 -0.02879080 2.24867432
-0.08496303 -0.03228194 2.26320711
-0.11620159 -0.04236544 2.22307784
-0.03120651 -0.03082787 2.29005497
-0.04970566 -0.02685353 2.29915321
-0.07156784 -0.02317362 2.26846012
-0.09952470 -0.01922030 2.20932029
-0.00648737 -0.03091044 2.30778269
-0.02655085 -0.02353328 2.30562878
-0.04280987 -0.02336242 2.24506356
-0.03926990 -0.02822242 2.29304271
-0.08055010 -0.02462257 2.21433958
-0.06121009 -0.03482331 2.23359121
-0.02871398 -0.01316231 2.29353769
-0.07056013 -0.03726372 2.18277872
-0.08642413 -0.03483085 2.21059184
-0.06425797 -0.03362467 2.22706662
-0.06149513 -0.04188823 2.22868389
-0.10268054 -0.03597409 2.16901465
-0.06558557 -0.02598058 2.20766322
-0.06452833 -0.02628799 2.21978423
-0.07033122 -0.02136632 2.21635138
-0.06772488 -0.03978059 2.23769666
-0.06116926 -0.04470519 2.20768493
-0.08892625 -0.03025324 2.00888769
-0.03623544 -0.03865762 2.23462854
-0.00400323 -0.02027198 2.26760415
-0.05777577 -0.02363293 2.22990221
-0.02267124 -0.02397309 2.23519357
-0.03058822 -0.02650122 2.21871386
-0.07670991 -0.00961485 2.20432949
0.02169599 -0.00357437 2.27087534
-0.06121237 -0.02143734 2.18430251
-0.07410135 -0.03681929 2.18156077
-0.04910595 -0.02271169 2.20433139
-0.00006603 -0.03247565 2.25255931
-0.09400158 -0.03086598 2.15437947
-0.02177441 -0.04109492 2.17733568
-0.02457441 -0.04602501 2.20099615
0.00436539 -0.03174863 2.23866348
0.00035908 -0.01836087 2.23942704
-0.03076946 -0.04278527 2.19609048
-0.01818283 -0.03415682 2.18263774
0.06121853 -0.00847180 2.34058066
-0.05582863 -0.02511930 2.15568698
-0.04698160 -0.02184525 2.17710860
-0.04559991 -0.02881711 2.16522833
-0.04911890 -0.01215091 2.16652847
-0.04425539 -0.02798375 2.17047542
-0.04109678 -0.01750178 2.16931403
-0.04178537 -0.01923583 2.18471210
-0.04757955 -0.01910823 2.14989052
-0.05366649 -0.02692032 2.15704489
-0.03351811 -0.02010116 2.17923749
-0.03650247 -0.02170237 2.16258100
-0.04762928 -0.03212658 2.14652686
-0.06181352 -0.02412185 2.12839934
-0.02746921 -0.01763993 2.14673782
-0.07504441 -0.02012008 2.10365438
-0.05633192 -0.02938873 2.15971928
-0.10743102 0.00084531 2.05818574
-0.07703234 -0.02405790 2.02882353
-0.06570442 -0.02345229 2.15035476
-0.02389630 -0.02149957 2.14504108
-0.03403323 -0.02337733 2.14247608
-0.02352782 -0.03258638 2.13574629
-0.05591378 -0.02807778 2.13249464
-0.05486176 -0.03140319 2.10272366
-0.03129367 -0.02975735 2.16762156
-0.05834414 -0.03210663 2.10585835
-0.04750235 -0.03677099 2.12205771
-0.06490205 -0.03709388 2.10307331
-0.02951352 -0.04456717 2.16799360
-0.01491100 -0.04139828 2.14269917
-0.06570761 -0.02343682 2.14556318
-0.05444688 -0.02711610 2.11378403
-0.03591763 -0.02491597 2.17919813
-0.01286952 -0.03183257 2.17255217
-0.02392449 -0.02535250 2.14001870
-0.02137866 -0.03849387 2.15163780
-0.02237742 -0.02687347 2.13860972
-0.01303722 -0.02715414 2.17291083
-0.03662436 -0.01319704 2.13405754
-0.03454002 -0.02056489 2.11271632
-0.07283044 -0.01741024 2.10192675
-0.02931962 -0.02446678 2.13852733
-0.06136015 -0.02612973 2.12460324
-0.09335587 -0.02351557 2.10293489
-0.07459834 -0.01477140 2.12232128
-0.07253635 -0.01827702 2.08781748
-0.06028423 -0.02286144 2.12249251
-0.06686629 -0.04777761 2.12717788
-0.03704325 -0.01795021 2.16796175
-0.03553381 -0.02579589 2.16325815
-0.08452947 -0.04254308 2.10959175
-0.06644172 -0.02190343 2.14955110
-0.02431497 -0.03817544 2.16764805
-0.03235981 -0.05319321 2.12462119
-0.07149728 -0.02391867 2.11059202
-0.06215700 -0.02323323 2.12916509
-0.03792585 -0.02317489 2.14544959
-0.05592721 -0.03621578 2.13143044
-0.04310389 -0.02326856 2.11105905
-0.03708771 -0.02066538 2.14050421
-0.05686779 -0.02123746 2.12469513
-0.04168279 -0.02279888 2.13588119
-0.04970618 -0.04714950 2.11374036
-0.02749986 -0.03284021 2.13306305
-0.06584669 -0.03073281 2.08914890
-0.02551640 -0.02047594 2.13788074
-0.10701473 -0.02382827 2.05986358
-0.23604634 0.00629976 1.97931001
-0.07112490 -0.03656800 2.09403535
-0.12207619 -0.04500533 2.02772352
-0.15785276 0.00131969 2.07007721
-0.07664101 -0.02261267 2.10755415
-0.05614246 -0.01863385 2.12131124
-0.02925840 -0.02142840 2.11013579
0.01513277 -0.03132139 2.17461431
-0.01738658 -0.03742142 2.12111779
-0.05250972 -0.01258115 2.11852709
-0.06522718 -0.02014717 2.08754875
-0.09888404 -0.01948150 2.06256631
-0.07180305 -0.00700979 2.08589216
-0.03227579 -0.03283405 2.14480758
-0.04349595 -0.02588898 2.11173235
-0.05208743 -0.02346419 2.09407094
-0.08758897 -0.01041669 2.05785968
-0.06106132 -0.02144692 2.09423359
-0.05454509 -0.01884776 2.10978316
-0.04693121 -0.02603158 2.11662919
-0.03735732 -0.01699475 2.12852542
-0.00408735 0.00178440 2.18651069
-0.02665923 -0.01858309 2.13401135
-0.03063548 -0.01609109 2.16963756
-0.00090035 -0.04382054 2.15673882
-0.05816452 -0.02843451 2.10256426
-0.12192308 -0.04018974 2.05099255
-0.06662230 -0.03099293 2.12723013
-0.04292110 -0.01391154 2.11288194
-0.01942597 -0.03390707 2.14505975
-0.08825915 -0.05394986 2.05844212
-0.07385970 -0.05971856 2.08095101
-0.03996418 -0.02909944 2.11502958
-0.03640915 -0.02182894 2.13257151
-0.07492244 -0.01934138 2.09118044
-0.07787290 -0.03396836 2.09271227
-0.04634421 -0.02954983 2.11429037
-0.06546893 -0.01626140 2.10897501
-0.04080135 -0.02057038 2.11385411
-0.07142962 -0.03390089 2.13631913
-0.00551858 -0.02745443 2.14608225
-0.02347621 0.01255159 2.14137146
-0.08178719 -0.01727154 2.10398919
-0.06390423 -0.03640581 2.07219932
-0.06841258 -0.03266757 2.09927565
-0.06522843 -0.04444398 2.10267800
-0.07275847 -0.02054068 2.10359044
-0.09271885 -0.02955824 2.08806865
-0.07362678 -0.02703449 2.09766664
-0.05339691 -0.00484307 2.16503235
-0.08249567 -0.01100718 2.12533245
-0.09582692 -0.04168149 2.07867122
-0.08076685 -0.03204236 2.08341445
-0.01035891 -0.06268134 2.12766985
-0.07521572 -0.02006620 2.07796580
-0.04629005 -0.03468195 2.11164975
-0.07873887 -0.03317856 2.09267332
-0.06436809 -0.02991543 2.09772969
-0.09333836 -0.01208395 2.09277308
-0.05186122 -0.02223861 2.11927901
-0.01769594 -0.02260116 2.15365677
-0.04451571 -0.01984261 2.12282798
-0.05503789 -0.02303634 2.06394952
-0.09419073 -0.02089335 2.04656073
-0.08438874 -0.01569152 2.06389901
-0.08784979 -0.02036185 2.07495254
-0.15780744 -0.00835450 2.06264944
-0.14102514 -0.02584163 2.06379684
-0.09186157 -0.04225108 2.02537272
-0.05489940 -0.04325608 2.05417717
-0.05398111 -0.00627517 1.99838867
-0.09100441 -0.05245166 2.03181738
-0.08147860 -0.02752769 2.02598980
-0.09161974 -0.01418273 2.02273875
-0.13222791 -0.00185928 1.98947909
-0.07517499 -0.02045774 2.07856427
-0.09904447 -0.00833909 2.08327258
-0.13107993 -0.00628428 2.05141702
-0.06867903 -0.03092580 2.10127506
-0.07070864 -0.02137048 2.08700406
-0.09360395 -0.01964163 2.06901198
-0.07235904 -0.02252568 2.08500794
-0.07058642 -0.02764465 2.03937477
-0.06121366 -0.00984226 2.08790550
-0.10147141 -0.00931643 2.03685114
-0.06625678 -0.01893648 2.11461047
-0.09118425 -0.01146079 2.08171501
-0.12562973 -0.01133361 2.02084189
-0.05260179 -0.03000047 2.11375336
-0.07357593 -0.01569318 2.07677026
-0.07910126 -0.02642670 2.08167745
-0.07831766 -0.01333802 2.09012875
-0.04383859 -0.03290839 2.13038479
-0.07694755 -0.03107530 2.06101439
-0.11124898 -0.00569183 2.03782828
-0.06679951 -0.00757498 2.04718877
-0.09442226 -0.00666414 2.06254096
-0.04543957 -0.01722491 2.10424125
-0.04893214 -0.02532934 2.12601226
-0.09926396 -0.01116170 2.05913015
-0.05442098 -0.01667142 2.11174852
-0.10884459 0.00195474 2.05089082
-0.09603210 -0.03131805 2.05278971
-0.07508366 -0.02286622 2.07326309
-0.07694152 -0.01024941 2.07204539
-0.04124987 -0.02473827 2.09791457
-0.05188275 -0.02419510 2.13128880
-0.10832090 -0.02810427 2.01264151
-0.03540231 -0.02717355 2.09453902
-0.07347374 -0.01037466 2.04575341
-0.08614497 -0.02288560 2.07144232
-0.10880611 -0.04653080 2.01302861
-0.07835856 -0.05055779 2.08354533
-0.06407246 -0.03458290 2.07928780
-0.06373616 -0.02482055 2.09363485
-0.06822355 -0.03180018 2.10776323
-0.05241958 -0.03203385 2.10064891
-0.06200478 -0.02374104 2.11968491
-0.03536999 -0.03621506 2.14997666
-0.04718992 -0.02863356 2.12635084
-0.08125889 -0.02701910 2.09737093
-0.09429649 -0.02658776 2.05118387
-0.07722767 -0.02415225 2.06010151
-0.06883358 -0.03096215 2.07605941
-0.05867961 -0.01324266 2.13115956
-0.09297882 -0.01665541 2.08810023
-0.07013798 -0.02640488 2.06137457
-0.01101543 -0.01326587 2.18589568
-0.10410345 -0.03031669 2.06189461
-0.05002323 -0.02509481 2.09974225
-0.05837644 -0.01658311 2.11893606
-0.06098353 -0.02534988 2.08535771
-0.06354166 -0.03086540 2.08408009
-0.10924888 -0.02469580 2.06269362
-0.05122501 -0.01653253 2.09703882
-0.05382850 -0.02464653 2.11969024
-0.11288326 -0.02803833 2.04406340
-0.03762213 -0.02941991 2.13644367
-0.05751957 -0.03315644 2.11297870
-0.05803981 -0.03181752 2.11365732
-0.05909571 -0.02773133 2.12573405
-0.06885264 -0.02630191 2.10754243
-0.03297442 -0.02918694 2.14308846
-0.05562272 -0.02371751 2.13388274
-0.06550830 -0.02251870 2.12103159
-0.08126172 -0.02850866 2.05645632
-0.05008567 -0.02642718 2.11799011
-0.10942222 -0.02608330 2.02734127
-0.03046129 -0.02519847 2.14674604
-0.06896306 -0.02100246 2.12009228
-0.04504591 -0.01732959 2.15251852
-0.09738702 -0.02741354 2.02867117
-0.06759824 -0.02293224 2.12185932
-0.05131815 -0.02965411 2.09354161
-0.07011504 -0.03282990 2.09179707
-0.07353135 -0.02814828 2.10064228
-0.08877027 -0.03555044 2.05722568
-0.08444737 -0.02557955 1.99480418
-0.05818807 -0.01590474 2.13257314
-0.10967653 -0.03788139 2.02315858
-0.10190933 -0.02810247 2.01960778
-0.10622390 -0.03246395 2.03215611
-0.09519347 -0.02589631 2.06920126
-0.10227335 -0.00978960 2.07845744
-0.05756425 -0.02869411 2.09482742
-0.12753633 -0.01632050 2.03192609
-0.13126794 -0.03033303 2.00391930
-0.06995621 -0.02780048 2.10650542
-0.11193563 -0.03751841 2.02713734
-0.05747779 -0.03171473 2.08387364
-0.11218425 -0.03913709 2.03044482
-0.12127369 -0.03149935 2.02374754
-0.11576225 -0.04082970 1.96098071
-0.08284301 -0.03056643 2.03397573
-0.09556819 -0.03183777 2.02906031
-0.10749877 -0.04107248 2.01128144
-0.05476841 -0.02064677 2.05558770
-0.02485084 -0.02322892 2.13060139
-0.05306138 -0.01141730 1.99185592
-0.09502661 -0.05174575 2.04485887
-0.06039922 -0.02867132 2.08013818
-0.10362444 -0.03351088 2.01309308
-0.10041902 -0.02651661 2.05293529
-0.05835526 -0.02733215 2.13124713
-0.05979790 -0.02207219 2.11782947
-0.07379768 -0.03324571 2.07039891
-0.07728497 -0.02786905 2.08461793
-0.10463543 -0.02805744 2.08001490
-0.09719934 -0.02878391 2.05386245
-0.08015768 -0.03670307 2.06702195
-0.07585877 -0.01647837 2.10241425
-0.04625138 -0.02873105 2.10159490
-0.09135504 -0.02989401 2.05543192
-0.08063540 -0.02560182 2.09626257
-0.10935829 -0.03521622 2.03724078
-0.06497651 -0.03308043 2.09542359
-0.08634695 -0.02808757 2.11312968
-0.08384555 -0.02479611 2.08964364
-0.08625074 -0.03612425 2.10436114
-0.04375377 -0.03418896 2.13481303
-0.06870337 -0.05358984 2.10971970
0.00223515 -0.02288580 2.16848359
-0.06642705 -0.01671558 2.06512385
-0.13085556 -0.01694725 1.99551639
-0.08646089 -0.01416498 2.08120764
-0.07283550 -0.03264075 2.09720236
-0.07524430 -0.02043159 2.10678211
-0.08615627 -0.04008215 2.09608672
-0.11508788 -0.03282943 2.08112043
-0.10519826 -0.04292796 2.04712138
-0.07078452 -0.04025901 2.08644376
0.01854654 -0.03930100 2.19106647
-0.10731101 -0.04611566 2.03548987
-0.07444171 -0.04374552 2.08331985
-0.12649343 -0.02713275 2.00528472
-0.12038737 -0.02527537 2.02250302
-0.06697403 -0.03646153 2.06202735
-0.09759367 -0.02613431 2.07013762
-0.09179622 -0.03441306 2.08685735
-0.09496956 -0.01712708 2.08515816
-0.13484211 -0.01761615 2.04067248
-0.07203232 -0.02112355 2.09102616
-0.00452237 -0.02513343 2.10474764
-0.03829853 -0.03351198 2.11054838
-0.01105097 -0.02647113 2.08918379
-0.03528095 -0.04270492 2.12681559
-0.02601327 -0.03899049 2.14665854
-0.03010335 -0.03789720 2.13676662
-0.03741660 -0.02850068 2.13484958
-0.04411198 -0.02490416 2.11648081
-0.06100710 -0.03461346 2.10144300
-0.11865297 -0.02238990 1.96221510
-0.14207219 0.04654138 2.02776879
-0.04525650 -0.02950772 2.13082837
-0.04055125 -0.01115374 2.13517738
-0.07836954 -0.01904256 2.11837557
-0.07320359 -0.02328167 2.07915613
-0.09015341 -0.03596652 2.09468694
-0.01513331 -0.02317263 2.11879239
-0.01189881 -0.02451313 2.15723086
-0.06251830 -0.03263678 2.08189065
-0.03533258 -0.02646220 2.10932384
-0.02854123 -0.01965406 2.18037513
-0.00985982 -0.02071861 2.11227125
0.01694185 -0.02082230 2.14672662
0.01003957 -0.03522681 2.16111146
-0.01089150 -0.01090617 2.12081973
-0.00020124 -0.02479567 2.12224661
0.04937175 -0.08608160 2.18423047
-0.03328657 -0.01754511 2.10539135
0.04553244 -0.02184852 2.19794075
-0.02755706 -0.02605247 2.09857377
-0.01562977 -0.02470743 2.10865003
-0.02674264 -0.01824392 2.09405826
-0.02246770 -0.11838921 2.08094746
-0.00218874 -0.06967922 2.06137081
0.00156129 -0.16420617 2.06131029
-0.03945274 -0.26101582 2.08021578
-0.01782578 -0.15213710 2.11289258
-0.03729130 -0.21182849 2.04084211
-0.04839966 -0.23254364 2.06454601
0.01645821 -0.15672537 2.10572347
0.09856860 0.00494597 2.03099530
0.11058474 -0.02687746 1.96644706
-0.04588964 -0.35362772 2.13995123
-0.02778393 -0.03520200 1.96268188
-0.05415043 0.07895163 2.02389285
-0.12703375 -0.55480865 2.54263310
-0.05259572 0.02700670 2.03721757
-0.04550362 -0.28911933 2.20122977
-0.08266835 -0.51017432 2.14244151
-0.04650661 0.12348127 2.02894073
-0.04767494 -0.03958436 1.91549488
-0.03523468 -0.12301284 2.08248949
-0.05638665 -0.11318116 2.05605359
-0.05061271 -0.04532476 1.96319116
-0.02163141 -0.40077936 2.13436512
-0.01223452 -0.44938620 2.19409944
-0.05519682 -0.15407104 2.24089779
-0.06870424 -0.09254828 2.03202134
-0.04559041 -0.22596376 2.02050206
-0.02180698 -0.03627389 2.05166238
-0.00860191 -0.04762875 2.04846308
-0.01768649 -0.04041122 2.09165643
-0.05452596 -0.02794194 1.98882324
-0.04748091 -0.04828175 2.04319264
-0.01509355 -0.05082107 2.07277517
-0.07602219 -0.01527227 2.04938037
0.00183817 -0.03688014 2.14515699
-0.07060955 -0.03280340 1.92789609
0.07098490 -0.00567697 2.11442648
-0.01093032 -0.04520103 2.17794471
0.00490593 -0.02864924 2.19176877
-0.00114101 -0.04503039 2.15428018
0.01187694 -0.03059741 2.18358847
-0.03417410 -0.02020549 2.09249175
-0.05513469 -0.01847007 2.04270920
0.01904804 -0.02760391 2.18418150
0.02783021 -0.01689452 2.15440091
-0.11131465 -0.02749946 2.02434150
-0.12407628 0.00917392 2.00539083
-0.01471754 -0.01288877 2.03017856
-0.00528033 -0.02960405 1.98830263
-0.02027761 -0.02451894 1.98173597
-0.05621870 -0.06108516 2.04553493
-0.00051601 -0.02511294 2.22925998
0.04092970 -0.02348828 2.44228652
-0.01080318 -0.01695245 2.13902810
-0.63259702 -0.00748177 0.41911830
-0.31367533 0.01073872 -0.09899751
0.02156331 0.01871792 -0.70487159
0.02642342 0.02565368 -0.72268777
-0.06285614 0.01593203 -0.49407068
0.00410082 0.00223515 -0.59714045
0.05484731 -0.01307536 -0.68043181
0.01515690 -0.02523895 -0.59813666
-0.07100142 -0.02100026 2.01871251
-0.07605925 -0.05625409 2.07025736
-0.02353155 -0.03468582 2.16022290
-0.05169875 -0.03383567 2.11958221
-0.04705197 -0.04255078 2.11712329
0.01337669 -0.00104115 -0.79286006
-0.02974756 -0.05019101 2.08988239
-0.02860309 -0.09822074 2.10790440
-0.05201320 -0.04627760 2.21072571
-0.00363852 -0.03367446 2.14137508
-0.00793719 -0.02059033 2.11295416
-0.03260470 -0.02814201 2.09773582
-0.03088533 -0.01853104 2.09381508
0.18879954 -0.05153001 2.29441601
0.13297073 -0.03455834 2.26578955
-0.01908025 -0.04146095 2.12309671
0.12294518 -0.02588239 2.23625159
-0.01793821 -0.02767913 2.09851140
-0.03529993 -0.02371325 2.07120989
-0.02009725 -0.01987903 2.10925679
-0.05104303 -0.01210314 2.10330476
-0.01334610 -0.02273593 2.13146470
-0.04395783 -0.02478346 2.10318011
-0.04020722 -0.02861957 2.12128638
-0.05860690 -0.01581807 2.08237241
-0.02109056 -0.04977787 2.14371906
-0.03993529 -0.06068146 2.06644364
0.01120392 -0.02925658 2.20453420
-0.04147039 -0.02473065 1.99132110
-0.03889747 -0.01528140 1.92259366
-0.02915384 -0.03020537 2.17050852
-0.04246067 -0.03365987 2.08514190
-0.01961848 -0.19379032 2.11019858
-0.02543272 -0.07280980 2.09656767
-0.03942847 -0.15934873 2.08518467
-0.04570989 -0.03063165 2.07501832
0.05864393 -0.05140148 2.20290336
0.00768702 -0.06227713 2.17022603
-0.03533324 -0.04022636 2.16023886
-0.01414420 -0.04719520 2.15635951
-0.01137484 -0.05773667 2.17480678
-0.01481197 -0.03030940 2.17616113
0.06325659 -0.04782099 2.18491284
0.00336910 -0.03890357 2.14213014
-0.04292050 -0.04123541 2.13474547
-0.03159923 -0.04385267 2.17335117
-0.02807632 -0.03944480 2.15349419
0.06362892 -0.08571514 2.24063407
-0.00455379 -0.03986762 2.17073796
0.05255680 -0.02553698 2.08514940
0.04323878 -0.01426147 2.15127400
0.04172831 -0.01427426 2.19609935
0.14810414 0.00747451 2.23314254
0.07577329 0.00088711 2.15122750
0.03445213 -0.01680701 2.20691754
0.11352905 -0.00913921 2.22900212
0.00441428 -0.01209938 2.12781614
0.02326263 -0.06922790 2.18914339
0.05718460 -0.08898030 2.22455257
-0.00910270 -0.07399576 2.15454794
-0.03146190 -0.04058018 2.10797976
0.05437283 -0.01921578 2.19699514
-0.00626817 -0.02658150 2.18022168
-0.00575597 -0.01158575 2.15618166
0.00272574 -0.00867531 2.16511063
0.01400476 -0.01509668 2.18222866
-0.03203666 -0.02993790 2.07536859
-0.04351782 -0.03303839 2.06503110
-0.02853605 -0.02112366 2.10366437
-0.01130620 -0.02409909 2.15503443
-0.02421445 -0.00987628 2.14999480
0.00769829 -0.02813883 2.07696541
-0.00640102 -0.03281050 2.14201887
-0.01657941 -0.02505078 2.10566733
-0.04234330 -0.02057275 2.08328447
-0.00425384 -0.01696759 2.13436358
-0.00102095 -0.01519762 2.18241018
0.02174557 -0.11375392 2.17814416
0.04330004 -0.00941673 2.16073857
-0.04055270 -0.01427737 1.99246120
0.00932230 -0.38650724 2.15593351
-0.05382153 -0.02122852 2.08177408
0.02291604 -0.01432616 2.16174442
-0.01987772 -0.08890520 2.11242552
-0.02684389 -0.01834786 2.05210710
-0.04577436 -0.01219042 2.04838132
-0.02098429 -0.03569226 2.12283999
-0.04752545 -0.03731410 2.07157070
-0.05395309 -0.02969035 2.08093437
-0.05426505 -0.03091350 2.07265061
-0.01300997 -0.02757987 2.12111365
-0.01571735 -0.02807658 2.04156699
-0.02269060 -0.03049068 2.10324276
0.02121717 -0.01692362 2.14747997
-0.01026880 -0.01984376 2.05693441
-0.00189830 -0.04079111 2.07458160
0.01657119 0.05364724 2.02049723
-0.03591782 -0.00386046 2.07608766
-0.03069437 -0.04557747 2.10900784
-0.03183356 -0.01653109 2.08024548
-0.04254152 -0.03144869 2.10524577
-0.05898565 -0.02914550 2.15072680
-0.07188942 -0.01094961 2.09481580
-0.00270727 -0.01420598 2.11915390
-0.05378493 -0.03977008 2.11061509
-0.08982077 -0.01007709 2.17029735
-0.05354352 -0.02113195 2.10554983
-0.06750483 -0.03104301 2.17616586
-0.06789621 -0.03429458 2.10597250
-0.04498994 -0.03669274 2.12119110
-0.03016355 -0.02448902 2.15631610
-0.02055824 -0.03414317 2.15777645
-0.06792298 -0.01717951 1.99060765
-0.04750224 -0.02794906 2.08928245
-0.05536820 -0.02339997 2.09706866
-0.02347460 -0.01800380 2.08378247
0.02507610 -0.01082087 2.12033406
-0.00257858 -0.01750607 2.14823903
-0.01367663 -0.02923073 2.12326308
-0.02663644 -0.03236764 2.11434654
-0.08134680 -0.02951295 2.06401066
-0.02345165 -0.02335640 2.13163823
-0.04200796 -0.04238692 2.08137801
-0.08581972 -0.03704992 1.99102495
-0.04625271 -0.02127295 2.05138560
-0.03796751 -0.03425105 2.10051398
-0.04173665 -0.02712956 2.06000960
-0.04143158 -0.02019451 2.08405110
-0.00948242 -0.02570242 2.11390176
-0.03246302 -0.03687889 2.13150853
-0.01611019 -0.02482101 2.14384616
-0.02253956 -0.03191695 2.08266935
-0.04168131 -0.02830528 2.13513765
-0.02129848 -0.03097571 2.14736547
-0.04388526 -0.01669124 2.11242073
0.01824487 -0.02239619 2.19523855
-0.12755192 -0.02053511 2.02761410
-0.02797017 -0.02892835 2.11772578
0.06113219 -0.02991259 2.16937869
-0.02163405 -0.03312276 2.15120222
-0.03014864 -0.02712085 2.12029495
0.02032420 -0.04369644 2.14641461
-0.04761262 -0.02342236 2.08866388
-0.06570431 -0.02541769 2.10307852
-0.01094006 -0.03171162 2.17471580
-0.08597664 -0.03088209 2.08441496
-0.08780564 -0.03413848 2.10236474
-0.10176717 -0.02945683 2.08259623
-0.09593954 -0.02999753 2.06142855
-0.06819904 -0.04121643 2.09635507
-0.03282809 -0.03436170 2.13039155
-0.06630502 -0.02394573 2.10367496
-0.05949796 -0.03057372 2.11766453
-0.05933003 -0.03367563 2.10040249
-0.05237967 -0.02892910 2.12958358
-0.05845909 -0.02232591 2.09133018
-0.08956547 -0.03267183 2.09187639
-0.04342458 -0.05367490 2.10649970
-0.12616958 -0.02422482 2.08698999
-0.07262207 -0.02881509 2.12355904
-0.07502389 -0.03177371 2.10920226
-0.08349449 -0.03114637 2.09654215
-0.06054607 -0.02950512 2.13409452
-0.09895511 -0.02420031 2.03661678
-0.07484328 -0.02966147 2.08920124
-0.07296474 -0.03122263 2.08255705
-0.06954018 -0.02952957 2.11265269
-0.05708441 -0.02681556 2.12079371
-0.05891462 -0.03302351 2.10567384
-0.05717219 -0.02420528 2.09478784
-0.05039900 -0.02928491 2.12037966
-0.05886949 -0.02854546 2.10338165
-0.02916560 -0.02659774 2.14324865
-0.07526752 -0.03089393 2.10693863
-0.00547395 -0.07358956 2.13044558
-0.04208261 -0.04557726 2.09311702
-0.05711671 -0.02331337 2.11097622
-0.04875174 -0.01529472 2.06932818
-0.03091762 -0.03434122 2.12172501
-0.04128315 -0.03769234 2.11859885
-0.05409043 -0.03849780 2.11878448
-0.06033658 -0.01930110 2.08013388
-0.10033707 -0.02649795 2.08946826
-0.04294097 -0.03669924 2.10767856
-0.03117562 -0.02686830 2.13699500
-0.02152595 -0.02875905 2.15795714
-0.02490858 -0.02979805 2.14734564
-0.03559788 -0.02489114 2.15348309
-0.04277683 -0.04030990 2.13900139
-0.02151772 -0.01697589 2.14431779
-0.03015687 -0.02291701 2.15155447
-0.05528023 -0.02687885 2.12065045
-0.03790312 -0.03044204 2.13035786
-0.08547058 -0.02659097 2.12710509
-0.03546345 -0.02518167 2.16455577
-0.05021967 -0.03123838 2.13170306
-0.02950180 -0.02985423 2.14214479
-0.04977039 -0.02168631 2.10493671
-0.05754141 -0.03764333 2.11652079
-0.04474435 -0.04122347 2.11089586
-0.03134405 -0.02994796 2.15274828
-0.08220971 -0.03852340 2.09855359
0.00792080 -0.01310879 2.13779316
-0.08130143 -0.02965135 2.05337228
-0.03870508 -0.03573777 2.13036402
-0.05117423 -0.03497470 2.13559404
-0.04020961 -0.03902697 2.13061801
-0.03489776 -0.03801752 2.13801917
-0.02879466 -0.03163565 2.14944476
-0.02566319 -0.02262069 2.14783736
-0.03697535 -0.03048788 2.15027064
-0.02331376 -0.02468694 2.17906235
-0.09672459 -0.02642340 2.11624505
-0.05824437 -0.02575852 2.12094967
-0.04901066 -0.02338077 2.14854526
-0.04392976 -0.02831551 2.15922416
-0.02101694 -0.01470167 2.17932532
-0.02031619 -0.02174663 2.14983051
-0.03400333 -0.01568844 2.14086712
-0.01774392 -0.02124541 2.16027492
0.00299161 -0.02271774 2.19910823
-0.18608265 -0.03553597 1.97442518
-0.08627932 -0.02666554 2.09197028
-0.05963401 -0.03300287 2.11913363
-0.04584602 -0.02574940 2.15067620
-0.06371310 -0.01566833 2.12110224
-0.03526441 -0.02780820 2.13875267
-0.11188531 -0.03957016 2.08914494
-0.04792855 -0.00048783 2.15031805
-0.04581903 -0.03111506 2.13331764
-0.06645633 -0.03180743 2.12481328
-0.07179393 -0.02585833 2.11770285
0.08096648 -0.00657866 2.22761235
-0.03766801 -0.02583523 2.15512794
-0.08544737 -0.02731859 2.10361571
-0.06503380 -0.03037026 2.12897587
-0.05467380 -0.03418269 2.11739189
-0.03873219 -0.03156218 2.14498884
-0.08400262 -0.04025398 2.11788362
-0.04996564 -0.02955863 2.12990189
-0.04898166 -0.03353122 2.13712077
-0.05032923 -0.03446947 2.12760234
-0.02797698 -0.02852204 2.14854735
-0.02493877 -0.02220631 2.14222184
-0.04904924 -0.03290810 2.13118110
-0.04411782 -0.02151183 2.08838313
0.00896656 -0.01180267 2.18214358
-0.04541546 -0.03640331 2.11185572
-0.04377820 -0.02971207 2.13078302
-0.05209741 -0.04247189 2.11421308
-0.09381507 -0.04006338 2.08474691
-0.01934143 -0.03308714 2.11355129
-0.06084326 -0.03424156 2.05109616
-0.06488818 -0.04617491 2.08622476
-0.05119999 -0.03661573 2.09345168
-0.03666876 -0.02847752 2.13746537
-0.01378728 -0.02251986 2.17907467
-0.02552291 -0.01746757 2.15422094
-0.05783669 -0.01218886 2.10872621
-0.04376183 -0.02352176 2.14749181
-0.05020211 -0.01032759 2.18704855
-0.04187173 -0.01903620 2.18891304
-0.00763900 0.02303606 2.14366694
-0.04292789 -0.01958191 2.18555268
-0.04923856 -0.02235803 2.15198803
-0.02667215 -0.02426896 2.17032515
-0.03842492 -0.02015194 2.13920559
-0.04562187 -0.02619574 2.12886516
-0.06442722 -0.03718529 2.12820908
-0.06368956 -0.03259865 2.13090283
-0.00155213 -0.03324376 2.11069783
-0.07715506 -0.02093671 2.13829628
-0.10781003 -0.01835719 2.22428885
-0.02670484 -0.02703049 2.20357344
-0.04457798 -0.02699451 2.17056689
-0.06428144 -0.01924926 2.17607819
-0.07019501 -0.03654827 2.13180066
-0.05208555 -0.02367566 2.13018174
-0.04076331 -0.01648273 2.16295612
-0.04496871 -0.02633095 2.15630725
-0.03949433 -0.02256146 2.16396695
-0.04949802 -0.03016521 2.12877262
-0.04184417 -0.02168584 2.15923221
-0.03090503 -0.02338143 2.16738297
-0.00438437 -0.00655417 2.21731441
-0.10634087 -0.01891600 2.17751842
-0.03356093 -0.01708566 2.18510953
-0.01714097 -0.03342827 2.20501170
-0.01688773 -0.02591105 2.22193959
-0.05151953 -0.02111971 2.12231922
-0.05525253 -0.02687442 2.16647443
-0.04511802 -0.01955661 2.13763563
-0.06052244 -0.03006435 2.16257629
-0.05255737 -0.01049610 2.16659885
-0.04393241 -0.02296704 2.17398959
-0.04634906 -0.01935893 2.16086721
-0.05637845 -0.02570342 2.13705939
-0.06620283 -0.02206013 2.16452825
-0.04696179 -0.02665663 2.18256665
-0.06128090 -0.01869084 2.15888495
-0.06365323 -0.01568823 2.15261459
-0.05893646 -0.02081468 2.14925772
-0.07025511 -0.02032948 2.12852501
-0.06449195 -0.03226937 2.14168344
-0.09522963 -0.01816374 2.13688320
-0.10152702 -0.01941643 2.09889021
-0.05645912 -0.02365230 2.15565198
-0.13410863 -0.04240052 2.04124808
-0.09072012 -0.02943324 2.12527280
-0.11315738 -0.03115813 2.08535193
-0.09036580 -0.02637790 2.10946317
-0.01862435 -0.02061855 2.20579642
-0.10070943 -0.02345195 2.07592641
-0.08280948 -0.00912685 2.15659682
-0.07542091 -0.02119851 2.13670902
-0.07822673 -0.01380467 2.14038099
-0.08704011 -0.00589225 2.11865242
-0.11000343 -0.02129750 2.10592306
-0.06464853 -0.03684236 2.12891403
-0.08242930 -0.03157240 2.11526150
-0.05974517 -0.01861710 2.15233986
-0.01574587 -0.00800146 2.19710927
-0.10533907 -0.02651861 2.11564266
-0.05324795 -0.01740503 2.14998546
-0.07187718 -0.00806676 2.14135557
-0.02758389 -0.01351334 2.19046308
-0.04100264 -0.02268501 2.15325862
-0.05210514 -0.02633103 2.14965222
-0.07761992 -0.03027823 2.09933896
-0.06273751 -0.03066107 2.14221364
-0.07627589 -0.02484578 2.12313909
-0.08723560 -0.03188238 2.10018058
-0.05103702 -0.02489935 2.15622467
-0.04948515 -0.02114775 2.14538710
-0.08505251 -0.01785626 2.06935559
-0.08216248 -0.02936243 2.12575007
-0.08672942 -0.02090022 2.13475878
-0.05315284 -0.02098916 2.12821305
-0.07864878 -0.02165387 2.13661784
-0.10332377 -0.04054742 2.06102627
-0.12952884 -0.02385274 2.03546788
-0.09248070 -0.01429249 2.04297102
-0.07193490 -0.03433328 2.07257850
-0.07429776 -0.02079698 2.13445758
-0.04950580 -0.03639379 2.12788355
-0.06161369 -0.03253554 2.12266948
-0.04184712 -0.02560354 2.16218514
-0.03622941 -0.03373954 2.15080326
-0.07045270 -0.02631624 2.12691121
-0.07466861 -0.03189881 2.11348383
-0.07910630 -0.01908808 2.12653967
-0.05361441 -0.01502426 2.14965696
-0.03876473 -0.01975819 2.14108318
-0.06137719 -0.02592155 2.11364021
-0.05855838 -0.02807713 2.11454683
-0.08433072 -0.03226869 2.09928489
-0.08694615 -0.03066718 2.11902396
-0.09536512 -0.02822022 2.11532769
-0.12973179 -0.02961733 2.04829576
-0.06003903 -0.02733811 2.14190585
-0.05941053 -0.02681307 2.13353276
-0.06853090 -0.02090162 2.11304319
-0.08614531 -0.02596976 2.08263177
-0.04857038 -0.02252198 2.14911119
-0.11414549 -0.03447830 2.05858461
-0.06740210 -0.02339185 2.11762862
-0.06011044 -0.02771798 2.12396171
-0.09687347 -0.02549245 2.09288608
-0.09082855 -0.01892728 2.08568432
-0.09167425 -0.01582556 2.08696730
-0.10425125 -0.02560976 2.11492508
-0.06572305 -0.01732839 2.12710881
-0.06853201 -0.03124699 2.08355691
-0.06106987 -0.02797732 2.13834815
-0.08824706 -0.02556073 2.10563082
-0.06680674 -0.04674483 2.09449724
-0.08150104 -0.03892577 2.09747759
-0.09232321 -0.02992534 2.09498035
-0.07725835 -0.02867092 2.13354833
-0.08592943 -0.02498751 2.10980831
-0.07660637 -0.02655655 2.07712952
-0.06237915 -0.02468056 2.13181943
-0.07899210 -0.02328309 2.12947851
-0.06704797 -0.03552690 2.08143288
-0.06761736 -0.03331175 2.12282549
-0.08719029 -0.03101664 2.07136327
-0.08887008 -0.02884542 2.08892716
-0.08617441 -0.03098781 2.08753777
-0.09521297 -0.03688859 2.08109908
-0.11831611 -0.03223629 2.08351551
-0.07242827 -0.01687664 2.08355758
-0.07464770 -0.02743379 2.07354928
-0.03807024 -0.00855751 2.15837077
-0.06379449 -0.02668826 2.11790581
-0.05997134 -0.02641639 2.10817724
-0.02762663 -0.01859126 2.18522204
-0.06786301 -0.01619684 2.12835621
-0.07978914 -0.01927041 2.09872999
-0.04373083 -0.02635454 2.13045513
-0.04515267 -0.02747589 2.17036877
-0.04630221 -0.02539996 2.14774471
-0.04011526 -0.01823646 2.13852342
-0.06700484 -0.02676845 2.11773239
-0.08497306 -0.03010151 2.11679464
-0.03097561 -0.02292264 2.17556775
-0.04963873 -0.02048648 2.15717880
-0.04421829 -0.02085505 2.15081656
-0.07934252 -0.02381619 2.11101152
-0.07213059 -0.02329968 2.13558480
-0.13142723 -0.03405292 2.09571622
-0.10226905 -0.03847106 2.10078811
-0.08913066 -0.03571575 2.09561387
-0.08024652 -0.03484555 2.10870303
-0.09868405 -0.03028680 2.10257512
-0.04592835 -0.03876062 2.14366692
-0.06776661 -0.03381635 2.11513468
-0.05763010 -0.03186451 2.13311521
-0.04919397 -0.02777194 2.10860730
-0.07426794 -0.03254455 2.09704045
-0.07619883 -0.04026110 2.10969173
-0.05867904 -0.01013075 2.17483116
-0.07612550 -0.00323577 2.13676775
-0.06166918 -0.02425006 2.11661723
-0.06096592 -0.02810380 2.12876841
-0.03991355 -0.02729843 2.15702394
-0.04281787 -0.02949195 2.14487582
-0.05676847 -0.03938879 2.13099354
-0.05567826 -0.04532571 2.10213993
-0.04254884 -0.03675589 2.13497484
-0.03565257 -0.03361350 2.10780469
-0.07017740 -0.03897906 2.08489736
-0.03709972 -0.02210872 2.12983986
-0.02768537 -0.02539752 2.14427850
-0.06601211 -0.02829182 2.10763875
-0.06744961 -0.03139815 2.08837465
-0.06995828 -0.02746365 2.08012553
-0.05502200 -0.01603958 2.11900587
-0.07486777 -0.02387087 2.09065798
-0.05494613 -0.02378505 2.10992074
-0.05893717 -0.02118802 2.08994588
-0.04450870 -0.02583868 2.12635374
-0.05263201 -0.01992903 2.14192760
-0.04272632 -0.01164255 2.15321987
-0.04165081 -0.02464496 2.13107745
-0.03145530 -0.01977352 2.14989128
-0.04239209 -0.04570309 2.15320868
-0.01603096 -0.02396411 2.14141519
-0.06926544 -0.02748345 2.10666234
-0.09199895 -0.05496399 1.99794922
-0.06721235 -0.02632787 2.07902011
-0.07353728 -0.05386971 2.06837480
-0.06662459 -0.02392168 2.11389980
-0.08478050 -0.02586370 2.06864859
-0.08292434 -0.03093436 2.06114681
-0.08779175 -0.02862924 2.05737199
-0.09225667 -0.02317447 2.09252018
-0.03913527 -0.01717811 2.14327829
-0.02082599 -0.01123344 2.18285658
-0.07515555 -0.02735601 2.10844210
-0.07125552 -0.01443988 2.08063425
-0.04591287 -0.01396615 2.10932403
-0.05895381 -0.01998324 2.11701696
-0.02720268 -0.03041907 2.12292907
-0.03016202 -0.02885856 2.11035789
-0.06466343 -0.02516327 2.11565520
-0.05206713 -0.02162978 2.10219439
-0.04041622 -0.03608939 2.13225488
-0.05701860 -0.03038703 2.10954198
-0.06549267 -0.02863144 2.08610262
-0.10415361 -0.03786422 2.00152045
-0.05118211 -0.03221044 2.09774391
-0.04562420 -0.01797511 2.11443673
-0.09428930 -0.04799179 2.04653069
-0.08528940 -0.01651223 2.04799359
-0.04896728 -0.00307195 2.11229264
-0.07087733 -0.01819480 2.06718647
-0.10184023 -0.01854631 1.99544247
-0.05043683 -0.01803188 2.10503525
-0.03629674 -0.02329282 2.14445810
-0.05803591 -0.02443506 2.10344756
-0.04990951 -0.01687311 2.15734925
-0.12028944 -0.01570473 2.09397237
-0.06161012 -0.02612256 2.14782135
-0.09568542 -0.02572470 2.08399347
-0.11951476 -0.04186462 2.04291664
-0.04767382 0.00885429 2.15123401
-0.08505430 -0.02400588 2.10589336
-0.07553409 -0.02328646 2.11156886
-0.10568519 -0.06273736 2.07141831
-0.08720705 -0.03338409 2.09545892
-0.07307142 -0.02695382 2.09755403
-0.04557480 -0.02971602 2.13320959
-0.03244979 -0.03478513 2.15331621
-0.07303524 -0.01555567 2.10833582
-0.06984474 -0.02666499 2.10858063
-0.03183250 -0.02482551 2.17110946
-0.05403311 -0.02546111 2.13740542
-0.06285475 -0.01533420 2.11949249
-0.13002913 0.00312401 2.09236586
-0.11006219 -0.01496249 2.08011730
-0.07777257 -0.01428637 2.10765956
-0.09439605 -0.02457755 2.08424954
-0.07073028 -0.02737314 2.14600188
-0.03952476 -0.02562820 2.12200726
-0.03945367 -0.04012874 2.15635847
-0.08181538 -0.02794399 2.08742600
-0.18238701 -0.04500215 2.01528623
-0.05764088 -0.02222908 2.08617129
-0.04775551 -0.02761893 2.14359942
-0.04223370 -0.03351062 2.12130082
-0.06460791 -0.02946881 2.07184946
-0.04600955 -0.03389411 2.10573493
-0.06554450 -0.01283831 2.12157900
-0.05880827 -0.02893259 2.12169305
-0.04171083 -0.02280473 2.14047580
-0.03496557 -0.02654067 2.13487485
-0.04124344 -0.02488673 2.13758215
-0.11002545 -0.01582142 2.08207072
-0.05330757 -0.01396376 2.13188358
-0.04054975 -0.02889997 2.14308047
-0.04958913 -0.02835989 2.15132956
-0.05142743 -0.03935201 2.12374418
-0.05303823 -0.02303819 2.11747448
-0.06600962 -0.03038391 2.08478208
-0.06175268 -0.01960530 2.13336832
-0.03192009 -0.02315078 2.13792245
-0.07778837 -0.02839070 2.09480341
-0.03525178 -0.01777370 2.15446337
-0.09462370 -0.03459573 2.07151021
-0.10836620 -0.03750397 2.04363444
-0.08783991 -0.02304221 2.08509042
-0.07069319 -0.02913292 2.10425085
-0.07652801 -0.03129380 2.10461409
-0.08294683 -0.01778851 2.08928988
-0.09345830 -0.00479496 2.08657165
-0.08543278 -0.01924127 2.12407577
-0.05944888 -0.01676534 2.16034039
-0.07084388 -0.02040190 2.10540564
-0.10335543 -0.02695567 2.07347603
-0.09526686 -0.01026841 2.13345770
-0.10033904 -0.03178836 2.11752533
-0.07451901 -0.02901719 2.12808365
-0.08240718 -0.03990701 2.07885647
-0.08263036 -0.02939155 2.10625114
-0.06879813 -0.02958466 2.10011636
-0.04556989 -0.02625837 2.15225540
-0.06312581 -0.02524265 2.11719552
-0.07892291 -0.03061938 2.11310620
-0.08275059 -0.02497734 2.11556400
-0.06032425 -0.03135423 2.12815153
-0.11300426 -0.03768887 2.03736232
-0.08260837 -0.03092538 2.09713195
-0.05847713 -0.02555643 2.14833833
-0.05848604 -0.02516861 2.10463563
-0.07350353 -0.02854226 2.10577923
-0.05485109 -0.03070552 2.12384698
-0.05258367 -0.03144728 2.12706026
-0.07639021 -0.02422999 2.10857484
-0.05362359 -0.03009724 2.12392367
-0.04263717 -0.02736186 2.13719865
-0.04006382 -0.03300819 2.14770254
-0.09216337 -0.04512490 2.08485451
-0.07539398 -0.03083083 2.07888089
-0.08681034 -0.03715490 2.07385310
-0.06264960 -0.03194336 2.11070009
-0.03677245 -0.02710148 2.16234901
-0.01489771 -0.03450355 2.18307362
-0.05911607 -0.02317903 2.10825195
-0.03901184 -0.02602339 2.15619609
-0.07108731 -0.02583748 2.03636928
-0.04783448 -0.02354669 2.12624849
-0.07917464 -0.02735289 2.04011736
-0.08120979 -0.03976835 2.05811386
-0.01653086 -0.01604279 2.15388879
-0.02791455 -0.02225832 2.16966013
-0.04623973 -0.02429339 2.11203137
-0.02381549 -0.02960467 2.09257810
-0.02237404 -0.01743169 2.18158912
-0.06744447 -0.02302663 2.10654940
-0.11114807 -0.04198899 2.02078443
-0.05648281 -0.03425253 2.08159403
-0.02508473 -0.02702688 2.15028431
-0.05934194 -0.03108985 2.10755913
-0.07852627 -0.02993999 2.07049298
-0.05649870 -0.02374809 2.10839719
-0.07382815 -0.02145437 2.09846299
-0.08455181 -0.00996187 2.07644408
-0.09666987 -0.00849000 2.11437888
-0.09557267 -0.01713259 2.07114520
-0.06453531 -0.00833205 2.14093851
-0.05896538 -0.01642263 2.14428981
-0.09284031 -0.02626634 2.09752328
-0.04285598 -0.01890987 2.15777630
-0.04849578 -0.02044526 2.11033798
-0.06548452 -0.04489268 2.09904098
-0.10945229 -0.02639605 2.06311211
-0.11690932 -0.04135988 2.03387087
-0.06555683 -0.02912045 2.11134208
-0.06428558 -0.02739898 2.07854653
-0.04062477 -0.02510941 2.13626523
-0.04770498 -0.02522898 2.12631342
-0.05007435 -0.02744248 2.10147823
-0.04537539 -0.02503798 2.13361320
-0.07355772 -0.01602508 2.11700210
-0.08449815 -0.02566801 2.07560305
-0.06330816 -0.02767457 2.11646857
-0.12218526 -0.05749630 1.99509178
-0.08230717 -0.02187577 2.10100399
-0.08464255 -0.02202758 2.10700647
-0.09996648 -0.04248692 2.05668534
-0.08619634 -0.03151865 2.06410581
-0.07104631 -0.03484596 2.09171904
-0.02223365 -0.02453205 2.10278503
-0.03633779 -0.03220494 2.14726816
-0.05990600 -0.02395171 2.12871180
-0.04068007 -0.02932980 2.13132256
-0.07713679 -0.02103120 2.09622411
-0.04915932 -0.03028351 2.12325686
-0.10360233 -0.02453548 2.06514149
-0.03768111 -0.00747071 2.15493883
-0.04073918 -0.03242114 2.13200459
-0.02880964 -0.02651635 2.15330306
-0.02498719 -0.02255757 2.15824978
-0.03327018 -0.02809712 2.14167796
-0.03845808 -0.02364426 2.13282998
-0.04368241 -0.02039070 2.13487366
-0.07708191 -0.03272220 2.10874535
-0.05553141 -0.01756759 2.11471897
-0.04994889 -0.02526429 2.11341229
-0.05737648 -0.02908273 2.10978969
-0.05929576 -0.03065402 2.08195240
-0.11552342 -0.03441615 2.01543588
-0.06683630 -0.02714889 2.09462760
-0.04766713 -0.02303251 2.13686847
-0.02057513 -0.03475521 2.11267711
-0.05244671 -0.02754769 2.07099792
-0.08214154 -0.00941653 2.06127290
-0.12878203 -0.04414799 1.99173100
-0.14919946 -0.06020084 1.94223320
-0.11296424 -0.01823547 2.01937793
-0.08462823 -0.01668658 2.05429431
-0.08527015 -0.03666673 2.05563218
-0.06400598 -0.02981444 2.09646741
-0.06396317 -0.02433232 2.12665732
-0.08219013 -0.03641630 2.06000749
-0.03520359 -0.03699109 2.09486245
-0.08450163 -0.02441323 2.08528822
-0.05881021 -0.03331316 2.09593555
-0.05875517 -0.03877609 2.10872484
-0.05298741 -0.02042535 2.12774777
-0.11835969 -0.04143420 2.01645238
-0.08078254 -0.03161532 2.07754393
-0.09111423 -0.02180816 2.10957522
-0.00485460 -0.02878891 2.17840859
-0.10723643 -0.02227653 2.01632080
-0.04061159 -0.03563716 2.08399555
-0.04240310 -0.03670938 2.10184523
-0.05657144 -0.01994474 2.10723131
-0.02986097 -0.03453638 2.14239612
-0.04406384 -0.02799789 2.07394201
-0.01301633 -0.03379572 2.12063641
-0.04672768 -0.01841685 2.12492191
-0.09256811 -0.01729893 2.08551973
-0.05545672 -0.02290807 2.11892674
-0.04507664 -0.02195729 2.13377680
-0.07149708 -0.02387220 2.08025335
-0.05301065 -0.02149174 2.10310579
-0.04041973 -0.02716810 2.12618882
-0.03643232 -0.02401785 2.15116314
-0.06979600 -0.02559849 2.11394630
-0.06840575 -0.03463138 2.09269775
-0.03472142 -0.02483783 2.12513174
-0.02371784 -0.02317018 2.13932742
-0.02831855 -0.03023429 2.15684631
-0.05601729 -0.01805576 2.09513710
-0.02132906 -0.02503194 2.14881815
-0.05315482 -0.03186829 2.10495260
-0.05211217 -0.02794292 2.10503489
-0.05308183 -0.02275176 2.09794373
-0.03805378 -0.02420747 2.08977784
-0.04697967 -0.02626600 2.11716515
-0.06074212 -0.02490641 2.09874417
-0.06659391 -0.03416430 2.09063091
-0.04229203 -0.02849762 2.12421171
-0.07386829 -0.02886321 2.08709542
-0.07387727 -0.02709297 2.09831159
-0.05207920 -0.03038696 2.11582573
-0.06467129 -0.04219891 2.07760486
-0.06781562 -0.02185671 2.11874218
-0.05388486 -0.03124927 2.12228876
-0.05400673 -0.02488578 2.11680044
-0.07312611 -0.01369231 2.11680846
-0.04893252 -0.02948955 2.12445857
-0.04399491 -0.03104915 2.15005977
-0.05407271 -0.03071751 2.13123355
-0.03942165 -0.02757063 2.12826724
-0.04639351 -0.02985311 2.14588436
-0.03777342 -0.01975055 2.13735784
-0.04135224 -0.02452546 2.14448249
-0.05947626 -0.02727339 2.09590738
-0.06699462 -0.02888699 2.09495773
-0.07358172 -0.03067719 2.11050970
-0.08022362 -0.02538545 2.08779617
-0.07584889 -0.02171627 2.10814684
-0.05917467 -0.02431300 2.13604805
-0.05579335 -0.02291816 2.11063435
-0.04543180 -0.02770552 2.13961982
-0.04264814 -0.02519289 2.11650606
-0.05441092 -0.02767455 2.10190248
-0.05441753 -0.03312124 2.11868994
-0.04071140 -0.03191269 2.14255377
-0.05324200 -0.03192731 2.11996212
-0.04764619 -0.03144104 2.14222912
-0.04270086 -0.03600463 2.15192584
-0.02632339 -0.02923937 2.16819185
-0.08868359 -0.02466406 2.08973158
-0.02168192 -0.04107471 2.16047532
-0.03908401 -0.02637924 2.15009240
-0.04501469 -0.03889961 2.13106092
-0.03725989 -0.03739887 2.15673343
-0.04861491 -0.03655511 2.13556591
-0.03176726 -0.03156335 2.15086154
-0.02460296 -0.02402945 2.16351161
-0.06328119 -0.03147611 2.11083970
-0.04085537 -0.02644475 2.16016872
-0.02866720 -0.02966829 2.14699397
-0.02755440 -0.03212000 2.15101166
-0.03720283 -0.01679248 2.15372727
-0.01613874 -0.02862482 2.13798437
-0.04841352 -0.02905176 2.14108712
-0.03821443 -0.04373547 2.13971648
-0.03543424 -0.04012379 2.13968324
-0.02458956 -0.03668103 2.13951280
-0.03132010 -0.02955861 2.14571142
-0.04926337 -0.02657031 2.13376963
0.00523600 -0.01250801 2.18902162
-0.09382092 -0.04550756 2.16792782
-0.04480870 -0.03077852 2.15098858
-0.06068482 -0.03366015 2.12365503
-0.04783917 -0.03632987 2.13197335
-0.03878046 -0.02732543 2.14356568
-0.03681567 -0.02818646 2.14968535
-0.03482297 -0.03227084 2.15048591
-0.06907955 -0.04005797 2.10308172
-0.07792948 -0.06318174 2.10460295
-0.06818485 -0.04014904 2.11910703
0.01219009 -0.04458764 2.17761490
-0.01923478 -0.03795799 2.16043837
-0.01430191 -0.03217681 2.16432809
-0.05078624 -0.03224722 2.12552405
-0.01379070 -0.04286144 2.17463653
-0.07568153 -0.03297775 2.09527883
-0.03811537 -0.02275735 2.16472188
-0.03066655 -0.02833068 2.12408159
-0.05037322 -0.03484203 2.09514130
0.00457187 -0.03424668 2.17924992
-0.02448481 -0.04636293 2.12913417
-0.00085333 -0.05230076 2.19244484
-0.02834714 -0.03789768 2.13300442
-0.04003101 -0.03397352 2.14393607
-0.04421319 -0.03826904 2.14154945
-0.03016578 -0.04018828 2.16831215
0.00174949 -0.04512509 2.17344090
-0.06397245 -0.03247289 2.12052578
-0.06532887 -0.03641659 2.13198255
-0.03854930 -0.02559373 2.15377193
-0.03855367 -0.03166616 2.15333050
-0.03508467 -0.01908405 2.14695585
-0.03894329 -0.02671811 2.14666443
-0.05303840 -0.05204403 2.14577009
-0.04392749 -0.03092678 2.13984630
-0.05077680 -0.03140944 2.14977391
-0.04686300 -0.02909860 2.13949686
-0.06021716 -0.02426115 2.15266142
-0.04901611 -0.02708801 2.11082984
-0.05724790 -0.03348385 2.15318259
-0.03999189 -0.02705867 2.15617049
-0.04033186 -0.02117562 2.14059403
-0.03534687 -0.05496838 2.16121335
-0.11927704 -0.02718454 2.10423412
-0.01878409 -0.05257597 2.17529151
-0.05131424 -0.03070958 2.14494108
-0.06846838 -0.03123473 2.13228099
-0.04403525 -0.02708340 2.15360177
-0.06544263 -0.02794085 2.13663185
-0.03866859 -0.02745533 2.16548808
-0.07000716 -0.02538164 2.12306614
-0.05305375 -0.02895794 2.14802667
-0.06230799 -0.03190600 2.12925116
-0.04889395 -0.06748403 2.15148413
-0.01743198 -0.03259986 2.16468771
-0.04671045 -0.04345700 2.14580100
-0.02000832 -0.02380613 2.18180212
-0.01776800 -0.03376712 2.18930000
-0.02303522 -0.05245178 2.17650072
-0.02508369 -0.03676707 2.18014958
-0.04097787 -0.03271832 2.17103298
-0.03541229 -0.06082277 2.17354540
-0.01408976 -0.04487064 2.19277909
-0.03527710 -0.04743912 2.17625143
-0.01577195 -0.05578655 2.18444680
-0.02117140 -0.04621621 2.18572040
-0.02443297 -0.04087862 2.19668425
-0.01038629 -0.03857156 2.17247107
-0.04019312 -0.02609946 2.16503594
-0.01227678 -0.03249907 2.18843723
-0.02840316 -0.03149568 2.19135986
-0.06345036 -0.02992564 2.15353749
-0.02877862 -0.03089666 2.18587690
-0.01928010 -0.03302785 2.19448965
-0.04106060 -0.03941218 2.16103433
-0.03751606 -0.03066918 2.18152380
-0.04283700 -0.02877594 2.17789965
-0.03848718 -0.03006774 2.16556484
-0.02949945 -0.02710138 2.16249104
-0.04243761 -0.02028306 2.18187242
-0.02575140 -0.02398758 2.17910050
-0.02207327 -0.03019438 2.19459115
0.01655610 -0.05622265 2.23210506
-0.03808046 -0.03426785 2.17267018
-0.03013279 -0.02096254 2.20164141
-0.01087277 -0.04298808 2.20575963
-0.04864227 -0.02746039 2.18844889
0.01253972 -0.02388302 2.22620634
-0.07756392 -0.02322890 2.19343301
-0.00201561 -0.03152270 2.22739148
-0.04263624 -0.03315333 2.17437134
-0.02625078 -0.02632262 2.19357655
-0.03909967 -0.03004749 2.18755489
-0.02809092 -0.02992868 2.19471635
-0.09634456 -0.05012858 2.12197785
-0.02384133 -0.02688443 2.21501440
-0.02419259 -0.02731696 2.20967566
-0.02945633 -0.03039935 2.20035946
-0.03617987 -0.04959304 2.20454916
-0.02922960 -0.03019489 2.20859947
-0.05179979 -0.05746966 2.19415865
-0.03286883 -0.03351465 2.20808232
-0.02648137 -0.05869773 2.21503091
-0.03755209 -0.02938041 2.21140155
-0.07231748 -0.02705496 2.16867505
-0.06033698 -0.02729841 2.17785014
-0.10066112 -0.03572490 2.14029177
-0.06638162 -0.02815670 2.17158948
-0.06920975 -0.04086018 2.15337169
-0.04003006 -0.03434223 2.18658705
-0.04471078 -0.02194457 2.17796448
-0.04505254 -0.02671078 2.17849116
-0.05421482 -0.02888913 2.15771167
-0.07936217 -0.05460134 2.13380312
-0.05032137 -0.01426496 2.18917134
-0.03008023 -0.03635045 2.20235456
-0.01091827 -0.02534289 2.22155849
-0.06722265 -0.02870028 2.17879222
-0.05340536 -0.02893734 2.18456488
-0.04991148 -0.03070646 2.17043557
-0.03916373 -0.04210339 2.17699740
-0.04643641 -0.03991821 2.16865475
-0.05221519 -0.03238125 2.17740988
-0.01596571 -0.02497984 2.22328836
-0.01610080 -0.02271345 2.22877763
-0.04327634 -0.03738748 2.17990351
-0.02745244 -0.03578687 2.21492071
-0.03502511 -0.03742721 2.17901422
-0.02838022 -0.02551332 2.20121579
-0.04939996 -0.01642318 2.19779008
-0.03802419 -0.03368390 2.18814980
-0.04489436 -0.03136658 2.19993350
-0.01134093 -0.03453922 2.21871510
-0.02697932 -0.04710480 2.20966613
-0.03115700 -0.04677543 2.19524309
-0.05513085 -0.05252035 2.16843996
-0.04206850 -0.04010823 2.18918681
-0.02670167 -0.03736587 2.21047226
-0.03024689 -0.03299466 2.18168984
-0.02961626 -0.03615196 2.19612340
-0.02188656 -0.03341353 2.21079679
-0.02102138 -0.03587599 2.19103427
-0.08268726 -0.02973622 2.13133117
-0.09140056 -0.02286335 2.11555366
-0.08769662 -0.01928045 2.16953202
-0.09485710 -0.02095978 2.10451189
-0.10531048 -0.03674045 2.08133823
-0.08052784 -0.03339036 2.11560908
-0.06529685 -0.03216900 2.13700993
-0.06006743 -0.02633561 2.15216554
-0.02024415 -0.02927604 2.18176128
-0.03720911 -0.02774267 2.17588766
-0.03107171 -0.03250815 2.16235115
-0.03903962 -0.01960198 2.19572202
-0.01378040 -0.02265124 2.22344773
-0.07742368 -0.03418842 2.10846553
-0.05063792 -0.03287939 2.10512896
-0.01844327 -0.02348694 2.21029978
-0.04690647 -0.02804285 2.12998536
0.01856542 -0.03375496 2.26590681
-0.02673434 -0.02383000 2.20068452
-0.04853348 -0.03399590 2.14477477
-0.04143400 -0.02914004 2.15596003
-0.00842124 -0.03077667 2.21245477
0.04742631 -0.01665532 2.26093408
-0.03929769 -0.03203083 2.16769838
-0.02053010 -0.02788580 2.16143903
-0.01081430 -0.02742592 2.21902694
-0.03544203 -0.02654974 2.18692194
-0.03166031 -0.02807481 2.15766794
-0.02326651 -0.02859356 2.20361604
-0.03128712 -0.03098520 2.18863909
-0.04394341 -0.02901262 2.14871388
-0.02274007 -0.02615823 2.17206403
-0.02697764 -0.02506110 2.16782419
-0.02787475 -0.02821210 2.20337815
-0.00697027 -0.03236130 2.20192884
-0.01231236 -0.02091336 2.21525863
-0.04330247 -0.02823559 2.14465238
-0.04026538 -0.01663451 2.16887594
-0.04505994 -0.02501257 2.14670748
-0.03813045 -0.03381749 2.14090970
-0.02548531 -0.03554489 2.15679960
-0.04035187 -0.02970104 2.17735244
0.01510617 -0.02100500 2.21651869
-0.04189369 -0.02734092 2.13612095
-0.05607747 -0.03695406 2.11831355
-0.04697947 -0.02833191 2.13698968
-0.08582698 -0.03240218 2.10689208
-0.01354928 -0.06313700 2.18426405
-0.08489542 -0.03523810 2.13600503
-0.04845205 -0.03534091 2.12678632
-0.05008606 -0.02602337 2.14047532
-0.04662811 -0.04259897 2.16940501
-0.05571903 -0.04043480 2.12300055
-0.03715434 -0.04835945 2.13403238
-0.02100248 -0.02856167 2.13578924
-0.04749814 -0.03445600 2.12319673
-0.02509960 -0.03906758 2.15005947
-0.04164211 -0.02999437 2.14431751
-0.02116703 -0.04028818 2.15845971
-0.01073952 -0.02694334 2.18352512
-0.04896569 -0.04040133 2.13726668
-0.06144947 -0.03604446 2.14862041
-0.02785903 -0.01864147 2.14707426
-0.07217087 -0.02621173 2.08083996
-0.05891906 -0.03556326 2.11178185
-0.04155015 -0.03808030 2.11898303
-0.02748669 -0.02882039 2.11469405
-0.04412094 -0.04147551 2.08163659
-0.03872119 -0.03106726 2.12613314
-0.04656197 -0.03207612 2.11872273
-0.07240795 -0.04273870 2.05557408
-0.00345290 -0.01473887 2.20710048
-0.04035564 -0.02548107 2.13385061
-0.02790963 -0.02779818 2.16066927
-0.03996933 -0.03075320 2.15163510
-0.03972160 -0.03069532 2.14202713
-0.03860965 -0.03607717 2.14198218
-0.03025102 -0.03691130 2.14740259
-0.02839182 -0.03522912 2.15968163
-0.02439212 -0.03638823 2.15353855
-0.02972970 -0.03839321 2.16141878
-0.01301565 -0.02551868 2.19611577
-0.03244207 -0.02871824 2.16533804
-0.03465381 -0.03107063 2.15738921
-0.01807322 -0.03218001 2.18901117
-0.02949577 -0.03246479 2.17422744
-0.02623039 -0.02922740 2.18103697
-0.03556880 -0.03039276 2.16896087
-0.03880278 -0.03364618 2.16236809
-0.04952811 -0.03642350 2.16995907
-0.04951572 -0.02691332 2.19457790
-0.07101524 -0.02998606 2.14576236
-0.01203775 -0.02051311 2.18580888
-0.02907901 -0.02566239 2.21021568
-0.02548676 -0.01848241 2.19759230
-0.04343526 -0.03115289 2.17493565
-0.03351259 -0.02992353 2.19568617
-0.02282978 -0.03132918 2.16893535
-0.02650070 -0.02761779 2.18438130
-0.03402170 -0.03280869 2.17414921
-0.02535292 -0.03419603 2.16171316
-0.03220105 -0.03665721 2.15981548
-0.05983917 -0.03175272 2.15816157
-0.04777552 -0.04046110 2.16266718
-0.04539263 -0.03360882 2.16317233
-0.04655369 -0.03186387 2.16508746
-0.04018209 -0.04144071 2.16966130
-0.02688698 -0.02385662 2.19100024
-0.05434137 -0.03592195 2.15695945
-0.03689913 -0.03306764 2.19533403
-0.04537978 -0.03816847 2.15764219
-0.06039450 -0.03511549 2.14367128
-0.02123360 -0.03158883 2.17588933
-0.03148685 -0.02325154 2.18457212
-0.02478764 -0.03068542 2.17266556
-0.03661185 -0.04342152 2.15939428
-0.00347975 -0.02177140 2.22026361
-0.04972129 -0.03469056 2.15010075
-0.01959845 -0.03233749 2.19200452
-0.01839071 -0.03082407 2.19169226
-0.03564164 -0.02605288 2.18973073
-0.03580215 -0.03416099 2.16354361
-0.03421399 -0.04048431 2.18678596
-0.02120263 -0.01831842 2.20517432
-0.04472152 -0.02704323 2.17127044
-0.02999115 -0.02593315 2.20077515
-0.03294965 -0.02224272 2.18892032
-0.05491393 -0.03712291 2.13696198
-0.01856122 -0.02482145 2.22284301
-0.04657040 -0.02038138 2.15586705
-0.05954952 -0.03812240 2.13754732
-0.02011087 -0.03477622 2.17299132
-0.02741597 -0.02527051 2.20947665
-0.03852520 -0.03577598 2.16545342
-0.06425403 -0.03269704 2.12031172
-0.05770819 -0.03167201 2.15802917
-0.05477580 -0.02689790 2.16050812
-0.04192150 -0.01880273 2.19236132
-0.04055003 -0.03374527 2.15752634
-0.08681404 -0.03949923 2.10246647
-0.06439972 -0.03819837 2.13750510
-0.02556896 -0.03040353 2.20916496
-0.03186082 -0.03031385 2.18325398
-0.02965438 -0.02594665 2.18963727
-0.02632594 -0.02079306 2.19105000
-0.04510963 -0.03295451 2.14963338
-0.03970420 -0.03142051 2.16717700
-0.02908278 -0.03199066 2.19841482
-0.01777989 -0.02966428 2.18443771
-0.06537100 -0.01698218 2.14018035
-0.03527894 -0.03466485 2.16522948
-0.02075268 -0.02743613 2.19044100
-0.05267329 -0.06135077 2.12543564
-0.03139417 -0.03207020 2.18342071
-0.06220091 -0.04327981 2.01179274
-0.11517574 -0.04855474 2.06147209
0.00350866 -0.03127038 2.25033449
-0.01193294 -0.04790664 2.15396270
-0.03296828 -0.02825941 2.16271711
-0.04698926 -0.03664884 2.15602279
-0.09616046 -0.03237353 2.00663530
-0.03562642 -0.03232731 2.19167030
-0.01198028 -0.02934884 2.18601654
-0.02396652 -0.03875531 2.14762455
-0.02561194 -0.02510219 2.18471764
-0.04275767 -0.03659489 2.14409078
-0.05263074 -0.03396888 2.13991379
-0.09771905 -0.05448917 2.07040147
-0.01144080 -0.02898367 2.21384562
-0.04386945 -0.04097216 2.13388625
-0.01792479 -0.03242724 2.19380743
-0.07236979 -0.03245407 2.12395533
-0.01419256 -0.02134713 2.20347546
-0.01555940 -0.02522153 2.17651771
-0.02806900 -0.03700703 2.18489612
-0.06070471 -0.03387268 2.14450567
-0.07404387 -0.03407921 2.13758221
-0.07099998 -0.03333596 2.13963315
-0.09156482 -0.04177679 2.10349519
-0.06540258 -0.04072811 2.15192765
-0.09316346 -0.04301715 2.11621002
-0.12880137 -0.03333957 2.08658491
-0.08833954 -0.03417412 2.11137247
-0.03683530 -0.02700003 2.16853473
-0.04365140 -0.02676949 2.16751336
-0.03719648 -0.03177921 2.14884293
-0.04177165 -0.02523601 2.16638027
-0.01899919 -0.02750521 2.22039131
-0.03786893 -0.02763127 2.15189025
-0.02233134 -0.02580074 2.17695299
-0.00727264 -0.02262855 2.21635160
-0.02409656 -0.02822302 2.16566056
-0.01148843 -0.02641261 2.20238929
0.02026490 -0.03893574 2.22530795
-0.02438146 -0.02285871 2.17106859
0.00975167 -0.02432613 2.19749240
-0.00345680 -0.02932708 2.19355156
-0.00197695 -0.01529580 2.21091020
-0.03736673 -0.02927896 2.14580732
-0.02749665 -0.02818951 2.15225666
-0.01034482 -0.02752753 2.19427726
-0.00394639 -0.02155841 2.18108762
-0.01314540 -0.02625731 2.18564593
-0.01678500 -0.02067214 2.19185339
-0.03716525 -0.02908383 2.14115829
0.02994808 -0.00568127 2.25524995
-0.01451575 -0.02779220 2.15428865
-0.11179514 -0.04720676 1.97913346
-0.13976808 -0.05806218 1.98512894
-0.00367047 -0.01014852 2.15149493
-0.06941518 -0.03788885 2.11824624
-0.07646466 -0.04298031 2.09238984
-0.07299916 -0.03947561 2.10445836
-0.01248437 -0.03352027 2.15528480
-0.01661793 -0.02759127 2.16966612
-0.08074249 -0.03380641 2.09244198
-0.04182079 -0.03557060 2.13464021
-0.00554575 -0.02575068 2.21043361
-0.02289614 -0.03126655 2.17954725
-0.02089963 -0.03085272 2.16107493
0.00595454 -0.02368387 2.19190903
-0.02977321 -0.03004156 2.14155391
-0.03491043 -0.03320609 2.12623519
-0.09118130 -0.03494813 2.08611367
-0.15901141 -0.06030109 1.93200690
-0.03700102 -0.02788409 2.14290957
-0.08470389 -0.03733682 2.07893600
-0.11774616 -0.06370072 2.05698920
-0.11406211 -0.03085775 2.08164548
-0.09281249 -0.02733886 2.12040030
-0.05345062 -0.03515010 2.10963344
-0.04278433 -0.03346487 2.14499582
-0.12466037 -0.05033936 1.97523875
-0.18693957 -0.02186623 1.87322170
-0.10980404 -0.01595985 1.98478902
-0.01615887 -0.02307796 2.16411603
-0.04174486 -0.03716998 2.11603797
-0.01602693 -0.02538476 2.17400401
-0.02393672 -0.02466578 2.17440014
-0.03415343 -0.03050678 2.13805247
0.00880316 -0.02515233 2.19295481
-0.01672201 -0.02800156 2.15934212
-0.00153239 -0.03007195 2.20031841
-0.03932446 -0.03250814 2.12315096
-0.06910673 -0.04277048 2.07643607
-0.09129124 -0.03548329 2.02242238
-0.02387596 -0.01542489 2.16380533
-0.02856495 -0.03653836 2.16751651
-0.03200583 -0.03492143 2.14204416
-0.01131419 -0.03242831 2.16038108
-0.00751194 -0.02951063 2.17250133
-0.02857545 -0.03114142 2.14192361
-0.03440987 -0.03425157 2.13169197
-0.02452917 -0.04023743 2.12736720
-0.02774776 -0.03063109 2.15637425
-0.01591449 -0.02751972 2.15390019
-0.02325415 -0.03338840 2.14338465
-0.02535201 -0.03180168 2.14983149
-0.03305141 -0.02622427 2.16055573
-0.11617332 -0.03951423 2.01760625
-0.07137040 -0.03643986 2.04932743
-0.04282887 -0.03898958 2.13260233
-0.04096565 -0.02882837 2.12689535
-0.03108284 -0.04229133 2.13493722
-0.01659449 -0.02695465 2.16765604
-0.01592295 -0.01335895 2.18951076
-0.04762430 -0.02865130 2.16129545
-0.07035708 -0.04477864 2.10673761
-0.06628368 -0.04695813 2.10144442
-0.05212398 -0.03346757 2.11635173
-0.03776018 -0.03045899 2.16900974
-0.06067202 -0.03128497 2.12314522
-0.04090687 -0.03342335 2.12049693
-0.03692229 -0.02988930 2.15169540
-0.04938203 -0.03166803 2.12587101
-0.02864766 -0.02691788 2.18992502
-0.02792125 -0.03095023 2.14985266
-0.02559300 -0.02888525 2.19418082
-0.03350466 -0.02241511 2.15801669
-0.00275849 -0.01941681 2.20621091
-0.01451867 -0.02340460 2.20476603
-0.02789097 -0.02657339 2.15639059
-0.02397371 -0.02393174 2.17712363
-0.01128786 -0.03085900 2.20226004
-0.01226664 -0.02779012 2.19600968
-0.01510112 -0.02879910 2.19335907
-0.02856089 -0.02522233 2.17108704
-0.02609503 -0.02691101 2.15078409
-0.03646184 -0.04008125 2.13287842
-0.03450377 -0.03308641 2.15901579
-0.05749136 -0.03103361 2.14216257
-0.04100484 -0.02298612 2.13972750
-0.01738003 -0.02980189 2.18645443
-0.02659756 -0.02297098 2.16590784
-0.04297798 -0.02614931 2.17564822
-0.01591901 -0.02745720 2.19889749
-0.01544368 -0.02454424 2.18176764
-0.01468551 -0.02890687 2.20415535
-0.01915690 -0.03027745 2.18004803
-0.04994626 -0.03551004 2.14227144
-0.01044701 -0.02434737 2.21870758
-0.07477319 -0.04766424 2.08557766
-0.05089481 -0.04719032 2.09806214
-0.05286071 -0.03204808 2.13557674
-0.02126489 -0.02834116 2.17968258
-0.03251999 -0.02491299 2.19312760
-0.07336514 -0.04142697 2.11172060
-0.06371256 -0.03082707 2.13849020
-0.02026842 -0.03230353 2.15685651
-0.01649656 -0.03368630 2.17328718
-0.01890087 -0.02897364 2.18948908
-0.01253825 -0.01502348 2.19342551
-0.01430772 -0.02354977 2.19045755
-0.04793509 -0.02790575 2.15098958
-0.03285840 -0.02487487 2.17398190
-0.02021209 -0.03199897 2.17748738
-0.02178774 -0.03370163 2.16595501
-0.03519925 -0.01709259 2.17554960
-0.05887641 -0.03294896 2.13710541
-0.03331357 -0.03121670 2.15902271
-0.02306890 -0.03747938 2.17273551
-0.03025517 -0.03139123 2.18827774
-0.03776136 -0.02565161 2.17688388
-0.10919818 -0.04242580 2.03914393
-0.03496427 -0.03480953 2.16455002
-0.02959622 -0.02931785 2.18362699
-0.03733765 -0.03070253 2.17748071
-0.01346921 -0.03834973 2.22044454
-0.03160024 -0.03311772 2.16481623
-0.02844068 -0.02793754 2.18780922
-0.03663960 -0.02669153 2.16841212
-0.04221924 -0.02936713 2.17314955
-0.02444971 -0.02438837 2.17975575
-0.02804739 -0.02521200 2.20315372
-0.01828063 -0.02108764 2.19466666
-0.04059688 -0.02570524 2.16459306
-0.06839977 -0.03076288 2.09851795
-0.04598874 -0.03072001 2.13420508
-0.21664612 -0.04056343 1.95413389
-0.15010725 -0.03015814 2.03088671
-0.03254836 -0.02634042 2.18438060
-0.05628502 -0.02994585 2.14132211
-0.04122044 -0.03091976 2.18373393
-0.03547265 -0.02615202 2.17500974
-0.01526125 -0.02448792 2.17856423
-0.01449122 -0.02717698 2.20359040
-0.04770083 -0.02742814 2.15761599
-0.05286607 -0.03496387 2.14193303
-0.02311350 -0.01214836 2.15712807
-0.01534888 -0.02621451 2.19059070
-0.04701048 -0.03713010 2.16641127
-0.07693166 -0.03614550 2.13592362
-0.02288767 -0.03333697 2.18513897
-0.09067812 -0.02748132 2.03155639
-0.04698015 -0.06369461 2.10848886
-0.03154277 -0.03720432 2.12864390
-0.04337831 -0.03004759 2.15871846
-0.03378229 -0.03933457 2.14688012
-0.03133318 -0.03364441 2.17447409
-0.04463533 -0.03273975 2.13308679
-0.00313429 -0.03936237 2.17889334
-0.06508264 -0.05402213 2.07362538
-0.06730757 -0.05140375 2.05619195
-0.03987698 -0.05341651 2.13480199
-0.04016628 -0.03799290 2.12287425
-0.03145980 -0.02700331 2.14182451
-0.03303468 -0.04081976 2.07930905
-0.06211252 -0.02854408 2.03694593
0.00564812 -0.02133313 2.17309435
-0.02173386 -0.02239152 2.17641668
-0.05231869 -0.02141237 2.10154409
-0.05467216 -0.04434048 2.04108447
-0.05404446 -0.03945517 2.03639821
-0.03143060 -0.02278644 2.07869405
-0.02635944 -0.02981222 2.11523609
-0.10709543 -0.03132871 2.03968283
-0.09522720 -0.03636309 2.04009038
-0.10398226 -0.03473997 1.98441888
-0.06938380 -0.03201997 2.05369773
-0.13387484 -0.04190472 1.97540522
-0.08471559 -0.03182934 2.04057579
-0.05188210 -0.02552108 2.12727296
-0.09687043 -0.03953479 2.01437280
-0.05216608 -0.02473898 2.14765841
-0.03799535 -0.03140116 2.15049892
-0.05399287 -0.03306626 2.10983992
-0.05003945 -0.03145253 2.11945774
-0.05637302 -0.02504133 2.09948784
-0.04573166 -0.02727685 2.13716185
-0.03455762 -0.02895309 2.14058345
-0.05099079 -0.02545009 2.11071501
-0.05032161 -0.02458906 2.13579559
-0.02808430 -0.03218523 2.15048888
-0.03606096 -0.02976760 2.14242942
-0.07930487 -0.03403552 2.09077860
-0.07802859 -0.03537807 2.11649027
-0.07239498 -0.02327821 2.12990470
-0.03250672 -0.03359142 2.13882736
-0.04318526 -0.03036082 2.13029508
-0.08849005 -0.03030829 2.09639825
-0.10483912 -0.02095105 2.07613135
-0.04451957 -0.02930121 2.16539686
-0.04846758 -0.02904752 2.14090584
-0.05805895 -0.02860646 2.14725530
-0.06193406 -0.03135462 2.11768886
-0.03995002 -0.03154476 2.12181460
-0.02435806 -0.02621327 2.15822190
-0.03145162 -0.03241289 2.10985977
-0.04020925 -0.02937850 2.14665524
-0.03547401 -0.03461898 2.16028323
-0.05987001 -0.03032772 2.13004319
-0.03481950 -0.02907429 2.16944154
-0.04398314 -0.02798834 2.13854921
-0.03108411 -0.03217720 2.13802311
-0.04231409 -0.03405938 2.12217956
-0.03781726 -0.03329636 2.14728507
-0.04535675 -0.02734471 2.11101206
-0.03114447 -0.02031255 2.16115037
-0.03442351 -0.02478695 2.14051903
-0.05700910 -0.02699176 2.10467512
-0.08970556 -0.01668384 2.04366122
-0.02859357 -0.02531999 2.15301301
-0.08332184 -0.01759795 2.06095309
-0.05279043 -0.02895939 2.16008888
-0.04416068 -0.02869435 2.13651875
-0.10420612 -0.03851364 2.06240262
-0.05555709 -0.03053686 2.07593312
-0.05017566 -0.03449335 2.12175422
-0.04827515 -0.03455910 2.12733520
-0.06940585 -0.03144579 2.10522788
-0.08020579 -0.03276221 2.09307270
-0.05721150 -0.03148282 2.12369158
-0.06123168 -0.03168989 2.12299711
-0.08148803 -0.02544237 2.10528695
-0.11274625 -0.02911752 2.08897665
-0.09493892 -0.02362484 2.07970842
-0.07924970 -0.03298230 2.08935776
-0.05220053 -0.03086911 2.14872329
-0.08913180 -0.02993224 2.08651864
-0.07112502 -0.03397937 2.10497844
-0.05687443 -0.03591356 2.11045324
-0.10144064 0.00253609 2.06646540
-0.06986218 -0.02503476 2.11818327
-0.06884140 -0.02706311 2.11633961
-0.06926356 -0.02224597 2.10148468
-0.08730691 -0.02385055 2.06062711
-0.10028896 -0.03732001 2.10392636
-0.07871486 -0.03436526 2.09483729
-0.08247663 -0.02855963 2.12585688
-0.12257117 -0.04336343 2.08226043
-0.08213818 -0.01547052 2.12435847
-0.09226984 -0.01103770 2.08347593
-0.06328578 -0.01691907 2.13208477
-0.05914366 -0.02694080 2.12531282
-0.07433644 -0.03571375 2.08658533
-0.12846520 -0.03296296 1.98035939
-0.09596142 -0.03904064 1.99349212
-0.10562278 -0.03116873 2.06447292
-0.10376389 -0.04200680 2.05507469
-0.08851436 -0.06108136 2.00014706
-0.07463555 -0.02971616 2.06487070
-0.08873127 -0.03022000 2.04836350
-0.08555540 -0.03959587 2.02937072
-0.13684035 -0.04661290 1.99441037
-0.10989185 -0.04939138 2.03424540
-0.08711605 -0.04056917 2.06961932
-0.09320918 -0.04232867 2.04726542
-0.05553281 -0.03838898 2.11211706
-0.07136821 -0.03707027 2.09680536
-0.09754791 -0.04205038 2.05629571
-0.10351203 -0.03071377 2.07029820
-0.10653429 -0.03837084 2.01554544
-0.09618475 -0.03477472 2.04966020
-0.09038837 -0.02264026 2.11602119
-0.11353150 -0.01862535 2.06234116
-0.06998325 -0.02237695 2.11405092
-0.07207567 -0.02430341 2.12708402
-0.06836228 -0.03843527 2.09606561
-0.02342332 -0.03685363 2.17181334
-0.01078468 -0.01022195 2.21460338
-0.07773186 -0.04394219 2.06540434
-0.05342948 -0.03562231 2.13410212
-0.12912359 -0.05277688 2.01091117
-0.11144800 -0.03928427 2.06640124
-0.08310012 -0.03705760 2.08379252
-0.04351792 -0.03152054 2.15109644
-0.06643306 -0.02552059 2.10340274
-0.07081933 -0.03608500 2.09225225
-0.05088783 -0.03492289 2.11895502
-0.04408655 -0.03431957 2.15454521
-0.08934659 -0.02732106 2.06490196
-0.04386686 -0.01834042 2.16155007
-0.09330952 -0.04139055 2.07038196
-0.06680861 -0.03217520 2.10665486
-0.04334595 -0.02980133 2.14095870
-0.03884125 -0.02927228 2.12366786
-0.06004670 -0.03201595 2.09241147
-0.05850830 -0.03667087 2.10007374
-0.00742363 -0.05811637 2.16565534
-0.05007338 -0.04468907 2.11697297
-0.08575107 -0.04035535 2.08881203
-0.04442290 -0.03681876 2.12995117
0.01182759 0.05332946 -0.28307211
0.00000000 0.00000000 0.00000000
0.00000000 0.00000000 0.00000000
0.11358216 0.03005733 -0.25069250
0.00000000 0.00000000 0.00000000
0.00000000 0.00000000 0.00000000
0.01087718 0.03817054 -0.31170381
0.00000000 0.00000000 0.00000000
0.00000000 0.00000000 0.00000000
0.00000000 0.00000000 0.00000000
0.00000000 0.00000000 0.00000000
0.00000000 0.00000000 0.00000000
0.00000000 0.00000000 0.00000000
0.00000000 0.00000000 0.00000000
0.00000000 0.00000000 0.00000000
0.00000000 0.00000000 0.00000000
0.00000000 0.00000000 0.00000000
0.00000000 0.00000000 0.00000000
0.00000000 0.00000000 0.00000000
0.00000000 0.00000000 0.00000000
-0.11054232 0.03564443 -0.28612636
-0.09617305 -0.00437963 -0.29720559
-0.14145810 -0.07327438 -0.22845602
0.00000000 0.00000000 0.00000000
0.00000000 0.00000000 0.00000000
0.00000000 0.00000000 0.00000000
-0.00760689 0.03104913 -0.31530690
-0.00238284 0.03531872 -0.30499180
0.01607489 -0.00212815 -0.31644390
0.00174962 -0.01524172 -0.31791944
0.00000000 0.00000000 0.00000000
-0.01571517 0.01144568 -0.33348187
-0.02203598 0.00879611 -0.30453998
-0.04029833 0.00200539 -0.31457296
0.01353996 -0.04646168 -0.30744220
0.00000000 0.00000000 0.00000000
0.00000000 0.00000000 0.00000000
-0.07791518 0.01635133 -0.30633985
0.00000000 0.00000000 0.00000000
0.03019366 0.05872357 -0.29015683
0.00000000 0.00000000 0.00000000
0.00000000 0.00000000 0.00000000
-0.06780363 -0.00601720 -0.33480461
-0.03419457 0.00756199 -0.28946551
-0.07603401 -0.03264033 -0.29842424
0.01145553 0.00634937 -0.28720735
0.00248596 0.07883144 -0.28312933
0.00000000 0.00000000 0.00000000
0.00000000 0.00000000 0.00000000
0.00000000 0.00000000 0.00000000
-0.01766943 0.02223636 -0.30383917
-0.00055552 -0.01429393 -0.30035385
0.03788009 -0.09897566 -0.29463882
-0.01688448 0.01007952 -0.32173289
-0.05893533 0.02130889 -0.32640174
0.00000000 0.00000000 0.00000000
0.00000000 0.00000000 0.00000000
0.00000000 0.00000000 0.00000000
0.00000000 0.00000000 0.00000000
0.00000000 0.00000000 0.00000000
0.00000000 0.00000000 0.00000000
0.00000000 0.00000000 0.00000000
0.00000000 0.00000000 0.00000000
0.00000000 0.00000000 0.00000000
-0.00104581 0.01297305 -0.30424663
0.00000000 0.00000000 0.00000000
0.00000000 0.00000000 0.00000000
0.00000000 0.00000000 0.00000000
0.00000000 0.00000000 0.00000000
0.00000000 0.00000000 0.00000000
0.00000000 0.00000000 0.00000000
0.00000000 0.00000000 0.00000000
0.00000000 0.00000000 0.00000000
0.00000000 0.00000000 0.00000000
0.00000000 0.00000000 0.00000000
0.00000000 0.00000000 0.00000000
0.00000000 0.00000000 0.00000000
0.00000000 0.00000000 0.00000000
0.00000000 0.00000000 0.00000000
0.00000000 0.00000000 0.00000000
0.00000000 0.00000000 0.00000000
0.00000000 0.00000000 0.00000000
0.00000000 0.00000000 0.00000000
0.00000000 0.00000000 0.00000000
0.00000000 0.00000000 0.00000000
0.00000000 0.00000000 0.00000000
0.00000000 0.00000000 0.00000000
0.00000000 0.00000000 0.00000000
0.00000000 0.00000000 0.00000000
0.00000000 0.00000000 0.00000000
0.00000000 0.00000000 0.00000000
0.00000000 0.00000000 0.00000000
0.00000000 0.00000000 0.00000000
0.00000000 0.00000000 0.00000000
0.00000000 0.00000000 0.00000000
0.00000000 0.00000000 0.00000000
0.00000000 0.00000000 0.00000000
0.00000000 0.00000000 0.00000000
0.00000000 0.00000000 0.00000000
0.00000000 0.00000000 0.00000000
0.00000000 0.00000000 0.00000000
0.00000000 0.00000000 0.00000000
0.00000000 0.00000000 0.00000000
0.00000000 0.00000000 0.00000000
0.00000000 0.00000000 0.00000000
0.00000000 0.00000000 0.00000000
0.00000000 0.00000000 0.00000000
0.00000000 0.00000000 0.00000000
0.00000000 0.00000000 0.00000000
0.00000000 0.00000000 0.00000000
0.00000000 0.00000000 0.00000000
0.00000000 0.00000000 0.00000000
0.00000000 0.00000000 0.00000000
0.00000000 0.00000000 0.00000000
0.00000000 0.00000000 0.00000000
0.00000000 0.00000000 0.00000000
0.00000000 0.00000000 0.00000000
0.00000000 0.00000000 0.00000000
0.00000000 0.00000000 0.00000000
0.00000000 0.00000000 0.00000000
0.00000000 0.00000000 0.00000000
0.00000000 0.00000000 0.00000000
0.00000000 0.00000000 0.00000000
0.00000000 0.00000000 0.00000000
0.00000000 0.00000000 0.00000000
0.00000000 0.00000000 0.00000000
0.00000000 0.00000000 0.00000000
0.00000000 0.00000000 0.00000000
0.00000000 0.00000000 0.00000000
0.00000000 0.00000000 0.00000000
0.00000000 0.00000000 0.00000000
0.00000000 0.00000000 0.00000000
0.00000000 0.00000000 0.00000000
0.00000000 0.00000000 0.00000000
0.00000000 0.00000000 0.00000000
0.00000000 0.00000000 0.00000000
0.00000000 0.00000000 0.00000000
0.00000000 0.00000000 0.00000000
0.00000000 0.00000000 0.00000000
0.00000000 0.00000000 0.00000000
0.00000000 0.00000000 0.00000000
0.00000000 0.00000000 0.00000000
0.00000000 0.00000000 0.00000000
0.00000000 0.00000000 0.00000000
0.00000000 0.00000000 0.00000000
0.00000000 0.00000000 0.00000000
0.00000000 0.00000000 0.00000000
0.00000000 0.00000000 0.00000000
0.00000000 0.00000000 0.00000000
0.00000000 0.00000000 0.00000000
0.00000000 0.00000000 0.00000000
0.00000000 0.00000000 0.00000000
0.00000000 0.00000000 0.00000000
0.00000000 0.00000000 0.00000000
0.00000000 0.00000000 0.00000000
0.00000000 0.00000000 0.00000000
0.00000000 0.00000000 0.00000000
0.00000000 0.00000000 0.00000000
0.00000000 0.00000000 0.00000000
0.00000000 0.00000000 0.00000000
0.00000000 0.00000000 0.00000000
0.00000000 0.00000000 0.00000000
0.00000000 0.00000000 0.00000000
0.00000000 0.00000000 0.00000000
0.00000000 0.00000000 0.00000000
0.00000000 0.00000000 0.00000000
0.00000000 0.00000000 0.00000000
0.00000000 0.00000000 0.00000000
0.00000000 0.00000000 0.00000000
0.00000000 0.00000000 0.00000000
0.00000000 0.00000000 0.00000000
0.00000000 0.00000000 0.00000000
0.00000000 0.00000000 0.00000000
0.00000000 0.00000000 0.00000000
0.00000000 0.00000000 0.00000000
0.00000000 0.00000000 0.00000000
0.00000000 0.00000000 0.00000000
0.00000000 0.00000000 0.00000000
0.00000000 0.00000000 0.00000000
0.00000000 0.00000000 0.00000000
0.00000000 0.00000000 0.00000000
0.00000000 0.00000000 0.00000000
0.00000000 0.00000000 0.00000000
0.00000000 0.00000000 0.00000000
0.00000000 0.00000000 0.00000000
0.00000000 0.00000000 0.00000000
0.00000000 0.00000000 0.00000000
0.00000000 0.00000000 0.00000000
0.00000000 0.00000000 0.00000000
0.00000000 0.00000000 0.00000000
0.00000000 0.00000000 0.00000000
0.00000000 0.00000000 0.00000000
0.00000000 0.00000000 0.00000000
0.00000000 0.00000000 0.00000000
0.00000000 0.00000000 0.00000000
0.00000000 0.00000000 0.00000000
0.00000000 0.00000000 0.00000000
0.00000000 0.00000000 0.00000000
0.00000000 0.00000000 0.00000000
0.00000000 0.00000000 0.00000000
0.00000000 0.00000000 0.00000000
0.00000000 0.00000000 0.00000000
0.00000000 0.00000000 0.00000000
0.00000000 0.00000000 0.00000000
0.00000000 0.00000000 0.00000000
0.00000000 0.00000000 0.00000000
0.00000000 0.00000000 0.00000000
0.00000000 0.00000000 0.00000000
0.00000000 0.00000000 0.00000000
0.00000000 0.00000000 0.00000000
0.00000000 0.00000000 0.00000000
0.00000000 0.00000000 0.00000000
0.00000000 0.00000000 0.00000000
0.00000000 0.00000000 0.00000000
0.00000000 0.00000000 0.00000000
0.00000000 0.00000000 0.00000000
0.00000000 0.00000000 0.00000000
0.00000000 0.00000000 0.00000000
0.00000000 0.00000000 0.00000000
0.00000000 0.00000000 0.00000000
0.00000000 0.00000000 0.00000000
0.00000000 0.00000000 0.00000000
0.00000000 0.00000000 0.00000000
0.00000000 0.00000000 0.00000000
0.00000000 0.00000000 0.00000000
0.00000000 0.00000000 0.00000000
0.00000000 0.00000000 0.00000000
0.00000000 0.00000000 0.00000000
0.00000000 0.00000000 0.00000000
0.00000000 0.00000000 0.00000000
0.00000000 0.00000000 0.00000000
0.00000000 0.00000000 0.00000000
0.00000000 0.00000000 0.00000000
0.00000000 0.00000000 0.00000000
0.00000000 0.00000000 0.00000000
0.00000000 0.00000000 0.00000000
0.00000000 0.00000000 0.00000000
0.00000000 0.00000000 0.00000000
0.00000000 0.00000000 0.00000000
0.00000000 0.00000000 0.00000000
0.00000000 0.00000000 0.00000000
0.00000000 0.00000000 0.00000000
0.00000000 0.00000000 0.00000000
0.00000000 0.00000000 0.00000000
0.00000000 0.00000000 0.00000000
0.00000000 0.00000000 0.00000000
0.00000000 0.00000000 0.00000000
0.00000000 0.00000000 0.00000000
0.00000000 0.00000000 0.00000000
0.00000000 0.00000000 0.00000000
0.00000000 0.00000000 0.00000000
0.00000000 0.00000000 0.00000000
0.00000000 0.00000000 0.00000000
0.00000000 0.00000000 0.00000000
0.00000000 0.00000000 0.00000000
0.00000000 0.00000000 0.00000000
0.00000000 0.00000000 0.00000000
0.00000000 0.00000000 0.00000000
0.00000000 0.00000000 0.00000000
0.00000000 0.00000000 0.00000000
0.00000000 0.00000000 0.00000000
0.00000000 0.00000000 0.00000000
0.00000000 0.00000000 0.00000000
0.00000000 0.00000000 0.00000000
0.00000000 0.00000000 0.00000000
0.00000000 0.00000000 0.00000000
0.00000000 0.00000000 0.00000000
0.00000000 0.00000000 0.00000000
0.00000000 0.00000000 0.00000000
0.00000000 0.00000000 0.00000000
0.00000000 0.00000000 0.00000000
0.00000000 0.00000000 0.00000000
0.00000000 0.00000000 0.00000000
0.00000000 0.00000000 0.00000000
0.00000000 0.00000000 0.00000000
0.00000000 0.00000000 0.00000000
0.00000000 0.00000000 0.00000000
0.00000000 0.00000000 0.00000000
0.00000000 0.00000000 0.00000000
0.00000000 0.00000000 0.00000000
0.00000000 0.00000000 0.00000000
0.00000000 0.00000000 0.00000000
0.00000000 0.00000000 0.00000000
0.00000000 0.00000000 0.00000000
0.00000000 0.00000000 0.00000000
0.00000000 0.00000000 0.00000000
0.00000000 0.00000000 0.00000000
0.00000000 0.00000000 0.00000000
0.00000000 0.00000000 0.00000000
0.00000000 0.00000000 0.00000000
0.00000000 0.00000000 0.00000000
0.00000000 0.00000000 0.00000000
0.00000000 0.00000000 0.00000000
0.00000000 0.00000000 0.00000000
0.00000000 0.00000000 0.00000000
0.00000000 0.00000000 0.00000000
0.00000000 0.00000000 0.00000000
0.00000000 0.00000000 0.00000000
0.00000000 0.00000000 0.00000000
0.00000000 0.00000000 0.00000000
0.00000000 0.00000000 0.00000000
0.00000000 0.00000000 0.00000000
0.00000000 0.00000000 0.00000000
0.00000000 0.00000000 0.00000000
0.00000000 0.00000000 0.00000000
0.00000000 0.00000000 0.00000000
0.00000000 0.00000000 0.00000000
0.00000000 0.00000000 0.00000000
0.00000000 0.00000000 0.00000000
0.09369086 -0.00857535 -0.84196122
-0.03290059 -0.03854862 2.05908066
-0.02508691 -0.02994417 2.13869976
-0.04574048 -0.05429668 2.06411822
-0.00874154 -0.05743227 2.09452276
0.00229901 -0.04879013 2.14969815
-0.12358953 -0.04036884 1.99355970
-0.00314180 -0.03343765 2.07866542
-0.18775080 -0.05335306 1.69438080
-0.00673472 -0.03346939 2.13919553
-0.02527560 -0.03348346 2.11205892
-0.01874781 -0.02087483 2.09951924
-0.04721270 0.00160402 2.07637845
-0.03299521 -0.02053571 2.07639909
-0.11529499 -0.02226218 1.80353806
-0.03466054 -0.04837759 1.94013219
-0.00009895 -0.03281705 2.10322503
-0.03035788 -0.01798640 2.11987511
-0.03667504 -0.01349457 2.10691222
-0.09199091 -0.02268652 2.04294534
-0.01457679 -0.01895607 2.01405266
-0.02185580 -0.03960218 2.14258387
-0.02270022 -0.03427757 2.05569856
-0.03527530 -0.02012459 2.02837345
-0.00608004 -0.03002903 2.13476090
-0.01746100 -0.03703804 2.13024232
-0.02411145 -0.03493544 2.05140872
-0.02820390 -0.03805074 2.10357450
-0.04967860 -0.04210077 2.06580385
-0.02178298 -0.04256430 2.10992857
-0.09508839 -0.06434264 1.98637102
-0.00019960 -0.01606696 2.13109188
-0.00908652 -0.03448360 2.12519235
-0.00734299 -0.03755179 2.09504003
-0.03006686 -0.04282566 2.06369901
-0.01039342 -0.04504075 2.05994091
-0.04985734 -0.05391159 1.94625673
-0.03294568 -0.04334885 1.99913126
-0.00389826 -0.02040578 2.12997111
0.00300825 -0.03199953 2.08862000
-0.02490510 -0.03715257 2.09542235
-0.02536913 -0.03571184 2.12407675
-0.07731568 -0.04689693 2.09102293
-0.00906887 -0.02569682 2.07445756
-0.10490867 -0.01275124 1.90537046
-0.02894494 -0.02178711 2.08849613
-0.02303581 -0.00306161 2.07118550
-0.03702220 -0.02450292 2.02948956
-0.02004133 0.00422198 2.10964808
-0.01212233 -0.04179962 2.15772260
-0.00054489 -0.03870969 2.14356702
-0.07201948 -0.03743913 2.07585446
-0.02085261 -0.01997910 2.21529827
-0.15889362 -0.05480802 2.04096284
-0.05421529 -0.03280012 2.13101109
-0.02715162 -0.01164179 2.18790933
0.00758625 -0.02469849 2.17055226
0.02323576 -0.01538800 2.21388417
0.00249122 -0.02651559 2.14779744
-0.03825464 -0.01828361 2.08529355
-0.01189558 -0.02251178 2.09163828
0.02707029 -0.02580094 2.16144778
-0.02701428 -0.04858447 2.10552478
-0.05789961 -0.03406212 2.09737108
-0.02840934 -0.03207040 2.09222974
-0.00002790 -0.05210008 2.18234737
-0.02091447 -0.04058920 2.14408782
0.03109973 -0.02863255 2.16278308
0.06119895 -0.03331979 2.29405683
-0.00304479 -0.04187124 2.09758216
-0.02467653 -0.04384689 2.12196950
-0.01172094 -0.04243024 2.14315604
-0.01879286 -0.04883770 2.15209926
-0.02379934 -0.04390199 2.10014167
-0.04391691 -0.04877386 1.99975990
-0.03309802 -0.04534902 2.09545727
0.01385764 -0.03797897 2.19415236
-0.06977254 -0.05677822 2.10082179
-0.13488740 -0.05479131 1.95765848
-0.02804676 -0.04145752 2.20060406
-0.02266115 -0.05216052 2.10193531
-0.14038092 -0.04530542 1.96170901
-0.07850257 -0.04336451 2.07951242
-0.02999195 -0.01513589 2.18039874
-0.14494257 -0.03128229 1.99529711
-0.01825607 -0.02185754 2.15338553
-0.04840254 -0.04721285 2.11963230
-0.04332167 -0.02965118 1.88562704
0.00095742 -0.01363179 2.26747791
-0.01476025 -0.02723125 2.13154382
-0.09787232 -0.05950773 1.91210372
-0.02306486 -0.03432915 2.16390969
-0.03319554 -0.03471680 2.03565655
-0.03452553 -0.06401010 1.96524316
-0.06343930 -0.03475146 1.98508656
-0.03897669 -0.03513798 2.13342443
-0.04094355 -0.04969869 2.08538910
-0.04582278 -0.03860636 2.11231943
-0.06106164 -0.03047088 2.08358022
0.04054385 -0.01351083 2.29345330
-0.02699861 -0.02921948 2.00060631
0.07487600 0.02748950 2.22346050
0.11635227 -0.02680850 2.26605615
0.02100806 -0.02193430 2.14205235
0.04573900 -0.04780340 2.23408369
0.00384903 -0.02827574 2.08724670
0.02745492 -0.06516334 2.26558352
0.10234107 -0.03156597 2.17930419
0.01602347 -0.01677216 2.28718829
0.01759259 -0.00307428 2.29571359
0.01806396 -0.02069193 2.14027933
0.08001641 -0.00367323 2.09687360
0.02207317 -0.03135213 2.21488265
0.07903651 -0.02571153 2.32278647
0.04141123 0.00594881 2.13284721
-0.03488086 0.01434422 2.07553672
0.02349177 0.01549260 2.50496239
0.05238881 -0.02024360 2.23025276
0.06456632 0.05295644 2.34402448
-0.34102424 0.16488604 2.52249809
0.06460394 -0.09098815 2.24808044
0.04877393 -0.03320958 2.03498998
-0.02512954 0.00881823 2.05643316
-0.04733279 0.00650894 2.03307985
-0.02764822 -0.02978481 2.01096545
-0.02490887 -0.03098806 2.07571667
0.01999881 0.00356086 2.11115379
-0.02272131 -0.02718908 2.08565162
-0.08114845 0.00287933 1.89335359
0.07971527 -0.07813146 2.15590159
0.09270239 -0.05893209 2.31977146
0.04232872 -0.06010276 2.24357824
-0.06780819 0.00977278 2.03437385
-0.10340192 -0.01592081 1.93852787
-0.01219950 -0.03064642 2.18531854
-0.02831980 -0.02156018 2.09165911
-0.00444954 -0.03207784 2.15923040
0.25748218 -0.13245136 2.51237814
0.09902061 0.07516510 2.52682922
-0.00299003 -0.01956900 2.17893309
-0.08409508 -0.00362748 1.99497234
0.00079765 -0.02283236 2.19462871
-0.01914124 -0.05637203 1.93521540
0.00281902 -0.12933128 2.03138472
0.00768535 -0.04884347 2.08412858
-0.01647121 0.00773220 1.87545552
-0.02757648 -0.00699479 1.93708932
-0.02572400 -0.04301189 2.06749474
0.03522246 -0.03214663 2.27695432
-0.08081836 -0.03041992 2.01906912
0.02309245 -0.03621300 2.14843245
0.07466603 -0.04842730 2.18526225
-0.05509946 -0.05247696 2.01642085
0.01197129 -0.05443768 2.12063837
0.06549593 -0.04446513 2.16174144
-0.02442679 -0.02628427 2.10307080
0.07894441 -0.03939795 2.22965277
-0.00353708 -0.03497052 2.13667723
-0.00362834 -0.03000357 2.12813848
-0.02814155 -0.03821399 2.10020131
-0.02132404 -0.02485948 2.05176620
-0.01333564 -0.03458616 2.11872868
-0.02790206 -0.03790034 2.08656570
-0.02514301 -0.03769322 2.09780546
-0.04125904 -0.03464576 2.07867265
-0.02249123 -0.03091473 2.05741041
-0.05779371 -0.02658961 2.03154295
-0.02943140 -0.02203534 2.05910046
-0.00863096 -0.02584287 2.12626450
-0.17008150 -0.03769158 1.98655040
-0.01898231 -0.01960400 2.15718512
0.01899743 -0.01370118 2.11367943
0.00364383 -0.01605752 2.17733516
0.00282490 -0.02690586 2.14116869
0.00145011 -0.03338719 2.04307339
0.00550640 -0.02542299 2.12880821
-0.01242824 -0.02504915 2.10625490
-0.00455853 -0.05271445 2.08523274
-0.00357258 -0.28805438 2.06081382
0.01634979 -0.04442104 2.13558473
-0.02146068 -0.03223014 2.14383986
-0.05883255 -0.01475531 2.03553866
-0.00613963 -0.02550759 2.14086940
-0.00414835 -0.01584532 2.15404877
0.01156029 -0.03753080 2.09952618
-0.02100035 -0.02507624 2.14893020
-0.01176340 -0.01473621 2.15856203
-0.02423728 -0.01014778 2.14750395
-0.00920303 -0.02434890 2.09628474
0.02915353 -0.03222335 2.15309234
-0.00978773 -0.01586039 2.11089152
0.03220558 -0.04242884 2.14105993
0.01605020 -0.01920854 2.13571061
0.00166664 -0.03433015 2.15703219
-0.01403248 -0.04953781 2.09923261
0.00595552 -0.02278511 2.11788887
-0.00826439 -0.01758616 2.14846931
-0.01922148 -0.02064716 2.17247736
0.00008153 -0.03018068 2.10907569
0.04919262 -0.01606464 2.29772878
-0.00182266 -0.02387641 2.07891351
-0.08262979 -0.02226476 2.05681354
-0.04600101 -0.02770213 2.11111901
-0.02714304 -0.04476878 2.07530011
-0.10517477 -0.03697880 2.01354778
-0.07663509 -0.03144726 2.06188435
-0.03531242 -0.02126562 2.08653599
-0.03548493 -0.03839886 2.10803617
-0.07344796 -0.02713886 2.04834532
-0.04539117 -0.03228087 2.10937774
-0.02988540 -0.02972110 2.09558799
-0.02114368 -0.03228927 2.14884850
-0.05204842 -0.02617201 2.06162928
-0.04012543 -0.02285570 2.09559891
-0.02842791 -0.02957903 2.12199279
